<html>
<head>
<!-- Global Site Tag (gtag.js) - Google Analytics -->
<title>2022 MLB Rankings</title>
<script type="text/javascript" src="tabber.js">
</script>
<link href="https://fonts.googleapis.com/css?family=Roboto+Slab|Droid+Sans+Mono" rel="stylesheet">
<style>
 body {
			font-family: "Roboto Slab", serif;
			font-size: 12px;
			}
#data {
			font-family: "Droid Sans Mono", serif;
			font-size: 13px;
		}
</style>
<link rel="stylesheet" href="tabbedPage.css" TYPE="text/css" MEDIA="screen">
</head>
<body bgcolor=#fbeec1>
<hr>
<table width=100%>
<tr><td align=left>
<h1 align="center">2022 MLB Rankings</h1>
</td>
</tr></table>
<p>
Standings through 01.04.23
<hr>
<center>
<table width=100% border=1><tr>
<td valign=top>
<div class="tabber">
<div class="tabbertab" title="Ken Power Index">
<pre><div id=data>

                                           -------Rating----------------  ----Rank----            
Rank Team                            W-L     KRS    SRS    S-Ix   WRS       S    W    SOS
========================================================================================
  1 Dodgers                        112-54   1.000   1.8    1.000  1.000     1    1    29   
  2 Astros                         117-58   0.928   1.3    0.859  0.996     3    2    17   
  3 Yankees                        102-69   0.858   1.5    0.894  0.823     2    4    11   
  4 Mets                           102-63   0.783   0.9    0.723  0.843     5    3    21   
  5 Braves                         102-64   0.771   0.9    0.724  0.818     4    5    26   
  6 Blue Jays                       92-72   0.679   0.7    0.655  0.703     6    6    6    
  7 Phillies                        98-81   0.623   0.5    0.595  0.652     8    8    15   
  8 Mariners                        92-75   0.616   0.5    0.591  0.641     9    10   12   
  9 Cardinals                       93-71   0.613   0.5    0.607  0.619     7    11   30   
 10 Padres                          95-79   0.595   0.3    0.548  0.641     11   9    14   
 11 Guardians                       96-73   0.589   0.3    0.525  0.653     12   7    25   
 12 Rays                            86-78   0.578   0.4    0.575  0.581     10   12   8    
 13 Orioles                         83-79   0.501   0.1    0.462  0.541     14   13   5    
 14 Brewers                         86-76   0.484   0.0    0.455  0.512     15   14   28   
 15 Giants                          81-81   0.473   0.1    0.473  0.473     13   15   19   

                                           -------Rating----------------  ----Rank----            
Rank Team                            W-L     KRS    SRS    S-Ix   WRS       S    W    SOS
========================================================================================
 16 Red Sox                         78-84   0.439   -0.1   0.413  0.466     17   16   2    
 17 Twins                           78-84   0.420   0.0    0.445  0.396     16   18   23   
 18 White Sox                       81-81   0.400   -0.3   0.361  0.440     21   17   24   
 19 Angels                          73-89   0.375   -0.1   0.406  0.344     18   20   4    
 20 Diamondbacks                    74-88   0.369   -0.2   0.383  0.355     20   19   16   
 21 Rangers                         68-94   0.319   -0.1   0.403  0.235     19   24   9    
 22 Cubs                            74-88   0.281   -0.6   0.265  0.296     23   21   27   
 23 Marlins                         69-93   0.277   -0.5   0.294  0.260     22   22   10   
 24 Rockies                         68-94   0.193   -1.0   0.147  0.238     24   23   7    
 25 Tigers                          66-96   0.153   -1.0   0.144  0.162     25   25   18   
 26 Royals                          65-97   0.148   -1.0   0.137  0.160     26   26   13   
 27 Athletics                       60-102  0.112   -1.0   0.128  0.096     27   27   1    
 28 Reds                            62-100  0.093   -1.1   0.108  0.078     28   28   22   
 29 Pirates                         62-100  0.034   -1.4   0.000  0.068     30   29   20   
 30 Nationals                       55-107  0.006   -1.4   0.011  0.000     29   30   3    
</div></pre>
</div>
<div class="tabbertab" title="Points Based">
<pre><div id=data>

                                           -------Rating----------------  ----Rank----            
Rank Team                            W-L     KRS    SRS    S-Ix   WRS       S    W    SOS
========================================================================================
  1 Dodgers                        112-54   1.000   1.8    1.000  1.000     1    1    29   
  2 Yankees                        102-69   0.858   1.5    0.894  0.823     2    4    11   
  3 Astros                         117-58   0.928   1.3    0.859  0.996     3    2    17   
  4 Braves                         102-64   0.771   0.9    0.724  0.818     4    5    26   
  5 Mets                           102-63   0.783   0.9    0.723  0.843     5    3    21   
  6 Blue Jays                       92-72   0.679   0.7    0.655  0.703     6    6    6    
  7 Cardinals                       93-71   0.613   0.5    0.607  0.619     7    11   30   
  8 Phillies                        98-81   0.623   0.5    0.595  0.652     8    8    15   
  9 Mariners                        92-75   0.616   0.5    0.591  0.641     9    10   12   
 10 Rays                            86-78   0.578   0.4    0.575  0.581     10   12   8    
 11 Padres                          95-79   0.595   0.3    0.548  0.641     11   9    14   
 12 Guardians                       96-73   0.589   0.3    0.525  0.653     12   7    25   
 13 Giants                          81-81   0.473   0.1    0.473  0.473     13   15   19   
 14 Orioles                         83-79   0.501   0.1    0.462  0.541     14   13   5    
 15 Brewers                         86-76   0.484   0.0    0.455  0.512     15   14   28   

                                           -------Rating----------------  ----Rank----            
Rank Team                            W-L     KRS    SRS    S-Ix   WRS       S    W    SOS
========================================================================================
 16 Twins                           78-84   0.420   0.0    0.445  0.396     16   18   23   
 17 Red Sox                         78-84   0.439   -0.1   0.413  0.466     17   16   2    
 18 Angels                          73-89   0.375   -0.1   0.406  0.344     18   20   4    
 19 Rangers                         68-94   0.319   -0.1   0.403  0.235     19   24   9    
 20 Diamondbacks                    74-88   0.369   -0.2   0.383  0.355     20   19   16   
 21 White Sox                       81-81   0.400   -0.3   0.361  0.440     21   17   24   
 22 Marlins                         69-93   0.277   -0.5   0.294  0.260     22   22   10   
 23 Cubs                            74-88   0.281   -0.6   0.265  0.296     23   21   27   
 24 Rockies                         68-94   0.193   -1.0   0.147  0.238     24   23   7    
 25 Tigers                          66-96   0.153   -1.0   0.144  0.162     25   25   18   
 26 Royals                          65-97   0.148   -1.0   0.137  0.160     26   26   13   
 27 Athletics                       60-102  0.112   -1.0   0.128  0.096     27   27   1    
 28 Reds                            62-100  0.093   -1.1   0.108  0.078     28   28   22   
 29 Nationals                       55-107  0.006   -1.4   0.011  0.000     29   30   3    
 30 Pirates                         62-100  0.034   -1.4   0.000  0.068     30   29   20   
</div></pre>
</div>
<div class="tabbertab" title="Wins Based">
<pre><div id=data>

                                           -------Rating----------------  ----Rank----            
Rank Team                            W-L     KRS    SRS    S-Ix   WRS       S    W    SOS
========================================================================================
  1 Dodgers                        112-54   1.000   1.8    1.000  1.000     1    1    29   
  2 Astros                         117-58   0.928   1.3    0.859  0.996     3    2    17   
  3 Mets                           102-63   0.783   0.9    0.723  0.843     5    3    21   
  4 Yankees                        102-69   0.858   1.5    0.894  0.823     2    4    11   
  5 Braves                         102-64   0.771   0.9    0.724  0.818     4    5    26   
  6 Blue Jays                       92-72   0.679   0.7    0.655  0.703     6    6    6    
  7 Guardians                       96-73   0.589   0.3    0.525  0.653     12   7    25   
  8 Phillies                        98-81   0.623   0.5    0.595  0.652     8    8    15   
  9 Padres                          95-79   0.595   0.3    0.548  0.641     11   9    14   
 10 Mariners                        92-75   0.616   0.5    0.591  0.641     9    10   12   
 11 Cardinals                       93-71   0.613   0.5    0.607  0.619     7    11   30   
 12 Rays                            86-78   0.578   0.4    0.575  0.581     10   12   8    
 13 Orioles                         83-79   0.501   0.1    0.462  0.541     14   13   5    
 14 Brewers                         86-76   0.484   0.0    0.455  0.512     15   14   28   
 15 Giants                          81-81   0.473   0.1    0.473  0.473     13   15   19   

                                           -------Rating----------------  ----Rank----            
Rank Team                            W-L     KRS    SRS    S-Ix   WRS       S    W    SOS
========================================================================================
 16 Red Sox                         78-84   0.439   -0.1   0.413  0.466     17   16   2    
 17 White Sox                       81-81   0.400   -0.3   0.361  0.440     21   17   24   
 18 Twins                           78-84   0.420   0.0    0.445  0.396     16   18   23   
 19 Diamondbacks                    74-88   0.369   -0.2   0.383  0.355     20   19   16   
 20 Angels                          73-89   0.375   -0.1   0.406  0.344     18   20   4    
 21 Cubs                            74-88   0.281   -0.6   0.265  0.296     23   21   27   
 22 Marlins                         69-93   0.277   -0.5   0.294  0.260     22   22   10   
 23 Rockies                         68-94   0.193   -1.0   0.147  0.238     24   23   7    
 24 Rangers                         68-94   0.319   -0.1   0.403  0.235     19   24   9    
 25 Tigers                          66-96   0.153   -1.0   0.144  0.162     25   25   18   
 26 Royals                          65-97   0.148   -1.0   0.137  0.160     26   26   13   
 27 Athletics                       60-102  0.112   -1.0   0.128  0.096     27   27   1    
 28 Reds                            62-100  0.093   -1.1   0.108  0.078     28   28   22   
 29 Pirates                         62-100  0.034   -1.4   0.000  0.068     30   29   20   
 30 Nationals                       55-107  0.006   -1.4   0.011  0.000     29   30   3    
</div></pre>
</div>
<div class="tabbertab" title="BCS">
<pre><div id=data>

                                           -------Rating----------------  ----Rank----            
Rank Team                            W-L     KRS    SRS    S-Ix   WRS       S    W    SOS
========================================================================================
  1 Dodgers                        112-54   1.000   1.8    1.000  1.000     1    1    29   
  2 Astros                         117-58   0.928   1.3    0.859  0.996     3    2    17   
  3 Yankees                        102-69   0.858   1.5    0.894  0.823     2    4    11   
  4 Mets                           102-63   0.783   0.9    0.723  0.843     5    3    21   
  5 Braves                         102-64   0.771   0.9    0.724  0.818     4    5    26   
  6 Blue Jays                       92-72   0.679   0.7    0.655  0.703     6    6    6    
  7 Phillies                        98-81   0.623   0.5    0.595  0.652     8    8    15   
  8 Mariners                        92-75   0.616   0.5    0.591  0.641     9    10   12   
  9 Cardinals                       93-71   0.613   0.5    0.607  0.619     7    11   30   
 10 Padres                          95-79   0.595   0.3    0.548  0.641     11   9    14   
 11 Guardians                       96-73   0.589   0.3    0.525  0.653     12   7    25   
 12 Rays                            86-78   0.578   0.4    0.575  0.581     10   12   8    
 13 Orioles                         83-79   0.501   0.1    0.462  0.541     14   13   5    
 14 Brewers                         86-76   0.484   0.0    0.455  0.512     15   14   28   
 15 Giants                          81-81   0.473   0.1    0.473  0.473     13   15   19   

                                           -------Rating----------------  ----Rank----            
Rank Team                            W-L     KRS    SRS    S-Ix   WRS       S    W    SOS
========================================================================================
 16 Red Sox                         78-84   0.439   -0.1   0.413  0.466     17   16   2    
 17 Twins                           78-84   0.420   0.0    0.445  0.396     16   18   23   
 18 White Sox                       81-81   0.400   -0.3   0.361  0.440     21   17   24   
 19 Angels                          73-89   0.375   -0.1   0.406  0.344     18   20   4    
 20 Diamondbacks                    74-88   0.369   -0.2   0.383  0.355     20   19   16   
 21 Rangers                         68-94   0.319   -0.1   0.403  0.235     19   24   9    
 22 Cubs                            74-88   0.281   -0.6   0.265  0.296     23   21   27   
 23 Marlins                         69-93   0.277   -0.5   0.294  0.260     22   22   10   
 24 Rockies                         68-94   0.193   -1.0   0.147  0.238     24   23   7    
 25 Tigers                          66-96   0.153   -1.0   0.144  0.162     25   25   18   
 26 Royals                          65-97   0.148   -1.0   0.137  0.160     26   26   13   
 27 Athletics                       60-102  0.112   -1.0   0.128  0.096     27   27   1    
 28 Reds                            62-100  0.093   -1.1   0.108  0.078     28   28   22   
 29 Pirates                         62-100  0.034   -1.4   0.000  0.068     30   29   20   
 30 Nationals                       55-107  0.006   -1.4   0.011  0.000     29   30   3    
</div></pre>
</div>
<div class="tabbertab" title="SOS">
<pre><div id=data>

                                           -------Rating----------------  ----Rank----            
Rank Team                            W-L     KRS    SRS    S-Ix   WRS       S    W    SOS
========================================================================================
  1 Athletics                       60-102  0.112   -1.0   0.128  0.096     27   27   1    
  2 Red Sox                         78-84   0.439   -0.1   0.413  0.466     17   16   2    
  3 Nationals                       55-107  0.006   -1.4   0.011  0.000     29   30   3    
  4 Angels                          73-89   0.375   -0.1   0.406  0.344     18   20   4    
  5 Orioles                         83-79   0.501   0.1    0.462  0.541     14   13   5    
  6 Blue Jays                       92-72   0.679   0.7    0.655  0.703     6    6    6    
  7 Rockies                         68-94   0.193   -1.0   0.147  0.238     24   23   7    
  8 Rays                            86-78   0.578   0.4    0.575  0.581     10   12   8    
  9 Rangers                         68-94   0.319   -0.1   0.403  0.235     19   24   9    
 10 Marlins                         69-93   0.277   -0.5   0.294  0.260     22   22   10   
 11 Yankees                        102-69   0.858   1.5    0.894  0.823     2    4    11   
 12 Mariners                        92-75   0.616   0.5    0.591  0.641     9    10   12   
 13 Royals                          65-97   0.148   -1.0   0.137  0.160     26   26   13   
 14 Padres                          95-79   0.595   0.3    0.548  0.641     11   9    14   
 15 Phillies                        98-81   0.623   0.5    0.595  0.652     8    8    15   

                                           -------Rating----------------  ----Rank----            
Rank Team                            W-L     KRS    SRS    S-Ix   WRS       S    W    SOS
========================================================================================
 16 Diamondbacks                    74-88   0.369   -0.2   0.383  0.355     20   19   16   
 17 Astros                         117-58   0.928   1.3    0.859  0.996     3    2    17   
 18 Tigers                          66-96   0.153   -1.0   0.144  0.162     25   25   18   
 19 Giants                          81-81   0.473   0.1    0.473  0.473     13   15   19   
 20 Pirates                         62-100  0.034   -1.4   0.000  0.068     30   29   20   
 21 Mets                           102-63   0.783   0.9    0.723  0.843     5    3    21   
 22 Reds                            62-100  0.093   -1.1   0.108  0.078     28   28   22   
 23 Twins                           78-84   0.420   0.0    0.445  0.396     16   18   23   
 24 White Sox                       81-81   0.400   -0.3   0.361  0.440     21   17   24   
 25 Guardians                       96-73   0.589   0.3    0.525  0.653     12   7    25   
 26 Braves                         102-64   0.771   0.9    0.724  0.818     4    5    26   
 27 Cubs                            74-88   0.281   -0.6   0.265  0.296     23   21   27   
 28 Brewers                         86-76   0.484   0.0    0.455  0.512     15   14   28   
 29 Dodgers                        112-54   1.000   1.8    1.000  1.000     1    1    29   
 30 Cardinals                       93-71   0.613   0.5    0.607  0.619     7    11   30   
</div></pre>
</div>
	</pre>
	</p>
	</span>
</body>
<body>
<h3>Other links</h3>
<h4>Pro</h4>
	<ul>
			<li class="listyle"><a href="https://2skupz.github.io/nflKpi.html"> NFL</a></li>
			<li class="listyle"><a href="https://2skupz.github.io/nbaKpi.html"> NBA</a></li>
			<li class="listyle"><a href="https://2skupz.github.io/nhlKpi.html"> NHL</a></li>
	</ul>
<h4>Football</h4>
	<ul>
			<li class="listyle"><a href="https://2skupz.github.io/fbD1Rankings.html"> Division I</a></li>
			<li class="listyle"><a href="https://2skupz.github.io/fbFBSRankings.html"> Division I - FBS</a></li>
			<li class="listyle"><a href="https://2skupz.github.io/fbFCSRankings.html"> Division I - FCS</a></li>
			<li class="listyle"><a href="https://2skupz.github.io/fbD2Rankings.html"> Division II</a></li>
			<li class="listyle"><a href="https://2skupz.github.io/fbD3Rankings.html"> Division III</a></li>
	</ul>
<h4>Baseball</h4>
	<ul>
			<li class="listyle"><a href="https://2skupz.github.io/mlbPlayoffOdds.html"> MLB Playoff Odds</a></li>
			<li class="listyle"><a href="https://2skupz.github.io/baseD1Rankings.html"> Division 1</a></li>
			<li class="listyle"><a href="https://2skupz.github.io/baseD1Rankings.html"> Division 2</a></li>
			<li class="listyle"><a href="https://2skupz.github.io/baseD1Rankings.html"> Division 3</a></li>
	</ul>
<h4>Men's College Basketball</h4>
	<ul>
			<li class="listyle"><a href="https://2skupz.github.io/d1MbbRankings.html"> Division 1</a></li>
			<li class="listyle"><a href="https://2skupz.github.io/d2MbbRankings.html"> Division 2</a></li>
			<li class="listyle"><a href="https://2skupz.github.io/d3MbbRankings.html"> Division 3</a></li>
			<li class="listyle"><a href="https://2skupz.github.io/uSportMbbRankings.html"> U Sports</a></li>
	</ul>
<h4>Women's College Basketball</h4>
	<ul>
			<li class="listyle"><a href="https://2skupz.github.io/d1WbbRankings.html"> Division 1</a></li>
			<li class="listyle"><a href="https://2skupz.github.io/d2WbbRankings.html"> Division 2</a></li>
			<li class="listyle"><a href="https://2skupz.github.io/d3WbbRankings.html"> Division 3</a></li>
			<li class="listyle"><a href="https://2skupz.github.io/uSportsWbbRankings.html"> U Sports</a></li>
	</ul>
</body>
