<html>
<head>
<!-- Global Site Tag (gtag.js) - Google Analytics -->
<title>2023 NBA Rankings</title>
<script type="text/javascript" src="tabber.js">
</script>
<link href="https://fonts.googleapis.com/css?family=Roboto+Slab|Droid+Sans+Mono" rel="stylesheet">
<style>
 body {
			font-family: "Roboto Slab", serif;
			font-size: 12px;
			}
#data {
			font-family: "Droid Sans Mono", serif;
			font-size: 13px;
		}
</style>
<link rel="stylesheet" href="tabbedPage.css" TYPE="text/css" MEDIA="screen">
</head>
<body bgcolor=#fbeec1>
<hr>
<table width=100%>
<tr><td align=left>
<h1 align="center">2023 NBA Rankings</h1>
</td>
</tr></table>
<p>
Standings through 04.11.23
<hr>
<center>
<table width=100% border=1><tr>
<td valign=top>
<div class="tabber">
<div class="tabbertab" title="Ken Power Index">
<pre><div id=data>

                                           -------Rating----------------  ----Rank----            
Rank Team                            W-L     KRS    SRS    S-Ix   WRS       S    W    SOS
========================================================================================
  1 Boston                          57-25   0.987   6.4    1.000  0.974     1    2    20   
  2 Milwaukee                       58-24   0.915   3.6    0.829  1.000     4    1    17   
  3 Philadelphia                    54-28   0.893   4.4    0.876  0.910     3    3    13   
  4 Cleveland                       51-31   0.878   5.2    0.929  0.827     2    5    21   
  5 Denver                          53-29   0.828   3.0    0.794  0.862     6    4    28   
  6 Memphis                         51-31   0.820   3.6    0.828  0.811     5    6    29   
  7 New York                        47-35   0.763   3.0    0.791  0.734     7    8    12   
  8 Sacramento                      48-34   0.743   2.3    0.748  0.738     8    7    30   

                                           -------Rating----------------  ----Rank----            
Rank Team                            W-L     KRS    SRS    S-Ix   WRS       S    W    SOS
========================================================================================
  9 Phoenix                         45-37   0.708   2.1    0.735  0.682     9    10   16   
 10 Brooklyn                        45-37   0.680   1.0    0.670  0.689     14   9    7    
 11 Golden State                    44-38   0.678   1.7    0.708  0.647     10   12   22   
 12 New Orleans                     42-40   0.650   1.6    0.707  0.593     11   16   27   
 13 Toronto                         41-41   0.647   1.6    0.704  0.591     12   17   10   
 14 LA Lakers                       44-39   0.635   0.5    0.636  0.633     16   14   23   
 15 LA Clippers                     44-38   0.634   0.3    0.625  0.643     18   13   25   
 16 Chicago                         40-42   0.626   1.4    0.691  0.562     13   19   11   

                                           -------Rating----------------  ----Rank----            
Rank Team                            W-L     KRS    SRS    S-Ix   WRS       S    W    SOS
========================================================================================
 17 Miami                           44-39   0.620   -0.3   0.591  0.649     20   11   6    
 18 Atlanta                         42-41   0.614   0.4    0.633  0.594     17   15   15   
 19 Oklahoma City                   40-42   0.608   1.0    0.666  0.550     15   20   19   
 20 Minnesota                       42-41   0.586   -0.3   0.589  0.582     21   18   24   
 21 Dallas                          38-44   0.546   -0.1   0.597  0.495     19   21   26   
 22 Utah                            37-45   0.509   -1.0   0.543  0.476     22   22   18   
 23 Washington                      35-47   0.491   -1.1   0.541  0.441     23   23   9    
 24 Orlando                         34-48   0.434   -2.4   0.459  0.410     24   25   8    

                                           -------Rating----------------  ----Rank----            
Rank Team                            W-L     KRS    SRS    S-Ix   WRS       S    W    SOS
========================================================================================
 25 Indiana                         35-47   0.434   -2.9   0.427  0.441     25   24   3    
 26 Portland                        33-49   0.369   -4.0   0.361  0.377     26   26   14   
 27 Charlotte                       27-55   0.241   -5.9   0.243  0.238     27   27   2    
 28 Houston                         22-60   0.123   -7.6   0.136  0.110     28   28   4    
 29 Detroit                         17-65   0.065   -7.7   0.129  0.000     29   30   1    
 30 San Antonio                     22-60   0.052   -9.8   0.000  0.104     30   29   5    
</div></pre>
</div>
<div class="tabbertab" title="Points Based">
<pre><div id=data>

                                           -------Rating----------------  ----Rank----            
Rank Team                            W-L     KRS    SRS    S-Ix   WRS       S    W    SOS
========================================================================================
  1 Boston                          57-25   0.987   6.4    1.000  0.974     1    2    20   
  2 Cleveland                       51-31   0.878   5.2    0.929  0.827     2    5    21   
  3 Philadelphia                    54-28   0.893   4.4    0.876  0.910     3    3    13   
  4 Milwaukee                       58-24   0.915   3.6    0.829  1.000     4    1    17   
  5 Memphis                         51-31   0.820   3.6    0.828  0.811     5    6    29   
  6 Denver                          53-29   0.828   3.0    0.794  0.862     6    4    28   
  7 New York                        47-35   0.763   3.0    0.791  0.734     7    8    12   
  8 Sacramento                      48-34   0.743   2.3    0.748  0.738     8    7    30   

                                           -------Rating----------------  ----Rank----            
Rank Team                            W-L     KRS    SRS    S-Ix   WRS       S    W    SOS
========================================================================================
  9 Phoenix                         45-37   0.708   2.1    0.735  0.682     9    10   16   
 10 Golden State                    44-38   0.678   1.7    0.708  0.647     10   12   22   
 11 New Orleans                     42-40   0.650   1.6    0.707  0.593     11   16   27   
 12 Toronto                         41-41   0.647   1.6    0.704  0.591     12   17   10   
 13 Chicago                         40-42   0.626   1.4    0.691  0.562     13   19   11   
 14 Brooklyn                        45-37   0.680   1.0    0.670  0.689     14   9    7    
 15 Oklahoma City                   40-42   0.608   1.0    0.666  0.550     15   20   19   
 16 LA Lakers                       44-39   0.635   0.5    0.636  0.633     16   14   23   

                                           -------Rating----------------  ----Rank----            
Rank Team                            W-L     KRS    SRS    S-Ix   WRS       S    W    SOS
========================================================================================
 17 Atlanta                         42-41   0.614   0.4    0.633  0.594     17   15   15   
 18 LA Clippers                     44-38   0.634   0.3    0.625  0.643     18   13   25   
 19 Dallas                          38-44   0.546   -0.1   0.597  0.495     19   21   26   
 20 Miami                           44-39   0.620   -0.3   0.591  0.649     20   11   6    
 21 Minnesota                       42-41   0.586   -0.3   0.589  0.582     21   18   24   
 22 Utah                            37-45   0.509   -1.0   0.543  0.476     22   22   18   
 23 Washington                      35-47   0.491   -1.1   0.541  0.441     23   23   9    
 24 Orlando                         34-48   0.434   -2.4   0.459  0.410     24   25   8    

                                           -------Rating----------------  ----Rank----            
Rank Team                            W-L     KRS    SRS    S-Ix   WRS       S    W    SOS
========================================================================================
 25 Indiana                         35-47   0.434   -2.9   0.427  0.441     25   24   3    
 26 Portland                        33-49   0.369   -4.0   0.361  0.377     26   26   14   
 27 Charlotte                       27-55   0.241   -5.9   0.243  0.238     27   27   2    
 28 Houston                         22-60   0.123   -7.6   0.136  0.110     28   28   4    
 29 Detroit                         17-65   0.065   -7.7   0.129  0.000     29   30   1    
 30 San Antonio                     22-60   0.052   -9.8   0.000  0.104     30   29   5    
</div></pre>
</div>
<div class="tabbertab" title="Wins Based">
<pre><div id=data>

                                           -------Rating----------------  ----Rank----            
Rank Team                            W-L     KRS    SRS    S-Ix   WRS       S    W    SOS
========================================================================================
  1 Milwaukee                       58-24   0.915   3.6    0.829  1.000     4    1    17   
  2 Boston                          57-25   0.987   6.4    1.000  0.974     1    2    20   
  3 Philadelphia                    54-28   0.893   4.4    0.876  0.910     3    3    13   
  4 Denver                          53-29   0.828   3.0    0.794  0.862     6    4    28   
  5 Cleveland                       51-31   0.878   5.2    0.929  0.827     2    5    21   
  6 Memphis                         51-31   0.820   3.6    0.828  0.811     5    6    29   
  7 Sacramento                      48-34   0.743   2.3    0.748  0.738     8    7    30   
  8 New York                        47-35   0.763   3.0    0.791  0.734     7    8    12   

                                           -------Rating----------------  ----Rank----            
Rank Team                            W-L     KRS    SRS    S-Ix   WRS       S    W    SOS
========================================================================================
  9 Brooklyn                        45-37   0.680   1.0    0.670  0.689     14   9    7    
 10 Phoenix                         45-37   0.708   2.1    0.735  0.682     9    10   16   
 11 Miami                           44-39   0.620   -0.3   0.591  0.649     20   11   6    
 12 Golden State                    44-38   0.678   1.7    0.708  0.647     10   12   22   
 13 LA Clippers                     44-38   0.634   0.3    0.625  0.643     18   13   25   
 14 LA Lakers                       44-39   0.635   0.5    0.636  0.633     16   14   23   
 15 Atlanta                         42-41   0.614   0.4    0.633  0.594     17   15   15   
 16 New Orleans                     42-40   0.650   1.6    0.707  0.593     11   16   27   

                                           -------Rating----------------  ----Rank----            
Rank Team                            W-L     KRS    SRS    S-Ix   WRS       S    W    SOS
========================================================================================
 17 Toronto                         41-41   0.647   1.6    0.704  0.591     12   17   10   
 18 Minnesota                       42-41   0.586   -0.3   0.589  0.582     21   18   24   
 19 Chicago                         40-42   0.626   1.4    0.691  0.562     13   19   11   
 20 Oklahoma City                   40-42   0.608   1.0    0.666  0.550     15   20   19   
 21 Dallas                          38-44   0.546   -0.1   0.597  0.495     19   21   26   
 22 Utah                            37-45   0.509   -1.0   0.543  0.476     22   22   18   
 23 Washington                      35-47   0.491   -1.1   0.541  0.441     23   23   9    
 24 Indiana                         35-47   0.434   -2.9   0.427  0.441     25   24   3    

                                           -------Rating----------------  ----Rank----            
Rank Team                            W-L     KRS    SRS    S-Ix   WRS       S    W    SOS
========================================================================================
 25 Orlando                         34-48   0.434   -2.4   0.459  0.410     24   25   8    
 26 Portland                        33-49   0.369   -4.0   0.361  0.377     26   26   14   
 27 Charlotte                       27-55   0.241   -5.9   0.243  0.238     27   27   2    
 28 Houston                         22-60   0.123   -7.6   0.136  0.110     28   28   4    
 29 San Antonio                     22-60   0.052   -9.8   0.000  0.104     30   29   5    
 30 Detroit                         17-65   0.065   -7.7   0.129  0.000     29   30   1    
</div></pre>
</div>
<div class="tabbertab" title="BCS">
<pre><div id=data>

                                           -------Rating----------------  ----Rank----            
Rank Team                            W-L     KRS    SRS    S-Ix   WRS       S    W    SOS
========================================================================================
  1 Boston                          57-25   0.987   6.4    1.000  0.974     1    2    20   
  2 Milwaukee                       58-24   0.915   3.6    0.829  1.000     4    1    17   
  3 Philadelphia                    54-28   0.893   4.4    0.876  0.910     3    3    13   
  4 Cleveland                       51-31   0.878   5.2    0.929  0.827     2    5    21   
  5 Denver                          53-29   0.828   3.0    0.794  0.862     6    4    28   
  6 Memphis                         51-31   0.820   3.6    0.828  0.811     5    6    29   
  7 New York                        47-35   0.763   3.0    0.791  0.734     7    8    12   
  8 Sacramento                      48-34   0.743   2.3    0.748  0.738     8    7    30   

                                           -------Rating----------------  ----Rank----            
Rank Team                            W-L     KRS    SRS    S-Ix   WRS       S    W    SOS
========================================================================================
  9 Phoenix                         45-37   0.708   2.1    0.735  0.682     9    10   16   
 10 Brooklyn                        45-37   0.680   1.0    0.670  0.689     14   9    7    
 11 Golden State                    44-38   0.678   1.7    0.708  0.647     10   12   22   
 12 New Orleans                     42-40   0.650   1.6    0.707  0.593     11   16   27   
 13 Toronto                         41-41   0.647   1.6    0.704  0.591     12   17   10   
 14 LA Lakers                       44-39   0.635   0.5    0.636  0.633     16   14   23   
 15 LA Clippers                     44-38   0.634   0.3    0.625  0.643     18   13   25   
 16 Chicago                         40-42   0.626   1.4    0.691  0.562     13   19   11   

                                           -------Rating----------------  ----Rank----            
Rank Team                            W-L     KRS    SRS    S-Ix   WRS       S    W    SOS
========================================================================================
 17 Miami                           44-39   0.620   -0.3   0.591  0.649     20   11   6    
 18 Atlanta                         42-41   0.614   0.4    0.633  0.594     17   15   15   
 19 Oklahoma City                   40-42   0.608   1.0    0.666  0.550     15   20   19   
 20 Minnesota                       42-41   0.586   -0.3   0.589  0.582     21   18   24   
 21 Dallas                          38-44   0.546   -0.1   0.597  0.495     19   21   26   
 22 Utah                            37-45   0.509   -1.0   0.543  0.476     22   22   18   
 23 Washington                      35-47   0.491   -1.1   0.541  0.441     23   23   9    
 24 Orlando                         34-48   0.434   -2.4   0.459  0.410     24   25   8    

                                           -------Rating----------------  ----Rank----            
Rank Team                            W-L     KRS    SRS    S-Ix   WRS       S    W    SOS
========================================================================================
 25 Indiana                         35-47   0.434   -2.9   0.427  0.441     25   24   3    
 26 Portland                        33-49   0.369   -4.0   0.361  0.377     26   26   14   
 27 Charlotte                       27-55   0.241   -5.9   0.243  0.238     27   27   2    
 28 Houston                         22-60   0.123   -7.6   0.136  0.110     28   28   4    
 29 Detroit                         17-65   0.065   -7.7   0.129  0.000     29   30   1    
 30 San Antonio                     22-60   0.052   -9.8   0.000  0.104     30   29   5    
</div></pre>
</div>
<div class="tabbertab" title="SOS">
<pre><div id=data>

                                           -------Rating----------------  ----Rank----            
Rank Team                            W-L     KRS    SRS    S-Ix   WRS       S    W    SOS
========================================================================================
  1 Detroit                         17-65   0.065   -7.7   0.129  0.000     29   30   1    
  2 Charlotte                       27-55   0.241   -5.9   0.243  0.238     27   27   2    
  3 Indiana                         35-47   0.434   -2.9   0.427  0.441     25   24   3    
  4 Houston                         22-60   0.123   -7.6   0.136  0.110     28   28   4    
  5 San Antonio                     22-60   0.052   -9.8   0.000  0.104     30   29   5    
  6 Miami                           44-39   0.620   -0.3   0.591  0.649     20   11   6    
  7 Brooklyn                        45-37   0.680   1.0    0.670  0.689     14   9    7    
  8 Orlando                         34-48   0.434   -2.4   0.459  0.410     24   25   8    

                                           -------Rating----------------  ----Rank----            
Rank Team                            W-L     KRS    SRS    S-Ix   WRS       S    W    SOS
========================================================================================
  9 Washington                      35-47   0.491   -1.1   0.541  0.441     23   23   9    
 10 Toronto                         41-41   0.647   1.6    0.704  0.591     12   17   10   
 11 Chicago                         40-42   0.626   1.4    0.691  0.562     13   19   11   
 12 New York                        47-35   0.763   3.0    0.791  0.734     7    8    12   
 13 Philadelphia                    54-28   0.893   4.4    0.876  0.910     3    3    13   
 14 Portland                        33-49   0.369   -4.0   0.361  0.377     26   26   14   
 15 Atlanta                         42-41   0.614   0.4    0.633  0.594     17   15   15   
 16 Phoenix                         45-37   0.708   2.1    0.735  0.682     9    10   16   

                                           -------Rating----------------  ----Rank----            
Rank Team                            W-L     KRS    SRS    S-Ix   WRS       S    W    SOS
========================================================================================
 17 Milwaukee                       58-24   0.915   3.6    0.829  1.000     4    1    17   
 18 Utah                            37-45   0.509   -1.0   0.543  0.476     22   22   18   
 19 Oklahoma City                   40-42   0.608   1.0    0.666  0.550     15   20   19   
 20 Boston                          57-25   0.987   6.4    1.000  0.974     1    2    20   
 21 Cleveland                       51-31   0.878   5.2    0.929  0.827     2    5    21   
 22 Golden State                    44-38   0.678   1.7    0.708  0.647     10   12   22   
 23 LA Lakers                       44-39   0.635   0.5    0.636  0.633     16   14   23   
 24 Minnesota                       42-41   0.586   -0.3   0.589  0.582     21   18   24   

                                           -------Rating----------------  ----Rank----            
Rank Team                            W-L     KRS    SRS    S-Ix   WRS       S    W    SOS
========================================================================================
 25 LA Clippers                     44-38   0.634   0.3    0.625  0.643     18   13   25   
 26 Dallas                          38-44   0.546   -0.1   0.597  0.495     19   21   26   
 27 New Orleans                     42-40   0.650   1.6    0.707  0.593     11   16   27   
 28 Denver                          53-29   0.828   3.0    0.794  0.862     6    4    28   
 29 Memphis                         51-31   0.820   3.6    0.828  0.811     5    6    29   
 30 Sacramento                      48-34   0.743   2.3    0.748  0.738     8    7    30   
</div></pre>
</div>
	</pre>
	</p>
	</span>
</body>
<body>
<h3>Other links</h3>
<h4>Home</h4>
	<ul>
			<li class="listyle"><a href="https://2skupz.github.io/index.html"> Index</a></li>
	</ul>
</body>
