<html>
<head>
<!-- Global Site Tag (gtag.js) - Google Analytics -->
<title>2023 NBA Rankings</title>
<script type="text/javascript" src="tabber.js">
</script>
<link href="https://fonts.googleapis.com/css?family=Roboto+Slab|Droid+Sans+Mono" rel="stylesheet">
<style>
 body {
			font-family: "Roboto Slab", serif;
			font-size: 12px;
			}
#data {
			font-family: "Droid Sans Mono", serif;
			font-size: 13px;
		}
</style>
<link rel="stylesheet" href="tabbedPage.css" TYPE="text/css" MEDIA="screen">
</head>
<body bgcolor=#fbeec1>
<hr>
<table width=100%>
<tr><td align=left>
<h1 align="center">2023 NBA Rankings</h1>
</td>
</tr></table>
<p>
Standings through 03.22.23
<hr>
<center>
<table width=100% border=1><tr>
<td valign=top>
<div class="tabber">
<div class="tabbertab" title="Ken Power Index">
<pre><div id=data>

                                           -------Rating----------------  ----Rank----            
Rank Team                            W-L     KRS    SRS    S-Ix   WRS       S    W    SOS
========================================================================================
  1 Boston                          50-23   0.961   5.5    0.994  0.929     2    2    20   
  2 Milwaukee                       52-20   0.954   4.2    0.908  1.000     4    1    22   
  3 Philadelphia                    49-23   0.937   5.0    0.962  0.912     3    3    25   
  4 Cleveland                       46-28   0.907   5.6    1.000  0.815     1    5    13   
  5 Denver                          49-24   0.870   3.5    0.862  0.878     6    4    30   
  6 Memphis                         45-27   0.832   3.6    0.870  0.794     5    6    28   
  7 New York                        42-32   0.764   2.8    0.821  0.708     7    8    8    
  8 Sacramento                      43-29   0.756   2.1    0.773  0.738     8    7    26   

                                           -------Rating----------------  ----Rank----            
Rank Team                            W-L     KRS    SRS    S-Ix   WRS       S    W    SOS
========================================================================================
  9 Brooklyn                        39-33   0.674   0.8    0.688  0.661     13   9    2    
 10 Phoenix                         38-34   0.670   1.5    0.736  0.604     9    11   17   
 11 Oklahoma City                   36-36   0.646   1.5    0.734  0.557     10   14   14   
 12 Miami                           40-34   0.637   -0.2   0.625  0.648     19   10   7    
 13 Golden State                    38-36   0.613   0.3    0.656  0.570     16   13   21   
 14 Toronto                         35-38   0.607   0.8    0.692  0.522     12   19   10   
 15 LA Clippers                     38-35   0.605   -0.1   0.631  0.579     18   12   29   
 16 Chicago                         34-38   0.603   0.9    0.693  0.512     11   20   5    

                                           -------Rating----------------  ----Rank----            
Rank Team                            W-L     KRS    SRS    S-Ix   WRS       S    W    SOS
========================================================================================
 17 Dallas                          36-37   0.600   0.4    0.665  0.535     15   17   15   
 18 New Orleans                     35-37   0.595   0.7    0.684  0.506     14   22   27   
 19 Minnesota                       37-37   0.581   -0.3   0.615  0.547     22   15   19   
 20 Atlanta                         36-37   0.581   -0.1   0.633  0.529     17   18   23   
 21 LA Lakers                       36-37   0.579   -0.3   0.619  0.540     21   16   18   
 22 Utah                            35-37   0.564   -0.3   0.620  0.508     20   21   24   
 23 Washington                      32-41   0.514   -0.8   0.587  0.441     23   24   4    
 24 Portland                        32-40   0.479   -1.7   0.525  0.433     24   25   16   

                                           -------Rating----------------  ----Rank----            
Rank Team                            W-L     KRS    SRS    S-Ix   WRS       S    W    SOS
========================================================================================
 25 Indiana                         33-40   0.475   -2.2   0.492  0.458     25   23   11   
 26 Orlando                         30-43   0.417   -2.7   0.465  0.370     26   26   12   
 27 Charlotte                       23-50   0.224   -5.8   0.260  0.189     27   27   3    
 28 Houston                         18-55   0.092   -7.6   0.147  0.038     29   29   6    
 29 Detroit                         16-57   0.082   -7.3   0.164  0.000     28   30   1    
 30 San Antonio                     19-54   0.028   -9.8   0.000  0.055     30   28   9    
</div></pre>
</div>
<div class="tabbertab" title="Points Based">
<pre><div id=data>

                                           -------Rating----------------  ----Rank----            
Rank Team                            W-L     KRS    SRS    S-Ix   WRS       S    W    SOS
========================================================================================
  1 Cleveland                       46-28   0.907   5.6    1.000  0.815     1    5    13   
  2 Boston                          50-23   0.961   5.5    0.994  0.929     2    2    20   
  3 Philadelphia                    49-23   0.937   5.0    0.962  0.912     3    3    25   
  4 Milwaukee                       52-20   0.954   4.2    0.908  1.000     4    1    22   
  5 Memphis                         45-27   0.832   3.6    0.870  0.794     5    6    28   
  6 Denver                          49-24   0.870   3.5    0.862  0.878     6    4    30   
  7 New York                        42-32   0.764   2.8    0.821  0.708     7    8    8    
  8 Sacramento                      43-29   0.756   2.1    0.773  0.738     8    7    26   

                                           -------Rating----------------  ----Rank----            
Rank Team                            W-L     KRS    SRS    S-Ix   WRS       S    W    SOS
========================================================================================
  9 Phoenix                         38-34   0.670   1.5    0.736  0.604     9    11   17   
 10 Oklahoma City                   36-36   0.646   1.5    0.734  0.557     10   14   14   
 11 Chicago                         34-38   0.603   0.9    0.693  0.512     11   20   5    
 12 Toronto                         35-38   0.607   0.8    0.692  0.522     12   19   10   
 13 Brooklyn                        39-33   0.674   0.8    0.688  0.661     13   9    2    
 14 New Orleans                     35-37   0.595   0.7    0.684  0.506     14   22   27   
 15 Dallas                          36-37   0.600   0.4    0.665  0.535     15   17   15   
 16 Golden State                    38-36   0.613   0.3    0.656  0.570     16   13   21   

                                           -------Rating----------------  ----Rank----            
Rank Team                            W-L     KRS    SRS    S-Ix   WRS       S    W    SOS
========================================================================================
 17 Atlanta                         36-37   0.581   -0.1   0.633  0.529     17   18   23   
 18 LA Clippers                     38-35   0.605   -0.1   0.631  0.579     18   12   29   
 19 Miami                           40-34   0.637   -0.2   0.625  0.648     19   10   7    
 20 Utah                            35-37   0.564   -0.3   0.620  0.508     20   21   24   
 21 LA Lakers                       36-37   0.579   -0.3   0.619  0.540     21   16   18   
 22 Minnesota                       37-37   0.581   -0.3   0.615  0.547     22   15   19   
 23 Washington                      32-41   0.514   -0.8   0.587  0.441     23   24   4    
 24 Portland                        32-40   0.479   -1.7   0.525  0.433     24   25   16   

                                           -------Rating----------------  ----Rank----            
Rank Team                            W-L     KRS    SRS    S-Ix   WRS       S    W    SOS
========================================================================================
 25 Indiana                         33-40   0.475   -2.2   0.492  0.458     25   23   11   
 26 Orlando                         30-43   0.417   -2.7   0.465  0.370     26   26   12   
 27 Charlotte                       23-50   0.224   -5.8   0.260  0.189     27   27   3    
 28 Detroit                         16-57   0.082   -7.3   0.164  0.000     28   30   1    
 29 Houston                         18-55   0.092   -7.6   0.147  0.038     29   29   6    
 30 San Antonio                     19-54   0.028   -9.8   0.000  0.055     30   28   9    
</div></pre>
</div>
<div class="tabbertab" title="Wins Based">
<pre><div id=data>

                                           -------Rating----------------  ----Rank----            
Rank Team                            W-L     KRS    SRS    S-Ix   WRS       S    W    SOS
========================================================================================
  1 Milwaukee                       52-20   0.954   4.2    0.908  1.000     4    1    22   
  2 Boston                          50-23   0.961   5.5    0.994  0.929     2    2    20   
  3 Philadelphia                    49-23   0.937   5.0    0.962  0.912     3    3    25   
  4 Denver                          49-24   0.870   3.5    0.862  0.878     6    4    30   
  5 Cleveland                       46-28   0.907   5.6    1.000  0.815     1    5    13   
  6 Memphis                         45-27   0.832   3.6    0.870  0.794     5    6    28   
  7 Sacramento                      43-29   0.756   2.1    0.773  0.738     8    7    26   
  8 New York                        42-32   0.764   2.8    0.821  0.708     7    8    8    

                                           -------Rating----------------  ----Rank----            
Rank Team                            W-L     KRS    SRS    S-Ix   WRS       S    W    SOS
========================================================================================
  9 Brooklyn                        39-33   0.674   0.8    0.688  0.661     13   9    2    
 10 Miami                           40-34   0.637   -0.2   0.625  0.648     19   10   7    
 11 Phoenix                         38-34   0.670   1.5    0.736  0.604     9    11   17   
 12 LA Clippers                     38-35   0.605   -0.1   0.631  0.579     18   12   29   
 13 Golden State                    38-36   0.613   0.3    0.656  0.570     16   13   21   
 14 Oklahoma City                   36-36   0.646   1.5    0.734  0.557     10   14   14   
 15 Minnesota                       37-37   0.581   -0.3   0.615  0.547     22   15   19   
 16 LA Lakers                       36-37   0.579   -0.3   0.619  0.540     21   16   18   

                                           -------Rating----------------  ----Rank----            
Rank Team                            W-L     KRS    SRS    S-Ix   WRS       S    W    SOS
========================================================================================
 17 Dallas                          36-37   0.600   0.4    0.665  0.535     15   17   15   
 18 Atlanta                         36-37   0.581   -0.1   0.633  0.529     17   18   23   
 19 Toronto                         35-38   0.607   0.8    0.692  0.522     12   19   10   
 20 Chicago                         34-38   0.603   0.9    0.693  0.512     11   20   5    
 21 Utah                            35-37   0.564   -0.3   0.620  0.508     20   21   24   
 22 New Orleans                     35-37   0.595   0.7    0.684  0.506     14   22   27   
 23 Indiana                         33-40   0.475   -2.2   0.492  0.458     25   23   11   
 24 Washington                      32-41   0.514   -0.8   0.587  0.441     23   24   4    

                                           -------Rating----------------  ----Rank----            
Rank Team                            W-L     KRS    SRS    S-Ix   WRS       S    W    SOS
========================================================================================
 25 Portland                        32-40   0.479   -1.7   0.525  0.433     24   25   16   
 26 Orlando                         30-43   0.417   -2.7   0.465  0.370     26   26   12   
 27 Charlotte                       23-50   0.224   -5.8   0.260  0.189     27   27   3    
 28 San Antonio                     19-54   0.028   -9.8   0.000  0.055     30   28   9    
 29 Houston                         18-55   0.092   -7.6   0.147  0.038     29   29   6    
 30 Detroit                         16-57   0.082   -7.3   0.164  0.000     28   30   1    
</div></pre>
</div>
<div class="tabbertab" title="BCS">
<pre><div id=data>

                                           -------Rating----------------  ----Rank----            
Rank Team                            W-L     KRS    SRS    S-Ix   WRS       S    W    SOS
========================================================================================
  1 Boston                          50-23   0.961   5.5    0.994  0.929     2    2    20   
  2 Milwaukee                       52-20   0.954   4.2    0.908  1.000     4    1    22   
  3 Philadelphia                    49-23   0.937   5.0    0.962  0.912     3    3    25   
  4 Cleveland                       46-28   0.907   5.6    1.000  0.815     1    5    13   
  5 Denver                          49-24   0.870   3.5    0.862  0.878     6    4    30   
  6 Memphis                         45-27   0.832   3.6    0.870  0.794     5    6    28   
  7 New York                        42-32   0.764   2.8    0.821  0.708     7    8    8    
  8 Sacramento                      43-29   0.756   2.1    0.773  0.738     8    7    26   

                                           -------Rating----------------  ----Rank----            
Rank Team                            W-L     KRS    SRS    S-Ix   WRS       S    W    SOS
========================================================================================
  9 Brooklyn                        39-33   0.674   0.8    0.688  0.661     13   9    2    
 10 Phoenix                         38-34   0.670   1.5    0.736  0.604     9    11   17   
 11 Oklahoma City                   36-36   0.646   1.5    0.734  0.557     10   14   14   
 12 Miami                           40-34   0.637   -0.2   0.625  0.648     19   10   7    
 13 Golden State                    38-36   0.613   0.3    0.656  0.570     16   13   21   
 14 Toronto                         35-38   0.607   0.8    0.692  0.522     12   19   10   
 15 LA Clippers                     38-35   0.605   -0.1   0.631  0.579     18   12   29   
 16 Chicago                         34-38   0.603   0.9    0.693  0.512     11   20   5    

                                           -------Rating----------------  ----Rank----            
Rank Team                            W-L     KRS    SRS    S-Ix   WRS       S    W    SOS
========================================================================================
 17 Dallas                          36-37   0.600   0.4    0.665  0.535     15   17   15   
 18 New Orleans                     35-37   0.595   0.7    0.684  0.506     14   22   27   
 19 Minnesota                       37-37   0.581   -0.3   0.615  0.547     22   15   19   
 20 Atlanta                         36-37   0.581   -0.1   0.633  0.529     17   18   23   
 21 LA Lakers                       36-37   0.579   -0.3   0.619  0.540     21   16   18   
 22 Utah                            35-37   0.564   -0.3   0.620  0.508     20   21   24   
 23 Washington                      32-41   0.514   -0.8   0.587  0.441     23   24   4    
 24 Portland                        32-40   0.479   -1.7   0.525  0.433     24   25   16   

                                           -------Rating----------------  ----Rank----            
Rank Team                            W-L     KRS    SRS    S-Ix   WRS       S    W    SOS
========================================================================================
 25 Indiana                         33-40   0.475   -2.2   0.492  0.458     25   23   11   
 26 Orlando                         30-43   0.417   -2.7   0.465  0.370     26   26   12   
 27 Charlotte                       23-50   0.224   -5.8   0.260  0.189     27   27   3    
 28 Houston                         18-55   0.092   -7.6   0.147  0.038     29   29   6    
 29 Detroit                         16-57   0.082   -7.3   0.164  0.000     28   30   1    
 30 San Antonio                     19-54   0.028   -9.8   0.000  0.055     30   28   9    
</div></pre>
</div>
<div class="tabbertab" title="SOS">
<pre><div id=data>

                                           -------Rating----------------  ----Rank----            
Rank Team                            W-L     KRS    SRS    S-Ix   WRS       S    W    SOS
========================================================================================
  1 Detroit                         16-57   0.082   -7.3   0.164  0.000     28   30   1    
  2 Brooklyn                        39-33   0.674   0.8    0.688  0.661     13   9    2    
  3 Charlotte                       23-50   0.224   -5.8   0.260  0.189     27   27   3    
  4 Washington                      32-41   0.514   -0.8   0.587  0.441     23   24   4    
  5 Chicago                         34-38   0.603   0.9    0.693  0.512     11   20   5    
  6 Houston                         18-55   0.092   -7.6   0.147  0.038     29   29   6    
  7 Miami                           40-34   0.637   -0.2   0.625  0.648     19   10   7    
  8 New York                        42-32   0.764   2.8    0.821  0.708     7    8    8    

                                           -------Rating----------------  ----Rank----            
Rank Team                            W-L     KRS    SRS    S-Ix   WRS       S    W    SOS
========================================================================================
  9 San Antonio                     19-54   0.028   -9.8   0.000  0.055     30   28   9    
 10 Toronto                         35-38   0.607   0.8    0.692  0.522     12   19   10   
 11 Indiana                         33-40   0.475   -2.2   0.492  0.458     25   23   11   
 12 Orlando                         30-43   0.417   -2.7   0.465  0.370     26   26   12   
 13 Cleveland                       46-28   0.907   5.6    1.000  0.815     1    5    13   
 14 Oklahoma City                   36-36   0.646   1.5    0.734  0.557     10   14   14   
 15 Dallas                          36-37   0.600   0.4    0.665  0.535     15   17   15   
 16 Portland                        32-40   0.479   -1.7   0.525  0.433     24   25   16   

                                           -------Rating----------------  ----Rank----            
Rank Team                            W-L     KRS    SRS    S-Ix   WRS       S    W    SOS
========================================================================================
 17 Phoenix                         38-34   0.670   1.5    0.736  0.604     9    11   17   
 18 LA Lakers                       36-37   0.579   -0.3   0.619  0.540     21   16   18   
 19 Minnesota                       37-37   0.581   -0.3   0.615  0.547     22   15   19   
 20 Boston                          50-23   0.961   5.5    0.994  0.929     2    2    20   
 21 Golden State                    38-36   0.613   0.3    0.656  0.570     16   13   21   
 22 Milwaukee                       52-20   0.954   4.2    0.908  1.000     4    1    22   
 23 Atlanta                         36-37   0.581   -0.1   0.633  0.529     17   18   23   
 24 Utah                            35-37   0.564   -0.3   0.620  0.508     20   21   24   

                                           -------Rating----------------  ----Rank----            
Rank Team                            W-L     KRS    SRS    S-Ix   WRS       S    W    SOS
========================================================================================
 25 Philadelphia                    49-23   0.937   5.0    0.962  0.912     3    3    25   
 26 Sacramento                      43-29   0.756   2.1    0.773  0.738     8    7    26   
 27 New Orleans                     35-37   0.595   0.7    0.684  0.506     14   22   27   
 28 Memphis                         45-27   0.832   3.6    0.870  0.794     5    6    28   
 29 LA Clippers                     38-35   0.605   -0.1   0.631  0.579     18   12   29   
 30 Denver                          49-24   0.870   3.5    0.862  0.878     6    4    30   
</div></pre>
</div>
	</pre>
	</p>
	</span>
</body>
<body>
<h3>Other links</h3>
<h4>Home</h4>
	<ul>
			<li class="listyle"><a href="https://2skupz.github.io/index.html"> Index</a></li>
	</ul>
</body>
