<html>
<head>
<!-- Global Site Tag (gtag.js) - Google Analytics -->
<title>2023 NBA Rankings</title>
<script type="text/javascript" src="tabber.js">
</script>
<link href="https://fonts.googleapis.com/css?family=Roboto+Slab|Droid+Sans+Mono" rel="stylesheet">
<style>
 body {
			font-family: "Roboto Slab", serif;
			font-size: 12px;
			}
#data {
			font-family: "Droid Sans Mono", serif;
			font-size: 13px;
		}
</style>
<link rel="stylesheet" href="tabbedPage.css" TYPE="text/css" MEDIA="screen">
</head>
<body bgcolor=#fbeec1>
<hr>
<table width=100%>
<tr><td align=left>
<h1 align="center">2023 NBA Rankings</h1>
</td>
</tr></table>
<p>
Standings through 01.30.23
<hr>
<center>
<table width=100% border=1><tr>
<td valign=top>
<div class="tabber">
<div class="tabbertab" title="Ken Power Index">
<pre><div id=data>

                                           -------Rating----------------  ----Rank----            
Rank Team                            W-L     KRS    SRS    S-Ix   WRS       S    W    SOS
========================================================================================
  1 Boston                          36-15   1.000   5.1    1.000  1.000     1    1    26   
  2 Denver                          34-16   0.916   3.5    0.890  0.942     4    2    24   
  3 Memphis                         32-18   0.893   4.1    0.931  0.855     3    5    23   
  4 Cleveland                       31-21   0.881   4.7    0.972  0.789     2    7    10   
  5 Philadelphia                    32-17   0.870   3.2    0.870  0.869     5    4    29   
  6 Milwaukee                       33-17   0.846   2.1    0.790  0.901     8    3    17   
  7 Brooklyn                        31-19   0.827   2.8    0.839  0.814     6    6    22   
  8 Sacramento                      28-21   0.769   2.7    0.829  0.709     7    8    27   

                                           -------Rating----------------  ----Rank----            
Rank Team                            W-L     KRS    SRS    S-Ix   WRS       S    W    SOS
========================================================================================
  9 New York                        27-24   0.696   1.8    0.769  0.623     9    10   16   
 10 Phoenix                         27-25   0.673   1.4    0.745  0.602     10   11   13   
 11 New Orleans                     26-25   0.667   1.4    0.741  0.593     12   14   19   
 12 Miami                           28-23   0.662   0.1    0.655  0.668     18   9    18   
 13 Oklahoma City                   24-26   0.656   1.4    0.743  0.570     11   16   3    
 14 Utah                            26-26   0.645   1.1    0.723  0.566     13   17   15   
 15 Dallas                          27-25   0.634   0.4    0.670  0.598     16   13   12   
 16 Golden State                    26-24   0.623   0.0    0.648  0.599     20   12   14   

                                           -------Rating----------------  ----Rank----            
Rank Team                            W-L     KRS    SRS    S-Ix   WRS       S    W    SOS
========================================================================================
 17 Washington                      24-26   0.604   0.2    0.658  0.550     17   19   8    
 18 Chicago                         23-26   0.600   0.4    0.673  0.527     15   21   4    
 19 Minnesota                       27-26   0.591   -0.3   0.624  0.559     21   18   28   
 20 Toronto                         23-29   0.590   0.9    0.708  0.473     14   24   5    
 21 LA Clippers                     28-25   0.582   -0.9   0.586  0.577     23   15   30   
 22 Portland                        24-26   0.579   0.1    0.649  0.508     19   23   25   
 23 Atlanta                         25-26   0.559   -0.8   0.587  0.531     22   20   21   
 24 Indiana                         24-28   0.519   -1.7   0.528  0.509     25   22   7    

                                           -------Rating----------------  ----Rank----            
Rank Team                            W-L     KRS    SRS    S-Ix   WRS       S    W    SOS
========================================================================================
 25 LA Lakers                       23-28   0.504   -1.5   0.541  0.468     24   25   20   
 26 Orlando                         20-31   0.386   -3.1   0.433  0.339     26   26   9    
 27 Charlotte                       15-36   0.199   -5.8   0.243  0.155     27   27   2    
 28 Detroit                         13-39   0.123   -6.7   0.183  0.064     28   29   1    
 29 Houston                         12-38   0.066   -7.4   0.132  0.000     29   30   11   
 30 San Antonio                     14-37   0.044   -9.3   0.000  0.087     30   28   6    
</div></pre>
</div>
<div class="tabbertab" title="Points Based">
<pre><div id=data>

                                           -------Rating----------------  ----Rank----            
Rank Team                            W-L     KRS    SRS    S-Ix   WRS       S    W    SOS
========================================================================================
  1 Boston                          36-15   1.000   5.1    1.000  1.000     1    1    26   
  2 Cleveland                       31-21   0.881   4.7    0.972  0.789     2    7    10   
  3 Memphis                         32-18   0.893   4.1    0.931  0.855     3    5    23   
  4 Denver                          34-16   0.916   3.5    0.890  0.942     4    2    24   
  5 Philadelphia                    32-17   0.870   3.2    0.870  0.869     5    4    29   
  6 Brooklyn                        31-19   0.827   2.8    0.839  0.814     6    6    22   
  7 Sacramento                      28-21   0.769   2.7    0.829  0.709     7    8    27   
  8 Milwaukee                       33-17   0.846   2.1    0.790  0.901     8    3    17   

                                           -------Rating----------------  ----Rank----            
Rank Team                            W-L     KRS    SRS    S-Ix   WRS       S    W    SOS
========================================================================================
  9 New York                        27-24   0.696   1.8    0.769  0.623     9    10   16   
 10 Phoenix                         27-25   0.673   1.4    0.745  0.602     10   11   13   
 11 Oklahoma City                   24-26   0.656   1.4    0.743  0.570     11   16   3    
 12 New Orleans                     26-25   0.667   1.4    0.741  0.593     12   14   19   
 13 Utah                            26-26   0.645   1.1    0.723  0.566     13   17   15   
 14 Toronto                         23-29   0.590   0.9    0.708  0.473     14   24   5    
 15 Chicago                         23-26   0.600   0.4    0.673  0.527     15   21   4    
 16 Dallas                          27-25   0.634   0.4    0.670  0.598     16   13   12   

                                           -------Rating----------------  ----Rank----            
Rank Team                            W-L     KRS    SRS    S-Ix   WRS       S    W    SOS
========================================================================================
 17 Washington                      24-26   0.604   0.2    0.658  0.550     17   19   8    
 18 Miami                           28-23   0.662   0.1    0.655  0.668     18   9    18   
 19 Portland                        24-26   0.579   0.1    0.649  0.508     19   23   25   
 20 Golden State                    26-24   0.623   0.0    0.648  0.599     20   12   14   
 21 Minnesota                       27-26   0.591   -0.3   0.624  0.559     21   18   28   
 22 Atlanta                         25-26   0.559   -0.8   0.587  0.531     22   20   21   
 23 LA Clippers                     28-25   0.582   -0.9   0.586  0.577     23   15   30   
 24 LA Lakers                       23-28   0.504   -1.5   0.541  0.468     24   25   20   

                                           -------Rating----------------  ----Rank----            
Rank Team                            W-L     KRS    SRS    S-Ix   WRS       S    W    SOS
========================================================================================
 25 Indiana                         24-28   0.519   -1.7   0.528  0.509     25   22   7    
 26 Orlando                         20-31   0.386   -3.1   0.433  0.339     26   26   9    
 27 Charlotte                       15-36   0.199   -5.8   0.243  0.155     27   27   2    
 28 Detroit                         13-39   0.123   -6.7   0.183  0.064     28   29   1    
 29 Houston                         12-38   0.066   -7.4   0.132  0.000     29   30   11   
 30 San Antonio                     14-37   0.044   -9.3   0.000  0.087     30   28   6    
</div></pre>
</div>
<div class="tabbertab" title="Wins Based">
<pre><div id=data>

                                           -------Rating----------------  ----Rank----            
Rank Team                            W-L     KRS    SRS    S-Ix   WRS       S    W    SOS
========================================================================================
  1 Boston                          36-15   1.000   5.1    1.000  1.000     1    1    26   
  2 Denver                          34-16   0.916   3.5    0.890  0.942     4    2    24   
  3 Milwaukee                       33-17   0.846   2.1    0.790  0.901     8    3    17   
  4 Philadelphia                    32-17   0.870   3.2    0.870  0.869     5    4    29   
  5 Memphis                         32-18   0.893   4.1    0.931  0.855     3    5    23   
  6 Brooklyn                        31-19   0.827   2.8    0.839  0.814     6    6    22   
  7 Cleveland                       31-21   0.881   4.7    0.972  0.789     2    7    10   
  8 Sacramento                      28-21   0.769   2.7    0.829  0.709     7    8    27   

                                           -------Rating----------------  ----Rank----            
Rank Team                            W-L     KRS    SRS    S-Ix   WRS       S    W    SOS
========================================================================================
  9 Miami                           28-23   0.662   0.1    0.655  0.668     18   9    18   
 10 New York                        27-24   0.696   1.8    0.769  0.623     9    10   16   
 11 Phoenix                         27-25   0.673   1.4    0.745  0.602     10   11   13   
 12 Golden State                    26-24   0.623   0.0    0.648  0.599     20   12   14   
 13 Dallas                          27-25   0.634   0.4    0.670  0.598     16   13   12   
 14 New Orleans                     26-25   0.667   1.4    0.741  0.593     12   14   19   
 15 LA Clippers                     28-25   0.582   -0.9   0.586  0.577     23   15   30   
 16 Oklahoma City                   24-26   0.656   1.4    0.743  0.570     11   16   3    

                                           -------Rating----------------  ----Rank----            
Rank Team                            W-L     KRS    SRS    S-Ix   WRS       S    W    SOS
========================================================================================
 17 Utah                            26-26   0.645   1.1    0.723  0.566     13   17   15   
 18 Minnesota                       27-26   0.591   -0.3   0.624  0.559     21   18   28   
 19 Washington                      24-26   0.604   0.2    0.658  0.550     17   19   8    
 20 Atlanta                         25-26   0.559   -0.8   0.587  0.531     22   20   21   
 21 Chicago                         23-26   0.600   0.4    0.673  0.527     15   21   4    
 22 Indiana                         24-28   0.519   -1.7   0.528  0.509     25   22   7    
 23 Portland                        24-26   0.579   0.1    0.649  0.508     19   23   25   
 24 Toronto                         23-29   0.590   0.9    0.708  0.473     14   24   5    

                                           -------Rating----------------  ----Rank----            
Rank Team                            W-L     KRS    SRS    S-Ix   WRS       S    W    SOS
========================================================================================
 25 LA Lakers                       23-28   0.504   -1.5   0.541  0.468     24   25   20   
 26 Orlando                         20-31   0.386   -3.1   0.433  0.339     26   26   9    
 27 Charlotte                       15-36   0.199   -5.8   0.243  0.155     27   27   2    
 28 San Antonio                     14-37   0.044   -9.3   0.000  0.087     30   28   6    
 29 Detroit                         13-39   0.123   -6.7   0.183  0.064     28   29   1    
 30 Houston                         12-38   0.066   -7.4   0.132  0.000     29   30   11   
</div></pre>
</div>
<div class="tabbertab" title="BCS">
<pre><div id=data>

                                           -------Rating----------------  ----Rank----            
Rank Team                            W-L     KRS    SRS    S-Ix   WRS       S    W    SOS
========================================================================================
  1 Boston                          36-15   1.000   5.1    1.000  1.000     1    1    26   
  2 Denver                          34-16   0.916   3.5    0.890  0.942     4    2    24   
  3 Memphis                         32-18   0.893   4.1    0.931  0.855     3    5    23   
  4 Cleveland                       31-21   0.881   4.7    0.972  0.789     2    7    10   
  5 Philadelphia                    32-17   0.870   3.2    0.870  0.869     5    4    29   
  6 Milwaukee                       33-17   0.846   2.1    0.790  0.901     8    3    17   
  7 Brooklyn                        31-19   0.827   2.8    0.839  0.814     6    6    22   
  8 Sacramento                      28-21   0.769   2.7    0.829  0.709     7    8    27   

                                           -------Rating----------------  ----Rank----            
Rank Team                            W-L     KRS    SRS    S-Ix   WRS       S    W    SOS
========================================================================================
  9 New York                        27-24   0.696   1.8    0.769  0.623     9    10   16   
 10 Phoenix                         27-25   0.673   1.4    0.745  0.602     10   11   13   
 11 New Orleans                     26-25   0.667   1.4    0.741  0.593     12   14   19   
 12 Miami                           28-23   0.662   0.1    0.655  0.668     18   9    18   
 13 Oklahoma City                   24-26   0.656   1.4    0.743  0.570     11   16   3    
 14 Utah                            26-26   0.645   1.1    0.723  0.566     13   17   15   
 15 Dallas                          27-25   0.634   0.4    0.670  0.598     16   13   12   
 16 Golden State                    26-24   0.623   0.0    0.648  0.599     20   12   14   

                                           -------Rating----------------  ----Rank----            
Rank Team                            W-L     KRS    SRS    S-Ix   WRS       S    W    SOS
========================================================================================
 17 Washington                      24-26   0.604   0.2    0.658  0.550     17   19   8    
 18 Chicago                         23-26   0.600   0.4    0.673  0.527     15   21   4    
 19 Minnesota                       27-26   0.591   -0.3   0.624  0.559     21   18   28   
 20 Toronto                         23-29   0.590   0.9    0.708  0.473     14   24   5    
 21 LA Clippers                     28-25   0.582   -0.9   0.586  0.577     23   15   30   
 22 Portland                        24-26   0.579   0.1    0.649  0.508     19   23   25   
 23 Atlanta                         25-26   0.559   -0.8   0.587  0.531     22   20   21   
 24 Indiana                         24-28   0.519   -1.7   0.528  0.509     25   22   7    

                                           -------Rating----------------  ----Rank----            
Rank Team                            W-L     KRS    SRS    S-Ix   WRS       S    W    SOS
========================================================================================
 25 LA Lakers                       23-28   0.504   -1.5   0.541  0.468     24   25   20   
 26 Orlando                         20-31   0.386   -3.1   0.433  0.339     26   26   9    
 27 Charlotte                       15-36   0.199   -5.8   0.243  0.155     27   27   2    
 28 Detroit                         13-39   0.123   -6.7   0.183  0.064     28   29   1    
 29 Houston                         12-38   0.066   -7.4   0.132  0.000     29   30   11   
 30 San Antonio                     14-37   0.044   -9.3   0.000  0.087     30   28   6    
</div></pre>
</div>
<div class="tabbertab" title="SOS">
<pre><div id=data>

                                           -------Rating----------------  ----Rank----            
Rank Team                            W-L     KRS    SRS    S-Ix   WRS       S    W    SOS
========================================================================================
  1 Detroit                         13-39   0.123   -6.7   0.183  0.064     28   29   1    
  2 Charlotte                       15-36   0.199   -5.8   0.243  0.155     27   27   2    
  3 Oklahoma City                   24-26   0.656   1.4    0.743  0.570     11   16   3    
  4 Chicago                         23-26   0.600   0.4    0.673  0.527     15   21   4    
  5 Toronto                         23-29   0.590   0.9    0.708  0.473     14   24   5    
  6 San Antonio                     14-37   0.044   -9.3   0.000  0.087     30   28   6    
  7 Indiana                         24-28   0.519   -1.7   0.528  0.509     25   22   7    
  8 Washington                      24-26   0.604   0.2    0.658  0.550     17   19   8    

                                           -------Rating----------------  ----Rank----            
Rank Team                            W-L     KRS    SRS    S-Ix   WRS       S    W    SOS
========================================================================================
  9 Orlando                         20-31   0.386   -3.1   0.433  0.339     26   26   9    
 10 Cleveland                       31-21   0.881   4.7    0.972  0.789     2    7    10   
 11 Houston                         12-38   0.066   -7.4   0.132  0.000     29   30   11   
 12 Dallas                          27-25   0.634   0.4    0.670  0.598     16   13   12   
 13 Phoenix                         27-25   0.673   1.4    0.745  0.602     10   11   13   
 14 Golden State                    26-24   0.623   0.0    0.648  0.599     20   12   14   
 15 Utah                            26-26   0.645   1.1    0.723  0.566     13   17   15   
 16 New York                        27-24   0.696   1.8    0.769  0.623     9    10   16   

                                           -------Rating----------------  ----Rank----            
Rank Team                            W-L     KRS    SRS    S-Ix   WRS       S    W    SOS
========================================================================================
 17 Milwaukee                       33-17   0.846   2.1    0.790  0.901     8    3    17   
 18 Miami                           28-23   0.662   0.1    0.655  0.668     18   9    18   
 19 New Orleans                     26-25   0.667   1.4    0.741  0.593     12   14   19   
 20 LA Lakers                       23-28   0.504   -1.5   0.541  0.468     24   25   20   
 21 Atlanta                         25-26   0.559   -0.8   0.587  0.531     22   20   21   
 22 Brooklyn                        31-19   0.827   2.8    0.839  0.814     6    6    22   
 23 Memphis                         32-18   0.893   4.1    0.931  0.855     3    5    23   
 24 Denver                          34-16   0.916   3.5    0.890  0.942     4    2    24   

                                           -------Rating----------------  ----Rank----            
Rank Team                            W-L     KRS    SRS    S-Ix   WRS       S    W    SOS
========================================================================================
 25 Portland                        24-26   0.579   0.1    0.649  0.508     19   23   25   
 26 Boston                          36-15   1.000   5.1    1.000  1.000     1    1    26   
 27 Sacramento                      28-21   0.769   2.7    0.829  0.709     7    8    27   
 28 Minnesota                       27-26   0.591   -0.3   0.624  0.559     21   18   28   
 29 Philadelphia                    32-17   0.870   3.2    0.870  0.869     5    4    29   
 30 LA Clippers                     28-25   0.582   -0.9   0.586  0.577     23   15   30   
</div></pre>
</div>
	</pre>
	</p>
	</span>
</body>
<body>
<h3>Other links</h3>
<h4>Pro</h4>
	<ul>
			<li class="listyle"><a href="https://2skupz.github.io/nflKpi.html"> NFL</a></li>
			<li class="listyle"><a href="https://2skupz.github.io/nbaKpi.html"> NBA</a></li>
			<li class="listyle"><a href="https://2skupz.github.io/nhlKpi.html"> NHL</a></li>
	</ul>
<h4>Football</h4>
	<ul>
			<li class="listyle"><a href="https://2skupz.github.io/fbD1Rankings.html"> Division I</a></li>
			<li class="listyle"><a href="https://2skupz.github.io/fbFBSRankings.html"> Division I - FBS</a></li>
			<li class="listyle"><a href="https://2skupz.github.io/fbFCSRankings.html"> Division I - FCS</a></li>
			<li class="listyle"><a href="https://2skupz.github.io/fbD2Rankings.html"> Division II</a></li>
			<li class="listyle"><a href="https://2skupz.github.io/fbD3Rankings.html"> Division III</a></li>
	</ul>
<h4>Baseball</h4>
	<ul>
			<li class="listyle"><a href="https://2skupz.github.io/mlbPlayoffOdds.html"> MLB Playoff Odds</a></li>
			<li class="listyle"><a href="https://2skupz.github.io/baseD1Rankings.html"> Division 1</a></li>
			<li class="listyle"><a href="https://2skupz.github.io/baseD1Rankings.html"> Division 2</a></li>
			<li class="listyle"><a href="https://2skupz.github.io/baseD1Rankings.html"> Division 3</a></li>
	</ul>
<h4>Men's College Basketball</h4>
	<ul>
			<li class="listyle"><a href="https://2skupz.github.io/d1MbbRankings.html"> Division 1</a></li>
			<li class="listyle"><a href="https://2skupz.github.io/d2MbbRankings.html"> Division 2</a></li>
			<li class="listyle"><a href="https://2skupz.github.io/d3MbbRankings.html"> Division 3</a></li>
			<li class="listyle"><a href="https://2skupz.github.io/uSportMbbRankings.html"> U Sports</a></li>
	</ul>
<h4>Women's College Basketball</h4>
	<ul>
			<li class="listyle"><a href="https://2skupz.github.io/d1WbbRankings.html"> Division 1</a></li>
			<li class="listyle"><a href="https://2skupz.github.io/d2WbbRankings.html"> Division 2</a></li>
			<li class="listyle"><a href="https://2skupz.github.io/d3WbbRankings.html"> Division 3</a></li>
			<li class="listyle"><a href="https://2skupz.github.io/uSportsWbbRankings.html"> U Sports</a></li>
	</ul>
</body>
