<html>
<head>
<!-- Global Site Tag (gtag.js) - Google Analytics -->
<title>2023 NBA Rankings</title>
<script type="text/javascript" src="tabber.js">
</script>
<link href="https://fonts.googleapis.com/css?family=Roboto+Slab|Droid+Sans+Mono" rel="stylesheet">
<style>
 body {
			font-family: "Roboto Slab", serif;
			font-size: 12px;
			}
#data {
			font-family: "Droid Sans Mono", serif;
			font-size: 13px;
		}
</style>
<link rel="stylesheet" href="tabbedPage.css" TYPE="text/css" MEDIA="screen">
</head>
<body bgcolor=#fbeec1>
<hr>
<table width=100%>
<tr><td align=left>
<h1 align="center">2023 NBA Rankings</h1>
</td>
</tr></table>
<p>
Standings through 03.06.23
<hr>
<center>
<table width=100% border=1><tr>
<td valign=top>
<div class="tabber">
<div class="tabbertab" title="Ken Power Index">
<pre><div id=data>

                                           -------Rating----------------  ----Rank----            
Rank Team                            W-L     KRS    SRS    S-Ix   WRS       S    W    SOS
========================================================================================
  1 Boston                          45-21   0.952   5.2    0.971  0.933     2    3    15   
  2 Milwaukee                       46-18   0.947   4.0    0.894  1.000     4    1    19   
  3 Denver                          46-19   0.937   4.3    0.913  0.961     3    2    27   
  4 Cleveland                       41-26   0.900   5.6    1.000  0.800     1    5    8    
  5 Philadelphia                    42-22   0.873   3.7    0.875  0.870     6    4    23   
  6 Memphis                         38-25   0.821   3.7    0.879  0.762     5    6    21   
  7 New York                        39-27   0.805   3.3    0.853  0.756     7    7    4    
  8 Sacramento                      38-26   0.745   2.1    0.780  0.710     8    8    30   

                                           -------Rating----------------  ----Rank----            
Rank Team                            W-L     KRS    SRS    S-Ix   WRS       S    W    SOS
========================================================================================
  9 Phoenix                         36-29   0.705   1.8    0.759  0.651     9    10   22   
 10 Brooklyn                        36-28   0.694   0.8    0.697  0.691     11   9    7    
 11 Golden State                    34-31   0.631   0.6    0.683  0.580     14   12   25   
 12 Dallas                          33-32   0.631   0.8    0.695  0.567     12   13   18   
 13 Oklahoma City                   30-34   0.624   1.7    0.750  0.498     10   21   12   
 14 Miami                           35-31   0.618   -0.6   0.609  0.627     21   11   11   
 15 Toronto                         32-34   0.602   0.6    0.681  0.524     15   17   13   
 16 New Orleans                     31-34   0.596   0.6    0.684  0.509     13   19   14   

                                           -------Rating----------------  ----Rank----            
Rank Team                            W-L     KRS    SRS    S-Ix   WRS       S    W    SOS
========================================================================================
 17 Minnesota                       34-32   0.596   -0.2   0.630  0.562     19   14   26   
 18 Atlanta                         32-33   0.590   -0.0   0.643  0.536     18   16   20   
 19 Washington                      30-34   0.578   0.1    0.652  0.505     17   20   3    
 20 LA Clippers                     34-33   0.578   -0.6   0.605  0.552     22   15   29   
 21 Chicago                         29-36   0.562   0.5    0.674  0.450     16   24   6    
 22 Utah                            31-34   0.556   -0.3   0.627  0.486     20   22   24   
 23 LA Lakers                       31-34   0.551   -0.9   0.589  0.514     23   18   17   
 24 Portland                        31-34   0.531   -1.1   0.579  0.482     24   23   28   

                                           -------Rating----------------  ----Rank----            
Rank Team                            W-L     KRS    SRS    S-Ix   WRS       S    W    SOS
========================================================================================
 25 Indiana                         29-37   0.481   -2.1   0.515  0.447     25   25   2    
 26 Orlando                         27-38   0.427   -2.7   0.478  0.375     26   26   10   
 27 Charlotte                       20-46   0.217   -5.9   0.275  0.159     27   27   5    
 28 Detroit                         15-50   0.118   -6.9   0.210  0.026     28   28   1    
 29 Houston                         15-49   0.076   -7.9   0.151  0.000     29   30   9    
 30 San Antonio                     16-49   0.003   -10.3  0.000  0.006     30   29   16   
</div></pre>
</div>
<div class="tabbertab" title="Points Based">
<pre><div id=data>

                                           -------Rating----------------  ----Rank----            
Rank Team                            W-L     KRS    SRS    S-Ix   WRS       S    W    SOS
========================================================================================
  1 Cleveland                       41-26   0.900   5.6    1.000  0.800     1    5    8    
  2 Boston                          45-21   0.952   5.2    0.971  0.933     2    3    15   
  3 Denver                          46-19   0.937   4.3    0.913  0.961     3    2    27   
  4 Milwaukee                       46-18   0.947   4.0    0.894  1.000     4    1    19   
  5 Memphis                         38-25   0.821   3.7    0.879  0.762     5    6    21   
  6 Philadelphia                    42-22   0.873   3.7    0.875  0.870     6    4    23   
  7 New York                        39-27   0.805   3.3    0.853  0.756     7    7    4    
  8 Sacramento                      38-26   0.745   2.1    0.780  0.710     8    8    30   

                                           -------Rating----------------  ----Rank----            
Rank Team                            W-L     KRS    SRS    S-Ix   WRS       S    W    SOS
========================================================================================
  9 Phoenix                         36-29   0.705   1.8    0.759  0.651     9    10   22   
 10 Oklahoma City                   30-34   0.624   1.7    0.750  0.498     10   21   12   
 11 Brooklyn                        36-28   0.694   0.8    0.697  0.691     11   9    7    
 12 Dallas                          33-32   0.631   0.8    0.695  0.567     12   13   18   
 13 New Orleans                     31-34   0.596   0.6    0.684  0.509     13   19   14   
 14 Golden State                    34-31   0.631   0.6    0.683  0.580     14   12   25   
 15 Toronto                         32-34   0.602   0.6    0.681  0.524     15   17   13   
 16 Chicago                         29-36   0.562   0.5    0.674  0.450     16   24   6    

                                           -------Rating----------------  ----Rank----            
Rank Team                            W-L     KRS    SRS    S-Ix   WRS       S    W    SOS
========================================================================================
 17 Washington                      30-34   0.578   0.1    0.652  0.505     17   20   3    
 18 Atlanta                         32-33   0.590   -0.0   0.643  0.536     18   16   20   
 19 Minnesota                       34-32   0.596   -0.2   0.630  0.562     19   14   26   
 20 Utah                            31-34   0.556   -0.3   0.627  0.486     20   22   24   
 21 Miami                           35-31   0.618   -0.6   0.609  0.627     21   11   11   
 22 LA Clippers                     34-33   0.578   -0.6   0.605  0.552     22   15   29   
 23 LA Lakers                       31-34   0.551   -0.9   0.589  0.514     23   18   17   
 24 Portland                        31-34   0.531   -1.1   0.579  0.482     24   23   28   

                                           -------Rating----------------  ----Rank----            
Rank Team                            W-L     KRS    SRS    S-Ix   WRS       S    W    SOS
========================================================================================
 25 Indiana                         29-37   0.481   -2.1   0.515  0.447     25   25   2    
 26 Orlando                         27-38   0.427   -2.7   0.478  0.375     26   26   10   
 27 Charlotte                       20-46   0.217   -5.9   0.275  0.159     27   27   5    
 28 Detroit                         15-50   0.118   -6.9   0.210  0.026     28   28   1    
 29 Houston                         15-49   0.076   -7.9   0.151  0.000     29   30   9    
 30 San Antonio                     16-49   0.003   -10.3  0.000  0.006     30   29   16   
</div></pre>
</div>
<div class="tabbertab" title="Wins Based">
<pre><div id=data>

                                           -------Rating----------------  ----Rank----            
Rank Team                            W-L     KRS    SRS    S-Ix   WRS       S    W    SOS
========================================================================================
  1 Milwaukee                       46-18   0.947   4.0    0.894  1.000     4    1    19   
  2 Denver                          46-19   0.937   4.3    0.913  0.961     3    2    27   
  3 Boston                          45-21   0.952   5.2    0.971  0.933     2    3    15   
  4 Philadelphia                    42-22   0.873   3.7    0.875  0.870     6    4    23   
  5 Cleveland                       41-26   0.900   5.6    1.000  0.800     1    5    8    
  6 Memphis                         38-25   0.821   3.7    0.879  0.762     5    6    21   
  7 New York                        39-27   0.805   3.3    0.853  0.756     7    7    4    
  8 Sacramento                      38-26   0.745   2.1    0.780  0.710     8    8    30   

                                           -------Rating----------------  ----Rank----            
Rank Team                            W-L     KRS    SRS    S-Ix   WRS       S    W    SOS
========================================================================================
  9 Brooklyn                        36-28   0.694   0.8    0.697  0.691     11   9    7    
 10 Phoenix                         36-29   0.705   1.8    0.759  0.651     9    10   22   
 11 Miami                           35-31   0.618   -0.6   0.609  0.627     21   11   11   
 12 Golden State                    34-31   0.631   0.6    0.683  0.580     14   12   25   
 13 Dallas                          33-32   0.631   0.8    0.695  0.567     12   13   18   
 14 Minnesota                       34-32   0.596   -0.2   0.630  0.562     19   14   26   
 15 LA Clippers                     34-33   0.578   -0.6   0.605  0.552     22   15   29   
 16 Atlanta                         32-33   0.590   -0.0   0.643  0.536     18   16   20   

                                           -------Rating----------------  ----Rank----            
Rank Team                            W-L     KRS    SRS    S-Ix   WRS       S    W    SOS
========================================================================================
 17 Toronto                         32-34   0.602   0.6    0.681  0.524     15   17   13   
 18 LA Lakers                       31-34   0.551   -0.9   0.589  0.514     23   18   17   
 19 New Orleans                     31-34   0.596   0.6    0.684  0.509     13   19   14   
 20 Washington                      30-34   0.578   0.1    0.652  0.505     17   20   3    
 21 Oklahoma City                   30-34   0.624   1.7    0.750  0.498     10   21   12   
 22 Utah                            31-34   0.556   -0.3   0.627  0.486     20   22   24   
 23 Portland                        31-34   0.531   -1.1   0.579  0.482     24   23   28   
 24 Chicago                         29-36   0.562   0.5    0.674  0.450     16   24   6    

                                           -------Rating----------------  ----Rank----            
Rank Team                            W-L     KRS    SRS    S-Ix   WRS       S    W    SOS
========================================================================================
 25 Indiana                         29-37   0.481   -2.1   0.515  0.447     25   25   2    
 26 Orlando                         27-38   0.427   -2.7   0.478  0.375     26   26   10   
 27 Charlotte                       20-46   0.217   -5.9   0.275  0.159     27   27   5    
 28 Detroit                         15-50   0.118   -6.9   0.210  0.026     28   28   1    
 29 San Antonio                     16-49   0.003   -10.3  0.000  0.006     30   29   16   
 30 Houston                         15-49   0.076   -7.9   0.151  0.000     29   30   9    
</div></pre>
</div>
<div class="tabbertab" title="BCS">
<pre><div id=data>

                                           -------Rating----------------  ----Rank----            
Rank Team                            W-L     KRS    SRS    S-Ix   WRS       S    W    SOS
========================================================================================
  1 Boston                          45-21   0.952   5.2    0.971  0.933     2    3    15   
  2 Milwaukee                       46-18   0.947   4.0    0.894  1.000     4    1    19   
  3 Denver                          46-19   0.937   4.3    0.913  0.961     3    2    27   
  4 Cleveland                       41-26   0.900   5.6    1.000  0.800     1    5    8    
  5 Philadelphia                    42-22   0.873   3.7    0.875  0.870     6    4    23   
  6 Memphis                         38-25   0.821   3.7    0.879  0.762     5    6    21   
  7 New York                        39-27   0.805   3.3    0.853  0.756     7    7    4    
  8 Sacramento                      38-26   0.745   2.1    0.780  0.710     8    8    30   

                                           -------Rating----------------  ----Rank----            
Rank Team                            W-L     KRS    SRS    S-Ix   WRS       S    W    SOS
========================================================================================
  9 Phoenix                         36-29   0.705   1.8    0.759  0.651     9    10   22   
 10 Brooklyn                        36-28   0.694   0.8    0.697  0.691     11   9    7    
 11 Golden State                    34-31   0.631   0.6    0.683  0.580     14   12   25   
 12 Dallas                          33-32   0.631   0.8    0.695  0.567     12   13   18   
 13 Oklahoma City                   30-34   0.624   1.7    0.750  0.498     10   21   12   
 14 Miami                           35-31   0.618   -0.6   0.609  0.627     21   11   11   
 15 Toronto                         32-34   0.602   0.6    0.681  0.524     15   17   13   
 16 New Orleans                     31-34   0.596   0.6    0.684  0.509     13   19   14   

                                           -------Rating----------------  ----Rank----            
Rank Team                            W-L     KRS    SRS    S-Ix   WRS       S    W    SOS
========================================================================================
 17 Minnesota                       34-32   0.596   -0.2   0.630  0.562     19   14   26   
 18 Atlanta                         32-33   0.590   -0.0   0.643  0.536     18   16   20   
 19 Washington                      30-34   0.578   0.1    0.652  0.505     17   20   3    
 20 LA Clippers                     34-33   0.578   -0.6   0.605  0.552     22   15   29   
 21 Chicago                         29-36   0.562   0.5    0.674  0.450     16   24   6    
 22 Utah                            31-34   0.556   -0.3   0.627  0.486     20   22   24   
 23 LA Lakers                       31-34   0.551   -0.9   0.589  0.514     23   18   17   
 24 Portland                        31-34   0.531   -1.1   0.579  0.482     24   23   28   

                                           -------Rating----------------  ----Rank----            
Rank Team                            W-L     KRS    SRS    S-Ix   WRS       S    W    SOS
========================================================================================
 25 Indiana                         29-37   0.481   -2.1   0.515  0.447     25   25   2    
 26 Orlando                         27-38   0.427   -2.7   0.478  0.375     26   26   10   
 27 Charlotte                       20-46   0.217   -5.9   0.275  0.159     27   27   5    
 28 Detroit                         15-50   0.118   -6.9   0.210  0.026     28   28   1    
 29 Houston                         15-49   0.076   -7.9   0.151  0.000     29   30   9    
 30 San Antonio                     16-49   0.003   -10.3  0.000  0.006     30   29   16   
</div></pre>
</div>
<div class="tabbertab" title="SOS">
<pre><div id=data>

                                           -------Rating----------------  ----Rank----            
Rank Team                            W-L     KRS    SRS    S-Ix   WRS       S    W    SOS
========================================================================================
  1 Detroit                         15-50   0.118   -6.9   0.210  0.026     28   28   1    
  2 Indiana                         29-37   0.481   -2.1   0.515  0.447     25   25   2    
  3 Washington                      30-34   0.578   0.1    0.652  0.505     17   20   3    
  4 New York                        39-27   0.805   3.3    0.853  0.756     7    7    4    
  5 Charlotte                       20-46   0.217   -5.9   0.275  0.159     27   27   5    
  6 Chicago                         29-36   0.562   0.5    0.674  0.450     16   24   6    
  7 Brooklyn                        36-28   0.694   0.8    0.697  0.691     11   9    7    
  8 Cleveland                       41-26   0.900   5.6    1.000  0.800     1    5    8    

                                           -------Rating----------------  ----Rank----            
Rank Team                            W-L     KRS    SRS    S-Ix   WRS       S    W    SOS
========================================================================================
  9 Houston                         15-49   0.076   -7.9   0.151  0.000     29   30   9    
 10 Orlando                         27-38   0.427   -2.7   0.478  0.375     26   26   10   
 11 Miami                           35-31   0.618   -0.6   0.609  0.627     21   11   11   
 12 Oklahoma City                   30-34   0.624   1.7    0.750  0.498     10   21   12   
 13 Toronto                         32-34   0.602   0.6    0.681  0.524     15   17   13   
 14 New Orleans                     31-34   0.596   0.6    0.684  0.509     13   19   14   
 15 Boston                          45-21   0.952   5.2    0.971  0.933     2    3    15   
 16 San Antonio                     16-49   0.003   -10.3  0.000  0.006     30   29   16   

                                           -------Rating----------------  ----Rank----            
Rank Team                            W-L     KRS    SRS    S-Ix   WRS       S    W    SOS
========================================================================================
 17 LA Lakers                       31-34   0.551   -0.9   0.589  0.514     23   18   17   
 18 Dallas                          33-32   0.631   0.8    0.695  0.567     12   13   18   
 19 Milwaukee                       46-18   0.947   4.0    0.894  1.000     4    1    19   
 20 Atlanta                         32-33   0.590   -0.0   0.643  0.536     18   16   20   
 21 Memphis                         38-25   0.821   3.7    0.879  0.762     5    6    21   
 22 Phoenix                         36-29   0.705   1.8    0.759  0.651     9    10   22   
 23 Philadelphia                    42-22   0.873   3.7    0.875  0.870     6    4    23   
 24 Utah                            31-34   0.556   -0.3   0.627  0.486     20   22   24   

                                           -------Rating----------------  ----Rank----            
Rank Team                            W-L     KRS    SRS    S-Ix   WRS       S    W    SOS
========================================================================================
 25 Golden State                    34-31   0.631   0.6    0.683  0.580     14   12   25   
 26 Minnesota                       34-32   0.596   -0.2   0.630  0.562     19   14   26   
 27 Denver                          46-19   0.937   4.3    0.913  0.961     3    2    27   
 28 Portland                        31-34   0.531   -1.1   0.579  0.482     24   23   28   
 29 LA Clippers                     34-33   0.578   -0.6   0.605  0.552     22   15   29   
 30 Sacramento                      38-26   0.745   2.1    0.780  0.710     8    8    30   
</div></pre>
</div>
	</pre>
	</p>
	</span>
</body>
<body>
<h3>Other links</h3>
<h4>Home</h4>
	<ul>
			<li class="listyle"><a href="https://2skupz.github.io/index.html"> Index</a></li>
	</ul>
</body>
