<html>
<head>
<!-- Global Site Tag (gtag.js) - Google Analytics -->
<title>2023 NBA Rankings</title>
<script type="text/javascript" src="tabber.js">
</script>
<link href="https://fonts.googleapis.com/css?family=Roboto+Slab|Droid+Sans+Mono" rel="stylesheet">
<style>
 body {
			font-family: "Roboto Slab", serif;
			font-size: 12px;
			}
#data {
			font-family: "Droid Sans Mono", serif;
			font-size: 13px;
		}
</style>
<link rel="stylesheet" href="tabbedPage.css" TYPE="text/css" MEDIA="screen">
</head>
<body bgcolor=#fbeec1>
<hr>
<table width=100%>
<tr><td align=left>
<h1 align="center">2023 NBA Rankings</h1>
</td>
</tr></table>
<p>
Standings through 03.15.23
<hr>
<center>
<table width=100% border=1><tr>
<td valign=top>
<div class="tabber">
<div class="tabbertab" title="Ken Power Index">
<pre><div id=data>

                                           -------Rating----------------  ----Rank----            
Rank Team                            W-L     KRS    SRS    S-Ix   WRS       S    W    SOS
========================================================================================
  1 Milwaukee                       50-19   0.959   4.1    0.918  1.000     4    1    16   
  2 Boston                          48-22   0.953   5.2    0.992  0.915     2    2    23   
  3 Philadelphia                    46-22   0.912   4.3    0.927  0.897     3    3    24   
  4 Cleveland                       44-28   0.889   5.3    1.000  0.778     1    5    12   
  5 Denver                          46-23   0.857   3.3    0.860  0.855     6    4    29   
  6 Memphis                         41-27   0.816   3.6    0.886  0.746     5    6    21   
  7 New York                        41-30   0.776   3.0    0.842  0.710     7    8    6    
  8 Sacramento                      41-27   0.762   2.3    0.796  0.727     8    7    30   

                                           -------Rating----------------  ----Rank----            
Rank Team                            W-L     KRS    SRS    S-Ix   WRS       S    W    SOS
========================================================================================
  9 Brooklyn                        39-30   0.693   0.9    0.701  0.686     11   9    4    
 10 Phoenix                         37-32   0.685   1.8    0.762  0.609     9    11   18   
 11 Oklahoma City                   34-35   0.640   1.7    0.754  0.527     10   17   17   
 12 Miami                           38-33   0.627   -0.2   0.626  0.629     21   10   3    
 13 Golden State                    36-34   0.616   0.5    0.673  0.560     16   13   20   
 14 LA Clippers                     37-33   0.607   -0.2   0.630  0.584     18   12   28   
 15 Dallas                          35-35   0.602   0.5    0.673  0.531     15   14   22   
 16 Toronto                         33-36   0.589   0.5    0.677  0.501     13   19   7    

                                           -------Rating----------------  ----Rank----            
Rank Team                            W-L     KRS    SRS    S-Ix   WRS       S    W    SOS
========================================================================================
 17 New Orleans                     33-36   0.585   0.5    0.675  0.494     14   20   10   
 18 Minnesota                       35-35   0.579   -0.2   0.629  0.529     19   15   26   
 19 Atlanta                         34-35   0.577   -0.2   0.626  0.528     20   16   14   
 20 Chicago                         31-37   0.574   0.8    0.693  0.456     12   23   9    
 21 LA Lakers                       34-36   0.560   -0.5   0.608  0.513     23   18   19   
 22 Washington                      32-37   0.553   -0.1   0.635  0.472     17   21   8    
 23 Utah                            33-36   0.545   -0.3   0.621  0.469     22   22   27   
 24 Portland                        31-38   0.477   -1.6   0.532  0.423     24   25   25   

                                           -------Rating----------------  ----Rank----            
Rank Team                            W-L     KRS    SRS    S-Ix   WRS       S    W    SOS
========================================================================================
 25 Indiana                         31-38   0.458   -2.3   0.484  0.432     25   24   13   
 26 Orlando                         28-41   0.394   -2.9   0.444  0.344     26   26   15   
 27 Charlotte                       22-49   0.215   -5.6   0.268  0.162     27   27   2    
 28 Detroit                         16-54   0.091   -6.8   0.182  0.000     28   30   1    
 29 Houston                         17-52   0.072   -7.7   0.124  0.020     29   29   5    
 30 San Antonio                     18-51   0.016   -9.5   0.000  0.031     30   28   11   
</div></pre>
</div>
<div class="tabbertab" title="Points Based">
<pre><div id=data>

                                           -------Rating----------------  ----Rank----            
Rank Team                            W-L     KRS    SRS    S-Ix   WRS       S    W    SOS
========================================================================================
  1 Cleveland                       44-28   0.889   5.3    1.000  0.778     1    5    12   
  2 Boston                          48-22   0.953   5.2    0.992  0.915     2    2    23   
  3 Philadelphia                    46-22   0.912   4.3    0.927  0.897     3    3    24   
  4 Milwaukee                       50-19   0.959   4.1    0.918  1.000     4    1    16   
  5 Memphis                         41-27   0.816   3.6    0.886  0.746     5    6    21   
  6 Denver                          46-23   0.857   3.3    0.860  0.855     6    4    29   
  7 New York                        41-30   0.776   3.0    0.842  0.710     7    8    6    
  8 Sacramento                      41-27   0.762   2.3    0.796  0.727     8    7    30   

                                           -------Rating----------------  ----Rank----            
Rank Team                            W-L     KRS    SRS    S-Ix   WRS       S    W    SOS
========================================================================================
  9 Phoenix                         37-32   0.685   1.8    0.762  0.609     9    11   18   
 10 Oklahoma City                   34-35   0.640   1.7    0.754  0.527     10   17   17   
 11 Brooklyn                        39-30   0.693   0.9    0.701  0.686     11   9    4    
 12 Chicago                         31-37   0.574   0.8    0.693  0.456     12   23   9    
 13 Toronto                         33-36   0.589   0.5    0.677  0.501     13   19   7    
 14 New Orleans                     33-36   0.585   0.5    0.675  0.494     14   20   10   
 15 Dallas                          35-35   0.602   0.5    0.673  0.531     15   14   22   
 16 Golden State                    36-34   0.616   0.5    0.673  0.560     16   13   20   

                                           -------Rating----------------  ----Rank----            
Rank Team                            W-L     KRS    SRS    S-Ix   WRS       S    W    SOS
========================================================================================
 17 Washington                      32-37   0.553   -0.1   0.635  0.472     17   21   8    
 18 LA Clippers                     37-33   0.607   -0.2   0.630  0.584     18   12   28   
 19 Minnesota                       35-35   0.579   -0.2   0.629  0.529     19   15   26   
 20 Atlanta                         34-35   0.577   -0.2   0.626  0.528     20   16   14   
 21 Miami                           38-33   0.627   -0.2   0.626  0.629     21   10   3    
 22 Utah                            33-36   0.545   -0.3   0.621  0.469     22   22   27   
 23 LA Lakers                       34-36   0.560   -0.5   0.608  0.513     23   18   19   
 24 Portland                        31-38   0.477   -1.6   0.532  0.423     24   25   25   

                                           -------Rating----------------  ----Rank----            
Rank Team                            W-L     KRS    SRS    S-Ix   WRS       S    W    SOS
========================================================================================
 25 Indiana                         31-38   0.458   -2.3   0.484  0.432     25   24   13   
 26 Orlando                         28-41   0.394   -2.9   0.444  0.344     26   26   15   
 27 Charlotte                       22-49   0.215   -5.6   0.268  0.162     27   27   2    
 28 Detroit                         16-54   0.091   -6.8   0.182  0.000     28   30   1    
 29 Houston                         17-52   0.072   -7.7   0.124  0.020     29   29   5    
 30 San Antonio                     18-51   0.016   -9.5   0.000  0.031     30   28   11   
</div></pre>
</div>
<div class="tabbertab" title="Wins Based">
<pre><div id=data>

                                           -------Rating----------------  ----Rank----            
Rank Team                            W-L     KRS    SRS    S-Ix   WRS       S    W    SOS
========================================================================================
  1 Milwaukee                       50-19   0.959   4.1    0.918  1.000     4    1    16   
  2 Boston                          48-22   0.953   5.2    0.992  0.915     2    2    23   
  3 Philadelphia                    46-22   0.912   4.3    0.927  0.897     3    3    24   
  4 Denver                          46-23   0.857   3.3    0.860  0.855     6    4    29   
  5 Cleveland                       44-28   0.889   5.3    1.000  0.778     1    5    12   
  6 Memphis                         41-27   0.816   3.6    0.886  0.746     5    6    21   
  7 Sacramento                      41-27   0.762   2.3    0.796  0.727     8    7    30   
  8 New York                        41-30   0.776   3.0    0.842  0.710     7    8    6    

                                           -------Rating----------------  ----Rank----            
Rank Team                            W-L     KRS    SRS    S-Ix   WRS       S    W    SOS
========================================================================================
  9 Brooklyn                        39-30   0.693   0.9    0.701  0.686     11   9    4    
 10 Miami                           38-33   0.627   -0.2   0.626  0.629     21   10   3    
 11 Phoenix                         37-32   0.685   1.8    0.762  0.609     9    11   18   
 12 LA Clippers                     37-33   0.607   -0.2   0.630  0.584     18   12   28   
 13 Golden State                    36-34   0.616   0.5    0.673  0.560     16   13   20   
 14 Dallas                          35-35   0.602   0.5    0.673  0.531     15   14   22   
 15 Minnesota                       35-35   0.579   -0.2   0.629  0.529     19   15   26   
 16 Atlanta                         34-35   0.577   -0.2   0.626  0.528     20   16   14   

                                           -------Rating----------------  ----Rank----            
Rank Team                            W-L     KRS    SRS    S-Ix   WRS       S    W    SOS
========================================================================================
 17 Oklahoma City                   34-35   0.640   1.7    0.754  0.527     10   17   17   
 18 LA Lakers                       34-36   0.560   -0.5   0.608  0.513     23   18   19   
 19 Toronto                         33-36   0.589   0.5    0.677  0.501     13   19   7    
 20 New Orleans                     33-36   0.585   0.5    0.675  0.494     14   20   10   
 21 Washington                      32-37   0.553   -0.1   0.635  0.472     17   21   8    
 22 Utah                            33-36   0.545   -0.3   0.621  0.469     22   22   27   
 23 Chicago                         31-37   0.574   0.8    0.693  0.456     12   23   9    
 24 Indiana                         31-38   0.458   -2.3   0.484  0.432     25   24   13   

                                           -------Rating----------------  ----Rank----            
Rank Team                            W-L     KRS    SRS    S-Ix   WRS       S    W    SOS
========================================================================================
 25 Portland                        31-38   0.477   -1.6   0.532  0.423     24   25   25   
 26 Orlando                         28-41   0.394   -2.9   0.444  0.344     26   26   15   
 27 Charlotte                       22-49   0.215   -5.6   0.268  0.162     27   27   2    
 28 San Antonio                     18-51   0.016   -9.5   0.000  0.031     30   28   11   
 29 Houston                         17-52   0.072   -7.7   0.124  0.020     29   29   5    
 30 Detroit                         16-54   0.091   -6.8   0.182  0.000     28   30   1    
</div></pre>
</div>
<div class="tabbertab" title="BCS">
<pre><div id=data>

                                           -------Rating----------------  ----Rank----            
Rank Team                            W-L     KRS    SRS    S-Ix   WRS       S    W    SOS
========================================================================================
  1 Milwaukee                       50-19   0.959   4.1    0.918  1.000     4    1    16   
  2 Boston                          48-22   0.953   5.2    0.992  0.915     2    2    23   
  3 Philadelphia                    46-22   0.912   4.3    0.927  0.897     3    3    24   
  4 Cleveland                       44-28   0.889   5.3    1.000  0.778     1    5    12   
  5 Denver                          46-23   0.857   3.3    0.860  0.855     6    4    29   
  6 Memphis                         41-27   0.816   3.6    0.886  0.746     5    6    21   
  7 New York                        41-30   0.776   3.0    0.842  0.710     7    8    6    
  8 Sacramento                      41-27   0.762   2.3    0.796  0.727     8    7    30   

                                           -------Rating----------------  ----Rank----            
Rank Team                            W-L     KRS    SRS    S-Ix   WRS       S    W    SOS
========================================================================================
  9 Brooklyn                        39-30   0.693   0.9    0.701  0.686     11   9    4    
 10 Phoenix                         37-32   0.685   1.8    0.762  0.609     9    11   18   
 11 Oklahoma City                   34-35   0.640   1.7    0.754  0.527     10   17   17   
 12 Miami                           38-33   0.627   -0.2   0.626  0.629     21   10   3    
 13 Golden State                    36-34   0.616   0.5    0.673  0.560     16   13   20   
 14 LA Clippers                     37-33   0.607   -0.2   0.630  0.584     18   12   28   
 15 Dallas                          35-35   0.602   0.5    0.673  0.531     15   14   22   
 16 Toronto                         33-36   0.589   0.5    0.677  0.501     13   19   7    

                                           -------Rating----------------  ----Rank----            
Rank Team                            W-L     KRS    SRS    S-Ix   WRS       S    W    SOS
========================================================================================
 17 New Orleans                     33-36   0.585   0.5    0.675  0.494     14   20   10   
 18 Minnesota                       35-35   0.579   -0.2   0.629  0.529     19   15   26   
 19 Atlanta                         34-35   0.577   -0.2   0.626  0.528     20   16   14   
 20 Chicago                         31-37   0.574   0.8    0.693  0.456     12   23   9    
 21 LA Lakers                       34-36   0.560   -0.5   0.608  0.513     23   18   19   
 22 Washington                      32-37   0.553   -0.1   0.635  0.472     17   21   8    
 23 Utah                            33-36   0.545   -0.3   0.621  0.469     22   22   27   
 24 Portland                        31-38   0.477   -1.6   0.532  0.423     24   25   25   

                                           -------Rating----------------  ----Rank----            
Rank Team                            W-L     KRS    SRS    S-Ix   WRS       S    W    SOS
========================================================================================
 25 Indiana                         31-38   0.458   -2.3   0.484  0.432     25   24   13   
 26 Orlando                         28-41   0.394   -2.9   0.444  0.344     26   26   15   
 27 Charlotte                       22-49   0.215   -5.6   0.268  0.162     27   27   2    
 28 Detroit                         16-54   0.091   -6.8   0.182  0.000     28   30   1    
 29 Houston                         17-52   0.072   -7.7   0.124  0.020     29   29   5    
 30 San Antonio                     18-51   0.016   -9.5   0.000  0.031     30   28   11   
</div></pre>
</div>
<div class="tabbertab" title="SOS">
<pre><div id=data>

                                           -------Rating----------------  ----Rank----            
Rank Team                            W-L     KRS    SRS    S-Ix   WRS       S    W    SOS
========================================================================================
  1 Detroit                         16-54   0.091   -6.8   0.182  0.000     28   30   1    
  2 Charlotte                       22-49   0.215   -5.6   0.268  0.162     27   27   2    
  3 Miami                           38-33   0.627   -0.2   0.626  0.629     21   10   3    
  4 Brooklyn                        39-30   0.693   0.9    0.701  0.686     11   9    4    
  5 Houston                         17-52   0.072   -7.7   0.124  0.020     29   29   5    
  6 New York                        41-30   0.776   3.0    0.842  0.710     7    8    6    
  7 Toronto                         33-36   0.589   0.5    0.677  0.501     13   19   7    
  8 Washington                      32-37   0.553   -0.1   0.635  0.472     17   21   8    

                                           -------Rating----------------  ----Rank----            
Rank Team                            W-L     KRS    SRS    S-Ix   WRS       S    W    SOS
========================================================================================
  9 Chicago                         31-37   0.574   0.8    0.693  0.456     12   23   9    
 10 New Orleans                     33-36   0.585   0.5    0.675  0.494     14   20   10   
 11 San Antonio                     18-51   0.016   -9.5   0.000  0.031     30   28   11   
 12 Cleveland                       44-28   0.889   5.3    1.000  0.778     1    5    12   
 13 Indiana                         31-38   0.458   -2.3   0.484  0.432     25   24   13   
 14 Atlanta                         34-35   0.577   -0.2   0.626  0.528     20   16   14   
 15 Orlando                         28-41   0.394   -2.9   0.444  0.344     26   26   15   
 16 Milwaukee                       50-19   0.959   4.1    0.918  1.000     4    1    16   

                                           -------Rating----------------  ----Rank----            
Rank Team                            W-L     KRS    SRS    S-Ix   WRS       S    W    SOS
========================================================================================
 17 Oklahoma City                   34-35   0.640   1.7    0.754  0.527     10   17   17   
 18 Phoenix                         37-32   0.685   1.8    0.762  0.609     9    11   18   
 19 LA Lakers                       34-36   0.560   -0.5   0.608  0.513     23   18   19   
 20 Golden State                    36-34   0.616   0.5    0.673  0.560     16   13   20   
 21 Memphis                         41-27   0.816   3.6    0.886  0.746     5    6    21   
 22 Dallas                          35-35   0.602   0.5    0.673  0.531     15   14   22   
 23 Boston                          48-22   0.953   5.2    0.992  0.915     2    2    23   
 24 Philadelphia                    46-22   0.912   4.3    0.927  0.897     3    3    24   

                                           -------Rating----------------  ----Rank----            
Rank Team                            W-L     KRS    SRS    S-Ix   WRS       S    W    SOS
========================================================================================
 25 Portland                        31-38   0.477   -1.6   0.532  0.423     24   25   25   
 26 Minnesota                       35-35   0.579   -0.2   0.629  0.529     19   15   26   
 27 Utah                            33-36   0.545   -0.3   0.621  0.469     22   22   27   
 28 LA Clippers                     37-33   0.607   -0.2   0.630  0.584     18   12   28   
 29 Denver                          46-23   0.857   3.3    0.860  0.855     6    4    29   
 30 Sacramento                      41-27   0.762   2.3    0.796  0.727     8    7    30   
</div></pre>
</div>
	</pre>
	</p>
	</span>
</body>
<body>
<h3>Other links</h3>
<h4>Home</h4>
	<ul>
			<li class="listyle"><a href="https://2skupz.github.io/index.html"> Index</a></li>
	</ul>
</body>
