<html>
<head>
<!-- Global Site Tag (gtag.js) - Google Analytics -->
<title>2023 NBA Rankings</title>
<script type="text/javascript" src="tabber.js">
</script>
<link href="https://fonts.googleapis.com/css?family=Roboto+Slab|Droid+Sans+Mono" rel="stylesheet">
<style>
 body {
			font-family: "Roboto Slab", serif;
			font-size: 12px;
			}
#data {
			font-family: "Droid Sans Mono", serif;
			font-size: 13px;
		}
</style>
<link rel="stylesheet" href="tabbedPage.css" TYPE="text/css" MEDIA="screen">
</head>
<body bgcolor=#fbeec1>
<hr>
<table width=100%>
<tr><td align=left>
<h1 align="center">2023 NBA Rankings</h1>
</td>
</tr></table>
<p>
Standings through 02.28.23
<hr>
<center>
<table width=100% border=1><tr>
<td valign=top>
<div class="tabber">
<div class="tabbertab" title="Ken Power Index">
<pre><div id=data>

                                           -------Rating----------------  ----Rank----            
Rank Team                            W-L     KRS    SRS    S-Ix   WRS       S    W    SOS
========================================================================================
  1 Boston                          44-18   0.987   5.5    0.998  0.975     2    2    23   
  2 Milwaukee                       44-17   0.943   3.7    0.886  1.000     5    1    20   
  3 Denver                          44-19   0.918   4.0    0.902  0.934     4    3    28   
  4 Cleveland                       39-25   0.898   5.5    1.000  0.796     1    5    11   
  5 Philadelphia                    39-21   0.862   3.5    0.871  0.853     6    4    22   
  6 Memphis                         37-23   0.851   4.1    0.909  0.793     3    6    18   
  7 New York                        36-27   0.777   3.0    0.836  0.718     7    7    10   
  8 Sacramento                      36-25   0.741   2.0    0.775  0.706     8    8    30   

                                           -------Rating----------------  ----Rank----            
Rank Team                            W-L     KRS    SRS    S-Ix   WRS       S    W    SOS
========================================================================================
  9 Brooklyn                        34-27   0.694   0.8    0.698  0.690     12   9    8    
 10 Phoenix                         33-29   0.677   1.4    0.732  0.623     9    11   19   
 11 Dallas                          32-31   0.627   0.6    0.685  0.569     15   14   21   
 12 Miami                           33-29   0.625   -0.5   0.613  0.637     21   10   15   
 13 Golden State                    32-30   0.618   0.2    0.660  0.577     16   12   24   
 14 Toronto                         31-32   0.618   0.7    0.688  0.548     14   16   14   
 15 New Orleans                     30-32   0.615   0.8    0.696  0.534     13   18   13   
 16 Oklahoma City                   28-33   0.608   1.2    0.724  0.493     10   23   12   

                                           -------Rating----------------  ----Rank----            
Rank Team                            W-L     KRS    SRS    S-Ix   WRS       S    W    SOS
========================================================================================
 17 Atlanta                         31-31   0.600   -0.1   0.636  0.564     19   15   17   
 18 Chicago                         28-34   0.598   1.0    0.707  0.489     11   24   4    
 19 Utah                            31-32   0.593   0.2    0.657  0.529     17   19   25   
 20 LA Clippers                     33-31   0.590   -0.5   0.610  0.571     22   13   29   
 21 Washington                      29-32   0.589   0.1    0.651  0.528     18   20   7    
 22 Minnesota                       32-32   0.577   -0.5   0.613  0.540     20   17   27   
 23 Portland                        29-32   0.548   -0.7   0.597  0.499     23   22   26   
 24 LA Lakers                       29-33   0.543   -1.1   0.575  0.510     24   21   16   

                                           -------Rating----------------  ----Rank----            
Rank Team                            W-L     KRS    SRS    S-Ix   WRS       S    W    SOS
========================================================================================
 25 Indiana                         28-35   0.502   -1.9   0.523  0.480     25   25   2    
 26 Orlando                         26-36   0.444   -2.5   0.482  0.406     26   26   9    
 27 Charlotte                       20-43   0.254   -5.5   0.288  0.219     27   27   6    
 28 Detroit                         15-47   0.142   -6.8   0.202  0.082     28   28   1    
 29 Houston                         13-48   0.047   -8.5   0.094  0.000     29   30   3    
 30 San Antonio                     15-47   0.023   -9.9   0.000  0.046     30   29   5    
</div></pre>
</div>
<div class="tabbertab" title="Points Based">
<pre><div id=data>

                                           -------Rating----------------  ----Rank----            
Rank Team                            W-L     KRS    SRS    S-Ix   WRS       S    W    SOS
========================================================================================
  1 Cleveland                       39-25   0.898   5.5    1.000  0.796     1    5    11   
  2 Boston                          44-18   0.987   5.5    0.998  0.975     2    2    23   
  3 Memphis                         37-23   0.851   4.1    0.909  0.793     3    6    18   
  4 Denver                          44-19   0.918   4.0    0.902  0.934     4    3    28   
  5 Milwaukee                       44-17   0.943   3.7    0.886  1.000     5    1    20   
  6 Philadelphia                    39-21   0.862   3.5    0.871  0.853     6    4    22   
  7 New York                        36-27   0.777   3.0    0.836  0.718     7    7    10   
  8 Sacramento                      36-25   0.741   2.0    0.775  0.706     8    8    30   

                                           -------Rating----------------  ----Rank----            
Rank Team                            W-L     KRS    SRS    S-Ix   WRS       S    W    SOS
========================================================================================
  9 Phoenix                         33-29   0.677   1.4    0.732  0.623     9    11   19   
 10 Oklahoma City                   28-33   0.608   1.2    0.724  0.493     10   23   12   
 11 Chicago                         28-34   0.598   1.0    0.707  0.489     11   24   4    
 12 Brooklyn                        34-27   0.694   0.8    0.698  0.690     12   9    8    
 13 New Orleans                     30-32   0.615   0.8    0.696  0.534     13   18   13   
 14 Toronto                         31-32   0.618   0.7    0.688  0.548     14   16   14   
 15 Dallas                          32-31   0.627   0.6    0.685  0.569     15   14   21   
 16 Golden State                    32-30   0.618   0.2    0.660  0.577     16   12   24   

                                           -------Rating----------------  ----Rank----            
Rank Team                            W-L     KRS    SRS    S-Ix   WRS       S    W    SOS
========================================================================================
 17 Utah                            31-32   0.593   0.2    0.657  0.529     17   19   25   
 18 Washington                      29-32   0.589   0.1    0.651  0.528     18   20   7    
 19 Atlanta                         31-31   0.600   -0.1   0.636  0.564     19   15   17   
 20 Minnesota                       32-32   0.577   -0.5   0.613  0.540     20   17   27   
 21 Miami                           33-29   0.625   -0.5   0.613  0.637     21   10   15   
 22 LA Clippers                     33-31   0.590   -0.5   0.610  0.571     22   13   29   
 23 Portland                        29-32   0.548   -0.7   0.597  0.499     23   22   26   
 24 LA Lakers                       29-33   0.543   -1.1   0.575  0.510     24   21   16   

                                           -------Rating----------------  ----Rank----            
Rank Team                            W-L     KRS    SRS    S-Ix   WRS       S    W    SOS
========================================================================================
 25 Indiana                         28-35   0.502   -1.9   0.523  0.480     25   25   2    
 26 Orlando                         26-36   0.444   -2.5   0.482  0.406     26   26   9    
 27 Charlotte                       20-43   0.254   -5.5   0.288  0.219     27   27   6    
 28 Detroit                         15-47   0.142   -6.8   0.202  0.082     28   28   1    
 29 Houston                         13-48   0.047   -8.5   0.094  0.000     29   30   3    
 30 San Antonio                     15-47   0.023   -9.9   0.000  0.046     30   29   5    
</div></pre>
</div>
<div class="tabbertab" title="Wins Based">
<pre><div id=data>

                                           -------Rating----------------  ----Rank----            
Rank Team                            W-L     KRS    SRS    S-Ix   WRS       S    W    SOS
========================================================================================
  1 Milwaukee                       44-17   0.943   3.7    0.886  1.000     5    1    20   
  2 Boston                          44-18   0.987   5.5    0.998  0.975     2    2    23   
  3 Denver                          44-19   0.918   4.0    0.902  0.934     4    3    28   
  4 Philadelphia                    39-21   0.862   3.5    0.871  0.853     6    4    22   
  5 Cleveland                       39-25   0.898   5.5    1.000  0.796     1    5    11   
  6 Memphis                         37-23   0.851   4.1    0.909  0.793     3    6    18   
  7 New York                        36-27   0.777   3.0    0.836  0.718     7    7    10   
  8 Sacramento                      36-25   0.741   2.0    0.775  0.706     8    8    30   

                                           -------Rating----------------  ----Rank----            
Rank Team                            W-L     KRS    SRS    S-Ix   WRS       S    W    SOS
========================================================================================
  9 Brooklyn                        34-27   0.694   0.8    0.698  0.690     12   9    8    
 10 Miami                           33-29   0.625   -0.5   0.613  0.637     21   10   15   
 11 Phoenix                         33-29   0.677   1.4    0.732  0.623     9    11   19   
 12 Golden State                    32-30   0.618   0.2    0.660  0.577     16   12   24   
 13 LA Clippers                     33-31   0.590   -0.5   0.610  0.571     22   13   29   
 14 Dallas                          32-31   0.627   0.6    0.685  0.569     15   14   21   
 15 Atlanta                         31-31   0.600   -0.1   0.636  0.564     19   15   17   
 16 Toronto                         31-32   0.618   0.7    0.688  0.548     14   16   14   

                                           -------Rating----------------  ----Rank----            
Rank Team                            W-L     KRS    SRS    S-Ix   WRS       S    W    SOS
========================================================================================
 17 Minnesota                       32-32   0.577   -0.5   0.613  0.540     20   17   27   
 18 New Orleans                     30-32   0.615   0.8    0.696  0.534     13   18   13   
 19 Utah                            31-32   0.593   0.2    0.657  0.529     17   19   25   
 20 Washington                      29-32   0.589   0.1    0.651  0.528     18   20   7    
 21 LA Lakers                       29-33   0.543   -1.1   0.575  0.510     24   21   16   
 22 Portland                        29-32   0.548   -0.7   0.597  0.499     23   22   26   
 23 Oklahoma City                   28-33   0.608   1.2    0.724  0.493     10   23   12   
 24 Chicago                         28-34   0.598   1.0    0.707  0.489     11   24   4    

                                           -------Rating----------------  ----Rank----            
Rank Team                            W-L     KRS    SRS    S-Ix   WRS       S    W    SOS
========================================================================================
 25 Indiana                         28-35   0.502   -1.9   0.523  0.480     25   25   2    
 26 Orlando                         26-36   0.444   -2.5   0.482  0.406     26   26   9    
 27 Charlotte                       20-43   0.254   -5.5   0.288  0.219     27   27   6    
 28 Detroit                         15-47   0.142   -6.8   0.202  0.082     28   28   1    
 29 San Antonio                     15-47   0.023   -9.9   0.000  0.046     30   29   5    
 30 Houston                         13-48   0.047   -8.5   0.094  0.000     29   30   3    
</div></pre>
</div>
<div class="tabbertab" title="BCS">
<pre><div id=data>

                                           -------Rating----------------  ----Rank----            
Rank Team                            W-L     KRS    SRS    S-Ix   WRS       S    W    SOS
========================================================================================
  1 Boston                          44-18   0.987   5.5    0.998  0.975     2    2    23   
  2 Milwaukee                       44-17   0.943   3.7    0.886  1.000     5    1    20   
  3 Denver                          44-19   0.918   4.0    0.902  0.934     4    3    28   
  4 Cleveland                       39-25   0.898   5.5    1.000  0.796     1    5    11   
  5 Philadelphia                    39-21   0.862   3.5    0.871  0.853     6    4    22   
  6 Memphis                         37-23   0.851   4.1    0.909  0.793     3    6    18   
  7 New York                        36-27   0.777   3.0    0.836  0.718     7    7    10   
  8 Sacramento                      36-25   0.741   2.0    0.775  0.706     8    8    30   

                                           -------Rating----------------  ----Rank----            
Rank Team                            W-L     KRS    SRS    S-Ix   WRS       S    W    SOS
========================================================================================
  9 Brooklyn                        34-27   0.694   0.8    0.698  0.690     12   9    8    
 10 Phoenix                         33-29   0.677   1.4    0.732  0.623     9    11   19   
 11 Dallas                          32-31   0.627   0.6    0.685  0.569     15   14   21   
 12 Miami                           33-29   0.625   -0.5   0.613  0.637     21   10   15   
 13 Golden State                    32-30   0.618   0.2    0.660  0.577     16   12   24   
 14 Toronto                         31-32   0.618   0.7    0.688  0.548     14   16   14   
 15 New Orleans                     30-32   0.615   0.8    0.696  0.534     13   18   13   
 16 Oklahoma City                   28-33   0.608   1.2    0.724  0.493     10   23   12   

                                           -------Rating----------------  ----Rank----            
Rank Team                            W-L     KRS    SRS    S-Ix   WRS       S    W    SOS
========================================================================================
 17 Atlanta                         31-31   0.600   -0.1   0.636  0.564     19   15   17   
 18 Chicago                         28-34   0.598   1.0    0.707  0.489     11   24   4    
 19 Utah                            31-32   0.593   0.2    0.657  0.529     17   19   25   
 20 LA Clippers                     33-31   0.590   -0.5   0.610  0.571     22   13   29   
 21 Washington                      29-32   0.589   0.1    0.651  0.528     18   20   7    
 22 Minnesota                       32-32   0.577   -0.5   0.613  0.540     20   17   27   
 23 Portland                        29-32   0.548   -0.7   0.597  0.499     23   22   26   
 24 LA Lakers                       29-33   0.543   -1.1   0.575  0.510     24   21   16   

                                           -------Rating----------------  ----Rank----            
Rank Team                            W-L     KRS    SRS    S-Ix   WRS       S    W    SOS
========================================================================================
 25 Indiana                         28-35   0.502   -1.9   0.523  0.480     25   25   2    
 26 Orlando                         26-36   0.444   -2.5   0.482  0.406     26   26   9    
 27 Charlotte                       20-43   0.254   -5.5   0.288  0.219     27   27   6    
 28 Detroit                         15-47   0.142   -6.8   0.202  0.082     28   28   1    
 29 Houston                         13-48   0.047   -8.5   0.094  0.000     29   30   3    
 30 San Antonio                     15-47   0.023   -9.9   0.000  0.046     30   29   5    
</div></pre>
</div>
<div class="tabbertab" title="SOS">
<pre><div id=data>

                                           -------Rating----------------  ----Rank----            
Rank Team                            W-L     KRS    SRS    S-Ix   WRS       S    W    SOS
========================================================================================
  1 Detroit                         15-47   0.142   -6.8   0.202  0.082     28   28   1    
  2 Indiana                         28-35   0.502   -1.9   0.523  0.480     25   25   2    
  3 Houston                         13-48   0.047   -8.5   0.094  0.000     29   30   3    
  4 Chicago                         28-34   0.598   1.0    0.707  0.489     11   24   4    
  5 San Antonio                     15-47   0.023   -9.9   0.000  0.046     30   29   5    
  6 Charlotte                       20-43   0.254   -5.5   0.288  0.219     27   27   6    
  7 Washington                      29-32   0.589   0.1    0.651  0.528     18   20   7    
  8 Brooklyn                        34-27   0.694   0.8    0.698  0.690     12   9    8    

                                           -------Rating----------------  ----Rank----            
Rank Team                            W-L     KRS    SRS    S-Ix   WRS       S    W    SOS
========================================================================================
  9 Orlando                         26-36   0.444   -2.5   0.482  0.406     26   26   9    
 10 New York                        36-27   0.777   3.0    0.836  0.718     7    7    10   
 11 Cleveland                       39-25   0.898   5.5    1.000  0.796     1    5    11   
 12 Oklahoma City                   28-33   0.608   1.2    0.724  0.493     10   23   12   
 13 New Orleans                     30-32   0.615   0.8    0.696  0.534     13   18   13   
 14 Toronto                         31-32   0.618   0.7    0.688  0.548     14   16   14   
 15 Miami                           33-29   0.625   -0.5   0.613  0.637     21   10   15   
 16 LA Lakers                       29-33   0.543   -1.1   0.575  0.510     24   21   16   

                                           -------Rating----------------  ----Rank----            
Rank Team                            W-L     KRS    SRS    S-Ix   WRS       S    W    SOS
========================================================================================
 17 Atlanta                         31-31   0.600   -0.1   0.636  0.564     19   15   17   
 18 Memphis                         37-23   0.851   4.1    0.909  0.793     3    6    18   
 19 Phoenix                         33-29   0.677   1.4    0.732  0.623     9    11   19   
 20 Milwaukee                       44-17   0.943   3.7    0.886  1.000     5    1    20   
 21 Dallas                          32-31   0.627   0.6    0.685  0.569     15   14   21   
 22 Philadelphia                    39-21   0.862   3.5    0.871  0.853     6    4    22   
 23 Boston                          44-18   0.987   5.5    0.998  0.975     2    2    23   
 24 Golden State                    32-30   0.618   0.2    0.660  0.577     16   12   24   

                                           -------Rating----------------  ----Rank----            
Rank Team                            W-L     KRS    SRS    S-Ix   WRS       S    W    SOS
========================================================================================
 25 Utah                            31-32   0.593   0.2    0.657  0.529     17   19   25   
 26 Portland                        29-32   0.548   -0.7   0.597  0.499     23   22   26   
 27 Minnesota                       32-32   0.577   -0.5   0.613  0.540     20   17   27   
 28 Denver                          44-19   0.918   4.0    0.902  0.934     4    3    28   
 29 LA Clippers                     33-31   0.590   -0.5   0.610  0.571     22   13   29   
 30 Sacramento                      36-25   0.741   2.0    0.775  0.706     8    8    30   
</div></pre>
</div>
	</pre>
	</p>
	</span>
</body>
<body>
<h3>Other links</h3>
<h4>Home</h4>
	<ul>
			<li class="listyle"><a href="https://2skupz.github.io/index.html"> Index</a></li>
	</ul>
</body>
