<html>
<head>
<!-- Global Site Tag (gtag.js) - Google Analytics -->
<title>2023 NBA Rankings</title>
<script type="text/javascript" src="tabber.js">
</script>
<link href="https://fonts.googleapis.com/css?family=Roboto+Slab|Droid+Sans+Mono" rel="stylesheet">
<style>
 body {
			font-family: "Roboto Slab", serif;
			font-size: 12px;
			}
#data {
			font-family: "Droid Sans Mono", serif;
			font-size: 13px;
		}
</style>
<link rel="stylesheet" href="tabbedPage.css" TYPE="text/css" MEDIA="screen">
</head>
<body bgcolor=#fbeec1>
<hr>
<table width=100%>
<tr><td align=left>
<h1 align="center">2023 NBA Rankings</h1>
</td>
</tr></table>
<p>
Standings through 04.21.23
<hr>
<center>
<table width=100% border=1><tr>
<td valign=top>
<div class="tabber">
<div class="tabbertab" title="Ken Power Index">
<pre><div id=data>

                                           -------Rating----------------  ----Rank----            
Rank Team                            W-L     KRS    SRS    S-Ix   WRS       S    W    SOS
========================================================================================
  1 Boston                          59-26   0.991   6.4    1.000  0.981     1    2    25   
  2 Philadelphia                    57-28   0.919   4.7    0.894  0.944     3    3    14   
  3 Milwaukee                       59-25   0.913   3.6    0.826  1.000     4    1    17   
  4 Cleveland                       52-33   0.869   5.1    0.920  0.819     2    5    18   
  5 Denver                          56-29   0.857   3.5    0.820  0.894     6    4    29   
  6 Memphis                         52-32   0.816   3.5    0.820  0.813     5    6    30   
  7 New York                        49-36   0.777   3.1    0.800  0.755     7    7    8    
  8 Sacramento                      50-35   0.748   2.2    0.743  0.752     8    8    28   

                                           -------Rating----------------  ----Rank----            
Rank Team                            W-L     KRS    SRS    S-Ix   WRS       S    W    SOS
========================================================================================
  9 Phoenix                         47-38   0.719   2.2    0.740  0.697     9    9    16   
 10 Golden State                    45-40   0.678   1.7    0.713  0.644     10   12   21   
 11 Brooklyn                        45-40   0.660   0.7    0.652  0.667     14   11   3    
 12 New Orleans                     42-41   0.644   1.6    0.703  0.585     11   16   27   
 13 LA Lakers                       45-40   0.643   0.6    0.645  0.642     16   13   20   
 14 Toronto                         41-42   0.642   1.5    0.701  0.583     12   17   12   
 15 Miami                           46-40   0.637   -0.1   0.602  0.673     19   10   5    
 16 LA Clippers                     45-40   0.629   0.2    0.620  0.638     18   14   24   

                                           -------Rating----------------  ----Rank----            
Rank Team                            W-L     KRS    SRS    S-Ix   WRS       S    W    SOS
========================================================================================
 17 Chicago                         41-43   0.626   1.3    0.685  0.568     13   19   13   
 18 Atlanta                         43-43   0.617   0.4    0.633  0.600     17   15   6    
 19 Oklahoma City                   41-43   0.603   0.7    0.651  0.554     15   20   23   
 20 Minnesota                       43-44   0.578   -0.4   0.582  0.573     21   18   19   
 21 Dallas                          38-44   0.548   -0.1   0.598  0.499     20   21   26   
 22 Utah                            37-45   0.511   -1.0   0.543  0.480     22   22   22   
 23 Washington                      35-47   0.493   -1.1   0.541  0.445     23   23   11   
 24 Orlando                         34-48   0.436   -2.4   0.459  0.413     24   25   10   

                                           -------Rating----------------  ----Rank----            
Rank Team                            W-L     KRS    SRS    S-Ix   WRS       S    W    SOS
========================================================================================
 25 Indiana                         35-47   0.436   -2.9   0.427  0.444     25   24   4    
 26 Portland                        33-49   0.371   -4.0   0.362  0.380     26   26   15   
 27 Charlotte                       27-55   0.241   -5.9   0.242  0.240     27   27   2    
 28 Houston                         22-60   0.123   -7.6   0.136  0.111     28   28   7    
 29 Detroit                         17-65   0.065   -7.7   0.129  0.000     29   30   1    
 30 San Antonio                     22-60   0.052   -9.8   0.000  0.104     30   29   9    
</div></pre>
</div>
<div class="tabbertab" title="Points Based">
<pre><div id=data>

                                           -------Rating----------------  ----Rank----            
Rank Team                            W-L     KRS    SRS    S-Ix   WRS       S    W    SOS
========================================================================================
  1 Boston                          59-26   0.991   6.4    1.000  0.981     1    2    25   
  2 Cleveland                       52-33   0.869   5.1    0.920  0.819     2    5    18   
  3 Philadelphia                    57-28   0.919   4.7    0.894  0.944     3    3    14   
  4 Milwaukee                       59-25   0.913   3.6    0.826  1.000     4    1    17   
  5 Memphis                         52-32   0.816   3.5    0.820  0.813     5    6    30   
  6 Denver                          56-29   0.857   3.5    0.820  0.894     6    4    29   
  7 New York                        49-36   0.777   3.1    0.800  0.755     7    7    8    
  8 Sacramento                      50-35   0.748   2.2    0.743  0.752     8    8    28   

                                           -------Rating----------------  ----Rank----            
Rank Team                            W-L     KRS    SRS    S-Ix   WRS       S    W    SOS
========================================================================================
  9 Phoenix                         47-38   0.719   2.2    0.740  0.697     9    9    16   
 10 Golden State                    45-40   0.678   1.7    0.713  0.644     10   12   21   
 11 New Orleans                     42-41   0.644   1.6    0.703  0.585     11   16   27   
 12 Toronto                         41-42   0.642   1.5    0.701  0.583     12   17   12   
 13 Chicago                         41-43   0.626   1.3    0.685  0.568     13   19   13   
 14 Brooklyn                        45-40   0.660   0.7    0.652  0.667     14   11   3    
 15 Oklahoma City                   41-43   0.603   0.7    0.651  0.554     15   20   23   
 16 LA Lakers                       45-40   0.643   0.6    0.645  0.642     16   13   20   

                                           -------Rating----------------  ----Rank----            
Rank Team                            W-L     KRS    SRS    S-Ix   WRS       S    W    SOS
========================================================================================
 17 Atlanta                         43-43   0.617   0.4    0.633  0.600     17   15   6    
 18 LA Clippers                     45-40   0.629   0.2    0.620  0.638     18   14   24   
 19 Miami                           46-40   0.637   -0.1   0.602  0.673     19   10   5    
 20 Dallas                          38-44   0.548   -0.1   0.598  0.499     20   21   26   
 21 Minnesota                       43-44   0.578   -0.4   0.582  0.573     21   18   19   
 22 Utah                            37-45   0.511   -1.0   0.543  0.480     22   22   22   
 23 Washington                      35-47   0.493   -1.1   0.541  0.445     23   23   11   
 24 Orlando                         34-48   0.436   -2.4   0.459  0.413     24   25   10   

                                           -------Rating----------------  ----Rank----            
Rank Team                            W-L     KRS    SRS    S-Ix   WRS       S    W    SOS
========================================================================================
 25 Indiana                         35-47   0.436   -2.9   0.427  0.444     25   24   4    
 26 Portland                        33-49   0.371   -4.0   0.362  0.380     26   26   15   
 27 Charlotte                       27-55   0.241   -5.9   0.242  0.240     27   27   2    
 28 Houston                         22-60   0.123   -7.6   0.136  0.111     28   28   7    
 29 Detroit                         17-65   0.065   -7.7   0.129  0.000     29   30   1    
 30 San Antonio                     22-60   0.052   -9.8   0.000  0.104     30   29   9    
</div></pre>
</div>
<div class="tabbertab" title="Wins Based">
<pre><div id=data>

                                           -------Rating----------------  ----Rank----            
Rank Team                            W-L     KRS    SRS    S-Ix   WRS       S    W    SOS
========================================================================================
  1 Milwaukee                       59-25   0.913   3.6    0.826  1.000     4    1    17   
  2 Boston                          59-26   0.991   6.4    1.000  0.981     1    2    25   
  3 Philadelphia                    57-28   0.919   4.7    0.894  0.944     3    3    14   
  4 Denver                          56-29   0.857   3.5    0.820  0.894     6    4    29   
  5 Cleveland                       52-33   0.869   5.1    0.920  0.819     2    5    18   
  6 Memphis                         52-32   0.816   3.5    0.820  0.813     5    6    30   
  7 New York                        49-36   0.777   3.1    0.800  0.755     7    7    8    
  8 Sacramento                      50-35   0.748   2.2    0.743  0.752     8    8    28   

                                           -------Rating----------------  ----Rank----            
Rank Team                            W-L     KRS    SRS    S-Ix   WRS       S    W    SOS
========================================================================================
  9 Phoenix                         47-38   0.719   2.2    0.740  0.697     9    9    16   
 10 Miami                           46-40   0.637   -0.1   0.602  0.673     19   10   5    
 11 Brooklyn                        45-40   0.660   0.7    0.652  0.667     14   11   3    
 12 Golden State                    45-40   0.678   1.7    0.713  0.644     10   12   21   
 13 LA Lakers                       45-40   0.643   0.6    0.645  0.642     16   13   20   
 14 LA Clippers                     45-40   0.629   0.2    0.620  0.638     18   14   24   
 15 Atlanta                         43-43   0.617   0.4    0.633  0.600     17   15   6    
 16 New Orleans                     42-41   0.644   1.6    0.703  0.585     11   16   27   

                                           -------Rating----------------  ----Rank----            
Rank Team                            W-L     KRS    SRS    S-Ix   WRS       S    W    SOS
========================================================================================
 17 Toronto                         41-42   0.642   1.5    0.701  0.583     12   17   12   
 18 Minnesota                       43-44   0.578   -0.4   0.582  0.573     21   18   19   
 19 Chicago                         41-43   0.626   1.3    0.685  0.568     13   19   13   
 20 Oklahoma City                   41-43   0.603   0.7    0.651  0.554     15   20   23   
 21 Dallas                          38-44   0.548   -0.1   0.598  0.499     20   21   26   
 22 Utah                            37-45   0.511   -1.0   0.543  0.480     22   22   22   
 23 Washington                      35-47   0.493   -1.1   0.541  0.445     23   23   11   
 24 Indiana                         35-47   0.436   -2.9   0.427  0.444     25   24   4    

                                           -------Rating----------------  ----Rank----            
Rank Team                            W-L     KRS    SRS    S-Ix   WRS       S    W    SOS
========================================================================================
 25 Orlando                         34-48   0.436   -2.4   0.459  0.413     24   25   10   
 26 Portland                        33-49   0.371   -4.0   0.362  0.380     26   26   15   
 27 Charlotte                       27-55   0.241   -5.9   0.242  0.240     27   27   2    
 28 Houston                         22-60   0.123   -7.6   0.136  0.111     28   28   7    
 29 San Antonio                     22-60   0.052   -9.8   0.000  0.104     30   29   9    
 30 Detroit                         17-65   0.065   -7.7   0.129  0.000     29   30   1    
</div></pre>
</div>
<div class="tabbertab" title="BCS">
<pre><div id=data>

                                           -------Rating----------------  ----Rank----            
Rank Team                            W-L     KRS    SRS    S-Ix   WRS       S    W    SOS
========================================================================================
  1 Boston                          59-26   0.991   6.4    1.000  0.981     1    2    25   
  2 Philadelphia                    57-28   0.919   4.7    0.894  0.944     3    3    14   
  3 Milwaukee                       59-25   0.913   3.6    0.826  1.000     4    1    17   
  4 Cleveland                       52-33   0.869   5.1    0.920  0.819     2    5    18   
  5 Denver                          56-29   0.857   3.5    0.820  0.894     6    4    29   
  6 Memphis                         52-32   0.816   3.5    0.820  0.813     5    6    30   
  7 New York                        49-36   0.777   3.1    0.800  0.755     7    7    8    
  8 Sacramento                      50-35   0.748   2.2    0.743  0.752     8    8    28   

                                           -------Rating----------------  ----Rank----            
Rank Team                            W-L     KRS    SRS    S-Ix   WRS       S    W    SOS
========================================================================================
  9 Phoenix                         47-38   0.719   2.2    0.740  0.697     9    9    16   
 10 Golden State                    45-40   0.678   1.7    0.713  0.644     10   12   21   
 11 Brooklyn                        45-40   0.660   0.7    0.652  0.667     14   11   3    
 12 New Orleans                     42-41   0.644   1.6    0.703  0.585     11   16   27   
 13 LA Lakers                       45-40   0.643   0.6    0.645  0.642     16   13   20   
 14 Toronto                         41-42   0.642   1.5    0.701  0.583     12   17   12   
 15 Miami                           46-40   0.637   -0.1   0.602  0.673     19   10   5    
 16 LA Clippers                     45-40   0.629   0.2    0.620  0.638     18   14   24   

                                           -------Rating----------------  ----Rank----            
Rank Team                            W-L     KRS    SRS    S-Ix   WRS       S    W    SOS
========================================================================================
 17 Chicago                         41-43   0.626   1.3    0.685  0.568     13   19   13   
 18 Atlanta                         43-43   0.617   0.4    0.633  0.600     17   15   6    
 19 Oklahoma City                   41-43   0.603   0.7    0.651  0.554     15   20   23   
 20 Minnesota                       43-44   0.578   -0.4   0.582  0.573     21   18   19   
 21 Dallas                          38-44   0.548   -0.1   0.598  0.499     20   21   26   
 22 Utah                            37-45   0.511   -1.0   0.543  0.480     22   22   22   
 23 Washington                      35-47   0.493   -1.1   0.541  0.445     23   23   11   
 24 Orlando                         34-48   0.436   -2.4   0.459  0.413     24   25   10   

                                           -------Rating----------------  ----Rank----            
Rank Team                            W-L     KRS    SRS    S-Ix   WRS       S    W    SOS
========================================================================================
 25 Indiana                         35-47   0.436   -2.9   0.427  0.444     25   24   4    
 26 Portland                        33-49   0.371   -4.0   0.362  0.380     26   26   15   
 27 Charlotte                       27-55   0.241   -5.9   0.242  0.240     27   27   2    
 28 Houston                         22-60   0.123   -7.6   0.136  0.111     28   28   7    
 29 Detroit                         17-65   0.065   -7.7   0.129  0.000     29   30   1    
 30 San Antonio                     22-60   0.052   -9.8   0.000  0.104     30   29   9    
</div></pre>
</div>
<div class="tabbertab" title="SOS">
<pre><div id=data>

                                           -------Rating----------------  ----Rank----            
Rank Team                            W-L     KRS    SRS    S-Ix   WRS       S    W    SOS
========================================================================================
  1 Detroit                         17-65   0.065   -7.7   0.129  0.000     29   30   1    
  2 Charlotte                       27-55   0.241   -5.9   0.242  0.240     27   27   2    
  3 Brooklyn                        45-40   0.660   0.7    0.652  0.667     14   11   3    
  4 Indiana                         35-47   0.436   -2.9   0.427  0.444     25   24   4    
  5 Miami                           46-40   0.637   -0.1   0.602  0.673     19   10   5    
  6 Atlanta                         43-43   0.617   0.4    0.633  0.600     17   15   6    
  7 Houston                         22-60   0.123   -7.6   0.136  0.111     28   28   7    
  8 New York                        49-36   0.777   3.1    0.800  0.755     7    7    8    

                                           -------Rating----------------  ----Rank----            
Rank Team                            W-L     KRS    SRS    S-Ix   WRS       S    W    SOS
========================================================================================
  9 San Antonio                     22-60   0.052   -9.8   0.000  0.104     30   29   9    
 10 Orlando                         34-48   0.436   -2.4   0.459  0.413     24   25   10   
 11 Washington                      35-47   0.493   -1.1   0.541  0.445     23   23   11   
 12 Toronto                         41-42   0.642   1.5    0.701  0.583     12   17   12   
 13 Chicago                         41-43   0.626   1.3    0.685  0.568     13   19   13   
 14 Philadelphia                    57-28   0.919   4.7    0.894  0.944     3    3    14   
 15 Portland                        33-49   0.371   -4.0   0.362  0.380     26   26   15   
 16 Phoenix                         47-38   0.719   2.2    0.740  0.697     9    9    16   

                                           -------Rating----------------  ----Rank----            
Rank Team                            W-L     KRS    SRS    S-Ix   WRS       S    W    SOS
========================================================================================
 17 Milwaukee                       59-25   0.913   3.6    0.826  1.000     4    1    17   
 18 Cleveland                       52-33   0.869   5.1    0.920  0.819     2    5    18   
 19 Minnesota                       43-44   0.578   -0.4   0.582  0.573     21   18   19   
 20 LA Lakers                       45-40   0.643   0.6    0.645  0.642     16   13   20   
 21 Golden State                    45-40   0.678   1.7    0.713  0.644     10   12   21   
 22 Utah                            37-45   0.511   -1.0   0.543  0.480     22   22   22   
 23 Oklahoma City                   41-43   0.603   0.7    0.651  0.554     15   20   23   
 24 LA Clippers                     45-40   0.629   0.2    0.620  0.638     18   14   24   

                                           -------Rating----------------  ----Rank----            
Rank Team                            W-L     KRS    SRS    S-Ix   WRS       S    W    SOS
========================================================================================
 25 Boston                          59-26   0.991   6.4    1.000  0.981     1    2    25   
 26 Dallas                          38-44   0.548   -0.1   0.598  0.499     20   21   26   
 27 New Orleans                     42-41   0.644   1.6    0.703  0.585     11   16   27   
 28 Sacramento                      50-35   0.748   2.2    0.743  0.752     8    8    28   
 29 Denver                          56-29   0.857   3.5    0.820  0.894     6    4    29   
 30 Memphis                         52-32   0.816   3.5    0.820  0.813     5    6    30   
</div></pre>
</div>
	</pre>
	</p>
	</span>
</body>
<body>
<h3>Other links</h3>
<h4>Home</h4>
	<ul>
			<li class="listyle"><a href="https://2skupz.github.io/index.html"> Index</a></li>
	</ul>
</body>
