<html>
<head>
<!-- Global Site Tag (gtag.js) - Google Analytics -->
<title>2023 NBA Rankings</title>
<script type="text/javascript" src="tabber.js">
</script>
<link href="https://fonts.googleapis.com/css?family=Roboto+Slab|Droid+Sans+Mono" rel="stylesheet">
<style>
 body {
			font-family: "Roboto Slab", serif;
			font-size: 12px;
			}
#data {
			font-family: "Droid Sans Mono", serif;
			font-size: 13px;
		}
</style>
<link rel="stylesheet" href="tabbedPage.css" TYPE="text/css" MEDIA="screen">
</head>
<body bgcolor=#fbeec1>
<hr>
<table width=100%>
<tr><td align=left>
<h1 align="center">2023 NBA Rankings</h1>
</td>
</tr></table>
<p>
Standings through 03.30.23
<hr>
<center>
<table width=100% border=1><tr>
<td valign=top>
<div class="tabber">
<div class="tabbertab" title="Ken Power Index">
<pre><div id=data>

                                           -------Rating----------------  ----Rank----            
Rank Team                            W-L     KRS    SRS    S-Ix   WRS       S    W    SOS
========================================================================================
  1 Boston                          53-24   0.974   6.3    1.000  0.948     1    2    24   
  2 Milwaukee                       55-22   0.923   3.7    0.846  1.000     5    1    22   
  3 Philadelphia                    50-26   0.891   4.5    0.895  0.888     3    4    19   
  4 Cleveland                       48-29   0.891   5.5    0.955  0.827     2    5    16   
  5 Denver                          51-25   0.869   3.5    0.836  0.903     6    3    27   
  6 Memphis                         48-28   0.831   3.7    0.848  0.815     4    6    30   
  7 Sacramento                      46-30   0.774   2.6    0.780  0.769     8    7    28   
  8 New York                        44-33   0.760   2.9    0.798  0.722     7    8    11   

                                           -------Rating----------------  ----Rank----            
Rank Team                            W-L     KRS    SRS    S-Ix   WRS       S    W    SOS
========================================================================================
  9 Phoenix                         41-35   0.695   2.0    0.740  0.650     9    10   13   
 10 Brooklyn                        41-35   0.673   1.0    0.681  0.666     12   9    5    
 11 New Orleans                     39-38   0.639   1.6    0.718  0.560     10   18   29   
 12 Toronto                         38-38   0.633   1.3    0.698  0.569     11   15   14   
 13 Golden State                    40-37   0.628   0.6    0.655  0.602     15   13   17   
 14 LA Clippers                     41-36   0.628   0.2    0.636  0.619     17   12   26   
 15 Oklahoma City                   38-39   0.611   0.9    0.676  0.547     14   19   23   
 16 Chicago                         36-40   0.603   1.0    0.681  0.526     13   20   9    

                                           -------Rating----------------  ----Rank----            
Rank Team                            W-L     KRS    SRS    S-Ix   WRS       S    W    SOS
========================================================================================
 17 Miami                           40-37   0.600   -0.8   0.576  0.624     22   11   4    
 18 Atlanta                         38-38   0.594   0.1    0.625  0.562     18   17   20   
 19 Minnesota                       39-38   0.590   -0.3   0.603  0.577     20   14   18   
 20 LA Lakers                       38-38   0.589   -0.2   0.611  0.567     19   16   15   
 21 Dallas                          37-40   0.579   0.3    0.639  0.519     16   21   21   
 22 Utah                            36-40   0.536   -0.8   0.572  0.500     23   22   25   
 23 Washington                      34-42   0.530   -0.5   0.590  0.470     21   23   8    
 24 Orlando                         32-44   0.446   -2.3   0.483  0.410     24   25   10   

                                           -------Rating----------------  ----Rank----            
Rank Team                            W-L     KRS    SRS    S-Ix   WRS       S    W    SOS
========================================================================================
 25 Indiana                         33-44   0.438   -2.9   0.444  0.432     25   24   6    
 26 Portland                        32-44   0.421   -3.0   0.442  0.400     26   26   12   
 27 Charlotte                       26-51   0.267   -5.5   0.289  0.245     27   27   3    
 28 Detroit                         16-60   0.092   -7.2   0.185  0.000     28   30   1    
 29 Houston                         18-59   0.082   -8.1   0.131  0.033     29   29   2    
 30 San Antonio                     19-57   0.025   -10.3  0.000  0.049     30   28   7    
</div></pre>
</div>
<div class="tabbertab" title="Points Based">
<pre><div id=data>

                                           -------Rating----------------  ----Rank----            
Rank Team                            W-L     KRS    SRS    S-Ix   WRS       S    W    SOS
========================================================================================
  1 Boston                          53-24   0.974   6.3    1.000  0.948     1    2    24   
  2 Cleveland                       48-29   0.891   5.5    0.955  0.827     2    5    16   
  3 Philadelphia                    50-26   0.891   4.5    0.895  0.888     3    4    19   
  4 Memphis                         48-28   0.831   3.7    0.848  0.815     4    6    30   
  5 Milwaukee                       55-22   0.923   3.7    0.846  1.000     5    1    22   
  6 Denver                          51-25   0.869   3.5    0.836  0.903     6    3    27   
  7 New York                        44-33   0.760   2.9    0.798  0.722     7    8    11   
  8 Sacramento                      46-30   0.774   2.6    0.780  0.769     8    7    28   

                                           -------Rating----------------  ----Rank----            
Rank Team                            W-L     KRS    SRS    S-Ix   WRS       S    W    SOS
========================================================================================
  9 Phoenix                         41-35   0.695   2.0    0.740  0.650     9    10   13   
 10 New Orleans                     39-38   0.639   1.6    0.718  0.560     10   18   29   
 11 Toronto                         38-38   0.633   1.3    0.698  0.569     11   15   14   
 12 Brooklyn                        41-35   0.673   1.0    0.681  0.666     12   9    5    
 13 Chicago                         36-40   0.603   1.0    0.681  0.526     13   20   9    
 14 Oklahoma City                   38-39   0.611   0.9    0.676  0.547     14   19   23   
 15 Golden State                    40-37   0.628   0.6    0.655  0.602     15   13   17   
 16 Dallas                          37-40   0.579   0.3    0.639  0.519     16   21   21   

                                           -------Rating----------------  ----Rank----            
Rank Team                            W-L     KRS    SRS    S-Ix   WRS       S    W    SOS
========================================================================================
 17 LA Clippers                     41-36   0.628   0.2    0.636  0.619     17   12   26   
 18 Atlanta                         38-38   0.594   0.1    0.625  0.562     18   17   20   
 19 LA Lakers                       38-38   0.589   -0.2   0.611  0.567     19   16   15   
 20 Minnesota                       39-38   0.590   -0.3   0.603  0.577     20   14   18   
 21 Washington                      34-42   0.530   -0.5   0.590  0.470     21   23   8    
 22 Miami                           40-37   0.600   -0.8   0.576  0.624     22   11   4    
 23 Utah                            36-40   0.536   -0.8   0.572  0.500     23   22   25   
 24 Orlando                         32-44   0.446   -2.3   0.483  0.410     24   25   10   

                                           -------Rating----------------  ----Rank----            
Rank Team                            W-L     KRS    SRS    S-Ix   WRS       S    W    SOS
========================================================================================
 25 Indiana                         33-44   0.438   -2.9   0.444  0.432     25   24   6    
 26 Portland                        32-44   0.421   -3.0   0.442  0.400     26   26   12   
 27 Charlotte                       26-51   0.267   -5.5   0.289  0.245     27   27   3    
 28 Detroit                         16-60   0.092   -7.2   0.185  0.000     28   30   1    
 29 Houston                         18-59   0.082   -8.1   0.131  0.033     29   29   2    
 30 San Antonio                     19-57   0.025   -10.3  0.000  0.049     30   28   7    
</div></pre>
</div>
<div class="tabbertab" title="Wins Based">
<pre><div id=data>

                                           -------Rating----------------  ----Rank----            
Rank Team                            W-L     KRS    SRS    S-Ix   WRS       S    W    SOS
========================================================================================
  1 Milwaukee                       55-22   0.923   3.7    0.846  1.000     5    1    22   
  2 Boston                          53-24   0.974   6.3    1.000  0.948     1    2    24   
  3 Denver                          51-25   0.869   3.5    0.836  0.903     6    3    27   
  4 Philadelphia                    50-26   0.891   4.5    0.895  0.888     3    4    19   
  5 Cleveland                       48-29   0.891   5.5    0.955  0.827     2    5    16   
  6 Memphis                         48-28   0.831   3.7    0.848  0.815     4    6    30   
  7 Sacramento                      46-30   0.774   2.6    0.780  0.769     8    7    28   
  8 New York                        44-33   0.760   2.9    0.798  0.722     7    8    11   

                                           -------Rating----------------  ----Rank----            
Rank Team                            W-L     KRS    SRS    S-Ix   WRS       S    W    SOS
========================================================================================
  9 Brooklyn                        41-35   0.673   1.0    0.681  0.666     12   9    5    
 10 Phoenix                         41-35   0.695   2.0    0.740  0.650     9    10   13   
 11 Miami                           40-37   0.600   -0.8   0.576  0.624     22   11   4    
 12 LA Clippers                     41-36   0.628   0.2    0.636  0.619     17   12   26   
 13 Golden State                    40-37   0.628   0.6    0.655  0.602     15   13   17   
 14 Minnesota                       39-38   0.590   -0.3   0.603  0.577     20   14   18   
 15 Toronto                         38-38   0.633   1.3    0.698  0.569     11   15   14   
 16 LA Lakers                       38-38   0.589   -0.2   0.611  0.567     19   16   15   

                                           -------Rating----------------  ----Rank----            
Rank Team                            W-L     KRS    SRS    S-Ix   WRS       S    W    SOS
========================================================================================
 17 Atlanta                         38-38   0.594   0.1    0.625  0.562     18   17   20   
 18 New Orleans                     39-38   0.639   1.6    0.718  0.560     10   18   29   
 19 Oklahoma City                   38-39   0.611   0.9    0.676  0.547     14   19   23   
 20 Chicago                         36-40   0.603   1.0    0.681  0.526     13   20   9    
 21 Dallas                          37-40   0.579   0.3    0.639  0.519     16   21   21   
 22 Utah                            36-40   0.536   -0.8   0.572  0.500     23   22   25   
 23 Washington                      34-42   0.530   -0.5   0.590  0.470     21   23   8    
 24 Indiana                         33-44   0.438   -2.9   0.444  0.432     25   24   6    

                                           -------Rating----------------  ----Rank----            
Rank Team                            W-L     KRS    SRS    S-Ix   WRS       S    W    SOS
========================================================================================
 25 Orlando                         32-44   0.446   -2.3   0.483  0.410     24   25   10   
 26 Portland                        32-44   0.421   -3.0   0.442  0.400     26   26   12   
 27 Charlotte                       26-51   0.267   -5.5   0.289  0.245     27   27   3    
 28 San Antonio                     19-57   0.025   -10.3  0.000  0.049     30   28   7    
 29 Houston                         18-59   0.082   -8.1   0.131  0.033     29   29   2    
 30 Detroit                         16-60   0.092   -7.2   0.185  0.000     28   30   1    
</div></pre>
</div>
<div class="tabbertab" title="BCS">
<pre><div id=data>

                                           -------Rating----------------  ----Rank----            
Rank Team                            W-L     KRS    SRS    S-Ix   WRS       S    W    SOS
========================================================================================
  1 Boston                          53-24   0.974   6.3    1.000  0.948     1    2    24   
  2 Milwaukee                       55-22   0.923   3.7    0.846  1.000     5    1    22   
  3 Philadelphia                    50-26   0.891   4.5    0.895  0.888     3    4    19   
  4 Cleveland                       48-29   0.891   5.5    0.955  0.827     2    5    16   
  5 Denver                          51-25   0.869   3.5    0.836  0.903     6    3    27   
  6 Memphis                         48-28   0.831   3.7    0.848  0.815     4    6    30   
  7 Sacramento                      46-30   0.774   2.6    0.780  0.769     8    7    28   
  8 New York                        44-33   0.760   2.9    0.798  0.722     7    8    11   

                                           -------Rating----------------  ----Rank----            
Rank Team                            W-L     KRS    SRS    S-Ix   WRS       S    W    SOS
========================================================================================
  9 Phoenix                         41-35   0.695   2.0    0.740  0.650     9    10   13   
 10 Brooklyn                        41-35   0.673   1.0    0.681  0.666     12   9    5    
 11 New Orleans                     39-38   0.639   1.6    0.718  0.560     10   18   29   
 12 Toronto                         38-38   0.633   1.3    0.698  0.569     11   15   14   
 13 Golden State                    40-37   0.628   0.6    0.655  0.602     15   13   17   
 14 LA Clippers                     41-36   0.628   0.2    0.636  0.619     17   12   26   
 15 Oklahoma City                   38-39   0.611   0.9    0.676  0.547     14   19   23   
 16 Chicago                         36-40   0.603   1.0    0.681  0.526     13   20   9    

                                           -------Rating----------------  ----Rank----            
Rank Team                            W-L     KRS    SRS    S-Ix   WRS       S    W    SOS
========================================================================================
 17 Miami                           40-37   0.600   -0.8   0.576  0.624     22   11   4    
 18 Atlanta                         38-38   0.594   0.1    0.625  0.562     18   17   20   
 19 Minnesota                       39-38   0.590   -0.3   0.603  0.577     20   14   18   
 20 LA Lakers                       38-38   0.589   -0.2   0.611  0.567     19   16   15   
 21 Dallas                          37-40   0.579   0.3    0.639  0.519     16   21   21   
 22 Utah                            36-40   0.536   -0.8   0.572  0.500     23   22   25   
 23 Washington                      34-42   0.530   -0.5   0.590  0.470     21   23   8    
 24 Orlando                         32-44   0.446   -2.3   0.483  0.410     24   25   10   

                                           -------Rating----------------  ----Rank----            
Rank Team                            W-L     KRS    SRS    S-Ix   WRS       S    W    SOS
========================================================================================
 25 Indiana                         33-44   0.438   -2.9   0.444  0.432     25   24   6    
 26 Portland                        32-44   0.421   -3.0   0.442  0.400     26   26   12   
 27 Charlotte                       26-51   0.267   -5.5   0.289  0.245     27   27   3    
 28 Detroit                         16-60   0.092   -7.2   0.185  0.000     28   30   1    
 29 Houston                         18-59   0.082   -8.1   0.131  0.033     29   29   2    
 30 San Antonio                     19-57   0.025   -10.3  0.000  0.049     30   28   7    
</div></pre>
</div>
<div class="tabbertab" title="SOS">
<pre><div id=data>

                                           -------Rating----------------  ----Rank----            
Rank Team                            W-L     KRS    SRS    S-Ix   WRS       S    W    SOS
========================================================================================
  1 Detroit                         16-60   0.092   -7.2   0.185  0.000     28   30   1    
  2 Houston                         18-59   0.082   -8.1   0.131  0.033     29   29   2    
  3 Charlotte                       26-51   0.267   -5.5   0.289  0.245     27   27   3    
  4 Miami                           40-37   0.600   -0.8   0.576  0.624     22   11   4    
  5 Brooklyn                        41-35   0.673   1.0    0.681  0.666     12   9    5    
  6 Indiana                         33-44   0.438   -2.9   0.444  0.432     25   24   6    
  7 San Antonio                     19-57   0.025   -10.3  0.000  0.049     30   28   7    
  8 Washington                      34-42   0.530   -0.5   0.590  0.470     21   23   8    

                                           -------Rating----------------  ----Rank----            
Rank Team                            W-L     KRS    SRS    S-Ix   WRS       S    W    SOS
========================================================================================
  9 Chicago                         36-40   0.603   1.0    0.681  0.526     13   20   9    
 10 Orlando                         32-44   0.446   -2.3   0.483  0.410     24   25   10   
 11 New York                        44-33   0.760   2.9    0.798  0.722     7    8    11   
 12 Portland                        32-44   0.421   -3.0   0.442  0.400     26   26   12   
 13 Phoenix                         41-35   0.695   2.0    0.740  0.650     9    10   13   
 14 Toronto                         38-38   0.633   1.3    0.698  0.569     11   15   14   
 15 LA Lakers                       38-38   0.589   -0.2   0.611  0.567     19   16   15   
 16 Cleveland                       48-29   0.891   5.5    0.955  0.827     2    5    16   

                                           -------Rating----------------  ----Rank----            
Rank Team                            W-L     KRS    SRS    S-Ix   WRS       S    W    SOS
========================================================================================
 17 Golden State                    40-37   0.628   0.6    0.655  0.602     15   13   17   
 18 Minnesota                       39-38   0.590   -0.3   0.603  0.577     20   14   18   
 19 Philadelphia                    50-26   0.891   4.5    0.895  0.888     3    4    19   
 20 Atlanta                         38-38   0.594   0.1    0.625  0.562     18   17   20   
 21 Dallas                          37-40   0.579   0.3    0.639  0.519     16   21   21   
 22 Milwaukee                       55-22   0.923   3.7    0.846  1.000     5    1    22   
 23 Oklahoma City                   38-39   0.611   0.9    0.676  0.547     14   19   23   
 24 Boston                          53-24   0.974   6.3    1.000  0.948     1    2    24   

                                           -------Rating----------------  ----Rank----            
Rank Team                            W-L     KRS    SRS    S-Ix   WRS       S    W    SOS
========================================================================================
 25 Utah                            36-40   0.536   -0.8   0.572  0.500     23   22   25   
 26 LA Clippers                     41-36   0.628   0.2    0.636  0.619     17   12   26   
 27 Denver                          51-25   0.869   3.5    0.836  0.903     6    3    27   
 28 Sacramento                      46-30   0.774   2.6    0.780  0.769     8    7    28   
 29 New Orleans                     39-38   0.639   1.6    0.718  0.560     10   18   29   
 30 Memphis                         48-28   0.831   3.7    0.848  0.815     4    6    30   
</div></pre>
</div>
	</pre>
	</p>
	</span>
</body>
<body>
<h3>Other links</h3>
<h4>Home</h4>
	<ul>
			<li class="listyle"><a href="https://2skupz.github.io/index.html"> Index</a></li>
	</ul>
</body>
