<html>
<head>
<!-- Global Site Tag (gtag.js) - Google Analytics -->
<title>2023 NBA Rankings</title>
<script type="text/javascript" src="tabber.js">
</script>
<link href="https://fonts.googleapis.com/css?family=Roboto+Slab|Droid+Sans+Mono" rel="stylesheet">
<style>
 body {
			font-family: "Roboto Slab", serif;
			font-size: 12px;
			}
#data {
			font-family: "Droid Sans Mono", serif;
			font-size: 13px;
		}
</style>
<link rel="stylesheet" href="tabbedPage.css" TYPE="text/css" MEDIA="screen">
</head>
<body bgcolor=#fbeec1>
<hr>
<table width=100%>
<tr><td align=left>
<h1 align="center">2023 NBA Rankings</h1>
</td>
</tr></table>
<p>
Standings through 02.15.23
<hr>
<center>
<table width=100% border=1><tr>
<td valign=top>
<div class="tabber">
<div class="tabbertab" title="Ken Power Index">
<pre><div id=data>

                                           -------Rating----------------  ----Rank----            
Rank Team                            W-L     KRS    SRS    S-Ix   WRS       S    W    SOS
========================================================================================
  1 Boston                          42-17   1.000   5.8    1.000  1.000     1    1    26   
  2 Denver                          41-18   0.922   4.0    0.885  0.959     3    3    27   
  3 Cleveland                       38-23   0.912   5.6    0.988  0.835     2    5    16   
  4 Milwaukee                       40-17   0.902   2.9    0.819  0.984     6    2    22   
  5 Philadelphia                    38-19   0.873   3.5    0.855  0.892     5    4    28   
  6 Memphis                         35-22   0.836   3.8    0.874  0.797     4    6    21   
  7 Brooklyn                        34-24   0.747   1.8    0.743  0.751     8    7    12   
  8 New York                        33-27   0.727   2.3    0.775  0.679     7    8    14   

                                           -------Rating----------------  ----Rank----            
Rank Team                            W-L     KRS    SRS    S-Ix   WRS       S    W    SOS
========================================================================================
  9 Sacramento                      32-25   0.695   1.6    0.732  0.658     10   9    30   
 10 Phoenix                         32-27   0.687   1.5    0.724  0.651     11   11   20   
 11 New Orleans                     30-29   0.659   1.4    0.723  0.596     12   14   13   
 12 Oklahoma City                   28-29   0.651   1.7    0.738  0.564     9    16   10   
 13 Miami                           32-27   0.644   0.0    0.631  0.658     19   10   17   
 14 Dallas                          31-29   0.642   0.6    0.672  0.613     14   12   8    
 15 Minnesota                       31-29   0.606   -0.1   0.622  0.590     20   15   24   
 16 Toronto                         28-31   0.603   0.9    0.686  0.520     13   22   15   

                                           -------Rating----------------  ----Rank----            
Rank Team                            W-L     KRS    SRS    S-Ix   WRS       S    W    SOS
========================================================================================
 17 LA Clippers                     32-28   0.603   -0.5   0.599  0.606     22   13   29   
 18 Golden State                    29-29   0.597   0.0    0.633  0.561     18   17   18   
 19 Utah                            29-31   0.595   0.4    0.654  0.536     15   19   11   
 20 Washington                      27-30   0.590   0.3    0.651  0.529     16   20   9    
 21 Portland                        28-30   0.569   -0.3   0.611  0.527     21   21   23   
 22 Atlanta                         29-30   0.566   -0.6   0.593  0.539     23   18   25   
 23 Chicago                         26-32   0.558   0.2    0.642  0.475     17   24   7    
 24 LA Lakers                       27-32   0.521   -1.2   0.552  0.489     24   23   19   

                                           -------Rating----------------  ----Rank----            
Rank Team                            W-L     KRS    SRS    S-Ix   WRS       S    W    SOS
========================================================================================
 25 Indiana                         26-34   0.473   -2.2   0.492  0.455     25   25   2    
 26 Orlando                         24-35   0.427   -2.5   0.472  0.383     26   26   6    
 27 Charlotte                       17-43   0.191   -6.1   0.244  0.138     27   27   3    
 28 Detroit                         15-44   0.145   -6.8   0.195  0.095     28   28   1    
 29 Houston                         13-45   0.058   -8.1   0.115  0.000     29   30   4    
 30 San Antonio                     14-45   0.009   -9.9   0.000  0.019     30   29   5    
</div></pre>
</div>
<div class="tabbertab" title="Points Based">
<pre><div id=data>

                                           -------Rating----------------  ----Rank----            
Rank Team                            W-L     KRS    SRS    S-Ix   WRS       S    W    SOS
========================================================================================
  1 Boston                          42-17   1.000   5.8    1.000  1.000     1    1    26   
  2 Cleveland                       38-23   0.912   5.6    0.988  0.835     2    5    16   
  3 Denver                          41-18   0.922   4.0    0.885  0.959     3    3    27   
  4 Memphis                         35-22   0.836   3.8    0.874  0.797     4    6    21   
  5 Philadelphia                    38-19   0.873   3.5    0.855  0.892     5    4    28   
  6 Milwaukee                       40-17   0.902   2.9    0.819  0.984     6    2    22   
  7 New York                        33-27   0.727   2.3    0.775  0.679     7    8    14   
  8 Brooklyn                        34-24   0.747   1.8    0.743  0.751     8    7    12   

                                           -------Rating----------------  ----Rank----            
Rank Team                            W-L     KRS    SRS    S-Ix   WRS       S    W    SOS
========================================================================================
  9 Oklahoma City                   28-29   0.651   1.7    0.738  0.564     9    16   10   
 10 Sacramento                      32-25   0.695   1.6    0.732  0.658     10   9    30   
 11 Phoenix                         32-27   0.687   1.5    0.724  0.651     11   11   20   
 12 New Orleans                     30-29   0.659   1.4    0.723  0.596     12   14   13   
 13 Toronto                         28-31   0.603   0.9    0.686  0.520     13   22   15   
 14 Dallas                          31-29   0.642   0.6    0.672  0.613     14   12   8    
 15 Utah                            29-31   0.595   0.4    0.654  0.536     15   19   11   
 16 Washington                      27-30   0.590   0.3    0.651  0.529     16   20   9    

                                           -------Rating----------------  ----Rank----            
Rank Team                            W-L     KRS    SRS    S-Ix   WRS       S    W    SOS
========================================================================================
 17 Chicago                         26-32   0.558   0.2    0.642  0.475     17   24   7    
 18 Golden State                    29-29   0.597   0.0    0.633  0.561     18   17   18   
 19 Miami                           32-27   0.644   0.0    0.631  0.658     19   10   17   
 20 Minnesota                       31-29   0.606   -0.1   0.622  0.590     20   15   24   
 21 Portland                        28-30   0.569   -0.3   0.611  0.527     21   21   23   
 22 LA Clippers                     32-28   0.603   -0.5   0.599  0.606     22   13   29   
 23 Atlanta                         29-30   0.566   -0.6   0.593  0.539     23   18   25   
 24 LA Lakers                       27-32   0.521   -1.2   0.552  0.489     24   23   19   

                                           -------Rating----------------  ----Rank----            
Rank Team                            W-L     KRS    SRS    S-Ix   WRS       S    W    SOS
========================================================================================
 25 Indiana                         26-34   0.473   -2.2   0.492  0.455     25   25   2    
 26 Orlando                         24-35   0.427   -2.5   0.472  0.383     26   26   6    
 27 Charlotte                       17-43   0.191   -6.1   0.244  0.138     27   27   3    
 28 Detroit                         15-44   0.145   -6.8   0.195  0.095     28   28   1    
 29 Houston                         13-45   0.058   -8.1   0.115  0.000     29   30   4    
 30 San Antonio                     14-45   0.009   -9.9   0.000  0.019     30   29   5    
</div></pre>
</div>
<div class="tabbertab" title="Wins Based">
<pre><div id=data>

                                           -------Rating----------------  ----Rank----            
Rank Team                            W-L     KRS    SRS    S-Ix   WRS       S    W    SOS
========================================================================================
  1 Boston                          42-17   1.000   5.8    1.000  1.000     1    1    26   
  2 Milwaukee                       40-17   0.902   2.9    0.819  0.984     6    2    22   
  3 Denver                          41-18   0.922   4.0    0.885  0.959     3    3    27   
  4 Philadelphia                    38-19   0.873   3.5    0.855  0.892     5    4    28   
  5 Cleveland                       38-23   0.912   5.6    0.988  0.835     2    5    16   
  6 Memphis                         35-22   0.836   3.8    0.874  0.797     4    6    21   
  7 Brooklyn                        34-24   0.747   1.8    0.743  0.751     8    7    12   
  8 New York                        33-27   0.727   2.3    0.775  0.679     7    8    14   

                                           -------Rating----------------  ----Rank----            
Rank Team                            W-L     KRS    SRS    S-Ix   WRS       S    W    SOS
========================================================================================
  9 Sacramento                      32-25   0.695   1.6    0.732  0.658     10   9    30   
 10 Miami                           32-27   0.644   0.0    0.631  0.658     19   10   17   
 11 Phoenix                         32-27   0.687   1.5    0.724  0.651     11   11   20   
 12 Dallas                          31-29   0.642   0.6    0.672  0.613     14   12   8    
 13 LA Clippers                     32-28   0.603   -0.5   0.599  0.606     22   13   29   
 14 New Orleans                     30-29   0.659   1.4    0.723  0.596     12   14   13   
 15 Minnesota                       31-29   0.606   -0.1   0.622  0.590     20   15   24   
 16 Oklahoma City                   28-29   0.651   1.7    0.738  0.564     9    16   10   

                                           -------Rating----------------  ----Rank----            
Rank Team                            W-L     KRS    SRS    S-Ix   WRS       S    W    SOS
========================================================================================
 17 Golden State                    29-29   0.597   0.0    0.633  0.561     18   17   18   
 18 Atlanta                         29-30   0.566   -0.6   0.593  0.539     23   18   25   
 19 Utah                            29-31   0.595   0.4    0.654  0.536     15   19   11   
 20 Washington                      27-30   0.590   0.3    0.651  0.529     16   20   9    
 21 Portland                        28-30   0.569   -0.3   0.611  0.527     21   21   23   
 22 Toronto                         28-31   0.603   0.9    0.686  0.520     13   22   15   
 23 LA Lakers                       27-32   0.521   -1.2   0.552  0.489     24   23   19   
 24 Chicago                         26-32   0.558   0.2    0.642  0.475     17   24   7    

                                           -------Rating----------------  ----Rank----            
Rank Team                            W-L     KRS    SRS    S-Ix   WRS       S    W    SOS
========================================================================================
 25 Indiana                         26-34   0.473   -2.2   0.492  0.455     25   25   2    
 26 Orlando                         24-35   0.427   -2.5   0.472  0.383     26   26   6    
 27 Charlotte                       17-43   0.191   -6.1   0.244  0.138     27   27   3    
 28 Detroit                         15-44   0.145   -6.8   0.195  0.095     28   28   1    
 29 San Antonio                     14-45   0.009   -9.9   0.000  0.019     30   29   5    
 30 Houston                         13-45   0.058   -8.1   0.115  0.000     29   30   4    
</div></pre>
</div>
<div class="tabbertab" title="BCS">
<pre><div id=data>

                                           -------Rating----------------  ----Rank----            
Rank Team                            W-L     KRS    SRS    S-Ix   WRS       S    W    SOS
========================================================================================
  1 Boston                          42-17   1.000   5.8    1.000  1.000     1    1    26   
  2 Denver                          41-18   0.922   4.0    0.885  0.959     3    3    27   
  3 Cleveland                       38-23   0.912   5.6    0.988  0.835     2    5    16   
  4 Milwaukee                       40-17   0.902   2.9    0.819  0.984     6    2    22   
  5 Philadelphia                    38-19   0.873   3.5    0.855  0.892     5    4    28   
  6 Memphis                         35-22   0.836   3.8    0.874  0.797     4    6    21   
  7 Brooklyn                        34-24   0.747   1.8    0.743  0.751     8    7    12   
  8 New York                        33-27   0.727   2.3    0.775  0.679     7    8    14   

                                           -------Rating----------------  ----Rank----            
Rank Team                            W-L     KRS    SRS    S-Ix   WRS       S    W    SOS
========================================================================================
  9 Sacramento                      32-25   0.695   1.6    0.732  0.658     10   9    30   
 10 Phoenix                         32-27   0.687   1.5    0.724  0.651     11   11   20   
 11 New Orleans                     30-29   0.659   1.4    0.723  0.596     12   14   13   
 12 Oklahoma City                   28-29   0.651   1.7    0.738  0.564     9    16   10   
 13 Miami                           32-27   0.644   0.0    0.631  0.658     19   10   17   
 14 Dallas                          31-29   0.642   0.6    0.672  0.613     14   12   8    
 15 Minnesota                       31-29   0.606   -0.1   0.622  0.590     20   15   24   
 16 Toronto                         28-31   0.603   0.9    0.686  0.520     13   22   15   

                                           -------Rating----------------  ----Rank----            
Rank Team                            W-L     KRS    SRS    S-Ix   WRS       S    W    SOS
========================================================================================
 17 LA Clippers                     32-28   0.603   -0.5   0.599  0.606     22   13   29   
 18 Golden State                    29-29   0.597   0.0    0.633  0.561     18   17   18   
 19 Utah                            29-31   0.595   0.4    0.654  0.536     15   19   11   
 20 Washington                      27-30   0.590   0.3    0.651  0.529     16   20   9    
 21 Portland                        28-30   0.569   -0.3   0.611  0.527     21   21   23   
 22 Atlanta                         29-30   0.566   -0.6   0.593  0.539     23   18   25   
 23 Chicago                         26-32   0.558   0.2    0.642  0.475     17   24   7    
 24 LA Lakers                       27-32   0.521   -1.2   0.552  0.489     24   23   19   

                                           -------Rating----------------  ----Rank----            
Rank Team                            W-L     KRS    SRS    S-Ix   WRS       S    W    SOS
========================================================================================
 25 Indiana                         26-34   0.473   -2.2   0.492  0.455     25   25   2    
 26 Orlando                         24-35   0.427   -2.5   0.472  0.383     26   26   6    
 27 Charlotte                       17-43   0.191   -6.1   0.244  0.138     27   27   3    
 28 Detroit                         15-44   0.145   -6.8   0.195  0.095     28   28   1    
 29 Houston                         13-45   0.058   -8.1   0.115  0.000     29   30   4    
 30 San Antonio                     14-45   0.009   -9.9   0.000  0.019     30   29   5    
</div></pre>
</div>
<div class="tabbertab" title="SOS">
<pre><div id=data>

                                           -------Rating----------------  ----Rank----            
Rank Team                            W-L     KRS    SRS    S-Ix   WRS       S    W    SOS
========================================================================================
  1 Detroit                         15-44   0.145   -6.8   0.195  0.095     28   28   1    
  2 Indiana                         26-34   0.473   -2.2   0.492  0.455     25   25   2    
  3 Charlotte                       17-43   0.191   -6.1   0.244  0.138     27   27   3    
  4 Houston                         13-45   0.058   -8.1   0.115  0.000     29   30   4    
  5 San Antonio                     14-45   0.009   -9.9   0.000  0.019     30   29   5    
  6 Orlando                         24-35   0.427   -2.5   0.472  0.383     26   26   6    
  7 Chicago                         26-32   0.558   0.2    0.642  0.475     17   24   7    
  8 Dallas                          31-29   0.642   0.6    0.672  0.613     14   12   8    

                                           -------Rating----------------  ----Rank----            
Rank Team                            W-L     KRS    SRS    S-Ix   WRS       S    W    SOS
========================================================================================
  9 Washington                      27-30   0.590   0.3    0.651  0.529     16   20   9    
 10 Oklahoma City                   28-29   0.651   1.7    0.738  0.564     9    16   10   
 11 Utah                            29-31   0.595   0.4    0.654  0.536     15   19   11   
 12 Brooklyn                        34-24   0.747   1.8    0.743  0.751     8    7    12   
 13 New Orleans                     30-29   0.659   1.4    0.723  0.596     12   14   13   
 14 New York                        33-27   0.727   2.3    0.775  0.679     7    8    14   
 15 Toronto                         28-31   0.603   0.9    0.686  0.520     13   22   15   
 16 Cleveland                       38-23   0.912   5.6    0.988  0.835     2    5    16   

                                           -------Rating----------------  ----Rank----            
Rank Team                            W-L     KRS    SRS    S-Ix   WRS       S    W    SOS
========================================================================================
 17 Miami                           32-27   0.644   0.0    0.631  0.658     19   10   17   
 18 Golden State                    29-29   0.597   0.0    0.633  0.561     18   17   18   
 19 LA Lakers                       27-32   0.521   -1.2   0.552  0.489     24   23   19   
 20 Phoenix                         32-27   0.687   1.5    0.724  0.651     11   11   20   
 21 Memphis                         35-22   0.836   3.8    0.874  0.797     4    6    21   
 22 Milwaukee                       40-17   0.902   2.9    0.819  0.984     6    2    22   
 23 Portland                        28-30   0.569   -0.3   0.611  0.527     21   21   23   
 24 Minnesota                       31-29   0.606   -0.1   0.622  0.590     20   15   24   

                                           -------Rating----------------  ----Rank----            
Rank Team                            W-L     KRS    SRS    S-Ix   WRS       S    W    SOS
========================================================================================
 25 Atlanta                         29-30   0.566   -0.6   0.593  0.539     23   18   25   
 26 Boston                          42-17   1.000   5.8    1.000  1.000     1    1    26   
 27 Denver                          41-18   0.922   4.0    0.885  0.959     3    3    27   
 28 Philadelphia                    38-19   0.873   3.5    0.855  0.892     5    4    28   
 29 LA Clippers                     32-28   0.603   -0.5   0.599  0.606     22   13   29   
 30 Sacramento                      32-25   0.695   1.6    0.732  0.658     10   9    30   
</div></pre>
</div>
	</pre>
	</p>
	</span>
</body>
<body>
<h3>Other links</h3>
<h4>Pro</h4>
	<ul>
			<li class="listyle"><a href="https://2skupz.github.io/nflKpi.html"> NFL</a></li>
			<li class="listyle"><a href="https://2skupz.github.io/nbaKpi.html"> NBA</a></li>
			<li class="listyle"><a href="https://2skupz.github.io/nhlKpi.html"> NHL</a></li>
	</ul>
<h4>Football</h4>
	<ul>
			<li class="listyle"><a href="https://2skupz.github.io/fbD1Rankings.html"> Division I</a></li>
			<li class="listyle"><a href="https://2skupz.github.io/fbFBSRankings.html"> Division I - FBS</a></li>
			<li class="listyle"><a href="https://2skupz.github.io/fbFCSRankings.html"> Division I - FCS</a></li>
			<li class="listyle"><a href="https://2skupz.github.io/fbD2Rankings.html"> Division II</a></li>
			<li class="listyle"><a href="https://2skupz.github.io/fbD3Rankings.html"> Division III</a></li>
	</ul>
<h4>Baseball</h4>
	<ul>
			<li class="listyle"><a href="https://2skupz.github.io/mlbPlayoffOdds.html"> MLB Playoff Odds</a></li>
			<li class="listyle"><a href="https://2skupz.github.io/baseD1Rankings.html"> Division 1</a></li>
			<li class="listyle"><a href="https://2skupz.github.io/baseD1Rankings.html"> Division 2</a></li>
			<li class="listyle"><a href="https://2skupz.github.io/baseD1Rankings.html"> Division 3</a></li>
	</ul>
<h4>Men's College Basketball</h4>
	<ul>
			<li class="listyle"><a href="https://2skupz.github.io/d1MbbRankings.html"> Division 1</a></li>
			<li class="listyle"><a href="https://2skupz.github.io/d2MbbRankings.html"> Division 2</a></li>
			<li class="listyle"><a href="https://2skupz.github.io/d3MbbRankings.html"> Division 3</a></li>
			<li class="listyle"><a href="https://2skupz.github.io/uSportMbbRankings.html"> U Sports</a></li>
	</ul>
<h4>Women's College Basketball</h4>
	<ul>
			<li class="listyle"><a href="https://2skupz.github.io/d1WbbRankings.html"> Division 1</a></li>
			<li class="listyle"><a href="https://2skupz.github.io/d2WbbRankings.html"> Division 2</a></li>
			<li class="listyle"><a href="https://2skupz.github.io/d3WbbRankings.html"> Division 3</a></li>
			<li class="listyle"><a href="https://2skupz.github.io/uSportsWbbRankings.html"> U Sports</a></li>
	</ul>
</body>
