<html>
<head>
<!-- Global Site Tag (gtag.js) - Google Analytics -->
<title>2023 NBA Rankings</title>
<script type="text/javascript" src="tabber.js">
</script>
<link href="https://fonts.googleapis.com/css?family=Roboto+Slab|Droid+Sans+Mono" rel="stylesheet">
<style>
 body {
			font-family: "Roboto Slab", serif;
			font-size: 12px;
			}
#data {
			font-family: "Droid Sans Mono", serif;
			font-size: 13px;
		}
</style>
<link rel="stylesheet" href="tabbedPage.css" TYPE="text/css" MEDIA="screen">
</head>
<body bgcolor=#fbeec1>
<hr>
<table width=100%>
<tr><td align=left>
<h1 align="center">2023 NBA Rankings</h1>
</td>
</tr></table>
<p>
Standings through 03.29.23
<hr>
<center>
<table width=100% border=1><tr>
<td valign=top>
<div class="tabber">
<div class="tabbertab" title="Ken Power Index">
<pre><div id=data>

                                           -------Rating----------------  ----Rank----            
Rank Team                            W-L     KRS    SRS    S-Ix   WRS       S    W    SOS
========================================================================================
  1 Boston                          52-24   0.961   5.8    1.000  0.921     1    2    25   
  2 Milwaukee                       55-21   0.952   4.2    0.903  1.000     4    1    24   
  3 Cleveland                       48-29   0.900   5.5    0.984  0.816     2    5    16   
  4 Philadelphia                    50-26   0.899   4.5    0.923  0.875     3    4    19   
  5 Denver                          51-24   0.893   3.8    0.878  0.908     5    3    28   
  6 Memphis                         48-28   0.838   3.7    0.873  0.804     6    6    30   
  7 Sacramento                      46-30   0.781   2.6    0.804  0.759     8    7    27   
  8 New York                        44-33   0.767   2.9    0.823  0.712     7    8    11   

                                           -------Rating----------------  ----Rank----            
Rank Team                            W-L     KRS    SRS    S-Ix   WRS       S    W    SOS
========================================================================================
  9 Phoenix                         41-35   0.701   2.0    0.762  0.640     9    10   14   
 10 Brooklyn                        41-35   0.679   1.0    0.702  0.657     12   9    5    
 11 Toronto                         38-38   0.641   1.3    0.720  0.561     11   15   13   
 12 Golden State                    40-37   0.634   0.6    0.675  0.593     15   13   17   
 13 LA Clippers                     41-36   0.633   0.2    0.656  0.611     17   12   26   
 14 New Orleans                     38-38   0.629   1.3    0.724  0.535     10   19   29   
 15 Oklahoma City                   38-39   0.618   0.9    0.697  0.539     14   18   22   
 16 Chicago                         36-40   0.610   1.0    0.701  0.518     13   20   9    

                                           -------Rating----------------  ----Rank----            
Rank Team                            W-L     KRS    SRS    S-Ix   WRS       S    W    SOS
========================================================================================
 17 Miami                           40-37   0.604   -0.8   0.593  0.615     22   11   4    
 18 Atlanta                         38-38   0.600   0.1    0.645  0.555     18   17   20   
 19 Minnesota                       39-38   0.596   -0.3   0.622  0.570     20   14   18   
 20 LA Lakers                       38-38   0.595   -0.2   0.630  0.559     19   16   15   
 21 Dallas                          37-40   0.585   0.3    0.659  0.512     16   21   21   
 22 Utah                            36-40   0.542   -0.8   0.590  0.493     23   22   23   
 23 Washington                      34-42   0.536   -0.5   0.608  0.464     21   23   8    
 24 Orlando                         32-44   0.451   -2.3   0.497  0.404     24   25   10   

                                           -------Rating----------------  ----Rank----            
Rank Team                            W-L     KRS    SRS    S-Ix   WRS       S    W    SOS
========================================================================================
 25 Indiana                         33-44   0.442   -2.9   0.458  0.426     25   24   6    
 26 Portland                        32-44   0.425   -3.0   0.456  0.395     26   26   12   
 27 Charlotte                       26-51   0.269   -5.5   0.297  0.241     27   27   3    
 28 Detroit                         16-60   0.095   -7.2   0.191  0.000     28   30   1    
 29 Houston                         18-59   0.083   -8.1   0.135  0.032     29   29   2    
 30 San Antonio                     19-57   0.024   -10.3  0.000  0.048     30   28   7    
</div></pre>
</div>
<div class="tabbertab" title="Points Based">
<pre><div id=data>

                                           -------Rating----------------  ----Rank----            
Rank Team                            W-L     KRS    SRS    S-Ix   WRS       S    W    SOS
========================================================================================
  1 Boston                          52-24   0.961   5.8    1.000  0.921     1    2    25   
  2 Cleveland                       48-29   0.900   5.5    0.984  0.816     2    5    16   
  3 Philadelphia                    50-26   0.899   4.5    0.923  0.875     3    4    19   
  4 Milwaukee                       55-21   0.952   4.2    0.903  1.000     4    1    24   
  5 Denver                          51-24   0.893   3.8    0.878  0.908     5    3    28   
  6 Memphis                         48-28   0.838   3.7    0.873  0.804     6    6    30   
  7 New York                        44-33   0.767   2.9    0.823  0.712     7    8    11   
  8 Sacramento                      46-30   0.781   2.6    0.804  0.759     8    7    27   

                                           -------Rating----------------  ----Rank----            
Rank Team                            W-L     KRS    SRS    S-Ix   WRS       S    W    SOS
========================================================================================
  9 Phoenix                         41-35   0.701   2.0    0.762  0.640     9    10   14   
 10 New Orleans                     38-38   0.629   1.3    0.724  0.535     10   19   29   
 11 Toronto                         38-38   0.641   1.3    0.720  0.561     11   15   13   
 12 Brooklyn                        41-35   0.679   1.0    0.702  0.657     12   9    5    
 13 Chicago                         36-40   0.610   1.0    0.701  0.518     13   20   9    
 14 Oklahoma City                   38-39   0.618   0.9    0.697  0.539     14   18   22   
 15 Golden State                    40-37   0.634   0.6    0.675  0.593     15   13   17   
 16 Dallas                          37-40   0.585   0.3    0.659  0.512     16   21   21   

                                           -------Rating----------------  ----Rank----            
Rank Team                            W-L     KRS    SRS    S-Ix   WRS       S    W    SOS
========================================================================================
 17 LA Clippers                     41-36   0.633   0.2    0.656  0.611     17   12   26   
 18 Atlanta                         38-38   0.600   0.1    0.645  0.555     18   17   20   
 19 LA Lakers                       38-38   0.595   -0.2   0.630  0.559     19   16   15   
 20 Minnesota                       39-38   0.596   -0.3   0.622  0.570     20   14   18   
 21 Washington                      34-42   0.536   -0.5   0.608  0.464     21   23   8    
 22 Miami                           40-37   0.604   -0.8   0.593  0.615     22   11   4    
 23 Utah                            36-40   0.542   -0.8   0.590  0.493     23   22   23   
 24 Orlando                         32-44   0.451   -2.3   0.497  0.404     24   25   10   

                                           -------Rating----------------  ----Rank----            
Rank Team                            W-L     KRS    SRS    S-Ix   WRS       S    W    SOS
========================================================================================
 25 Indiana                         33-44   0.442   -2.9   0.458  0.426     25   24   6    
 26 Portland                        32-44   0.425   -3.0   0.456  0.395     26   26   12   
 27 Charlotte                       26-51   0.269   -5.5   0.297  0.241     27   27   3    
 28 Detroit                         16-60   0.095   -7.2   0.191  0.000     28   30   1    
 29 Houston                         18-59   0.083   -8.1   0.135  0.032     29   29   2    
 30 San Antonio                     19-57   0.024   -10.3  0.000  0.048     30   28   7    
</div></pre>
</div>
<div class="tabbertab" title="Wins Based">
<pre><div id=data>

                                           -------Rating----------------  ----Rank----            
Rank Team                            W-L     KRS    SRS    S-Ix   WRS       S    W    SOS
========================================================================================
  1 Milwaukee                       55-21   0.952   4.2    0.903  1.000     4    1    24   
  2 Boston                          52-24   0.961   5.8    1.000  0.921     1    2    25   
  3 Denver                          51-24   0.893   3.8    0.878  0.908     5    3    28   
  4 Philadelphia                    50-26   0.899   4.5    0.923  0.875     3    4    19   
  5 Cleveland                       48-29   0.900   5.5    0.984  0.816     2    5    16   
  6 Memphis                         48-28   0.838   3.7    0.873  0.804     6    6    30   
  7 Sacramento                      46-30   0.781   2.6    0.804  0.759     8    7    27   
  8 New York                        44-33   0.767   2.9    0.823  0.712     7    8    11   

                                           -------Rating----------------  ----Rank----            
Rank Team                            W-L     KRS    SRS    S-Ix   WRS       S    W    SOS
========================================================================================
  9 Brooklyn                        41-35   0.679   1.0    0.702  0.657     12   9    5    
 10 Phoenix                         41-35   0.701   2.0    0.762  0.640     9    10   14   
 11 Miami                           40-37   0.604   -0.8   0.593  0.615     22   11   4    
 12 LA Clippers                     41-36   0.633   0.2    0.656  0.611     17   12   26   
 13 Golden State                    40-37   0.634   0.6    0.675  0.593     15   13   17   
 14 Minnesota                       39-38   0.596   -0.3   0.622  0.570     20   14   18   
 15 Toronto                         38-38   0.641   1.3    0.720  0.561     11   15   13   
 16 LA Lakers                       38-38   0.595   -0.2   0.630  0.559     19   16   15   

                                           -------Rating----------------  ----Rank----            
Rank Team                            W-L     KRS    SRS    S-Ix   WRS       S    W    SOS
========================================================================================
 17 Atlanta                         38-38   0.600   0.1    0.645  0.555     18   17   20   
 18 Oklahoma City                   38-39   0.618   0.9    0.697  0.539     14   18   22   
 19 New Orleans                     38-38   0.629   1.3    0.724  0.535     10   19   29   
 20 Chicago                         36-40   0.610   1.0    0.701  0.518     13   20   9    
 21 Dallas                          37-40   0.585   0.3    0.659  0.512     16   21   21   
 22 Utah                            36-40   0.542   -0.8   0.590  0.493     23   22   23   
 23 Washington                      34-42   0.536   -0.5   0.608  0.464     21   23   8    
 24 Indiana                         33-44   0.442   -2.9   0.458  0.426     25   24   6    

                                           -------Rating----------------  ----Rank----            
Rank Team                            W-L     KRS    SRS    S-Ix   WRS       S    W    SOS
========================================================================================
 25 Orlando                         32-44   0.451   -2.3   0.497  0.404     24   25   10   
 26 Portland                        32-44   0.425   -3.0   0.456  0.395     26   26   12   
 27 Charlotte                       26-51   0.269   -5.5   0.297  0.241     27   27   3    
 28 San Antonio                     19-57   0.024   -10.3  0.000  0.048     30   28   7    
 29 Houston                         18-59   0.083   -8.1   0.135  0.032     29   29   2    
 30 Detroit                         16-60   0.095   -7.2   0.191  0.000     28   30   1    
</div></pre>
</div>
<div class="tabbertab" title="BCS">
<pre><div id=data>

                                           -------Rating----------------  ----Rank----            
Rank Team                            W-L     KRS    SRS    S-Ix   WRS       S    W    SOS
========================================================================================
  1 Boston                          52-24   0.961   5.8    1.000  0.921     1    2    25   
  2 Milwaukee                       55-21   0.952   4.2    0.903  1.000     4    1    24   
  3 Cleveland                       48-29   0.900   5.5    0.984  0.816     2    5    16   
  4 Philadelphia                    50-26   0.899   4.5    0.923  0.875     3    4    19   
  5 Denver                          51-24   0.893   3.8    0.878  0.908     5    3    28   
  6 Memphis                         48-28   0.838   3.7    0.873  0.804     6    6    30   
  7 Sacramento                      46-30   0.781   2.6    0.804  0.759     8    7    27   
  8 New York                        44-33   0.767   2.9    0.823  0.712     7    8    11   

                                           -------Rating----------------  ----Rank----            
Rank Team                            W-L     KRS    SRS    S-Ix   WRS       S    W    SOS
========================================================================================
  9 Phoenix                         41-35   0.701   2.0    0.762  0.640     9    10   14   
 10 Brooklyn                        41-35   0.679   1.0    0.702  0.657     12   9    5    
 11 Toronto                         38-38   0.641   1.3    0.720  0.561     11   15   13   
 12 Golden State                    40-37   0.634   0.6    0.675  0.593     15   13   17   
 13 LA Clippers                     41-36   0.633   0.2    0.656  0.611     17   12   26   
 14 New Orleans                     38-38   0.629   1.3    0.724  0.535     10   19   29   
 15 Oklahoma City                   38-39   0.618   0.9    0.697  0.539     14   18   22   
 16 Chicago                         36-40   0.610   1.0    0.701  0.518     13   20   9    

                                           -------Rating----------------  ----Rank----            
Rank Team                            W-L     KRS    SRS    S-Ix   WRS       S    W    SOS
========================================================================================
 17 Miami                           40-37   0.604   -0.8   0.593  0.615     22   11   4    
 18 Atlanta                         38-38   0.600   0.1    0.645  0.555     18   17   20   
 19 Minnesota                       39-38   0.596   -0.3   0.622  0.570     20   14   18   
 20 LA Lakers                       38-38   0.595   -0.2   0.630  0.559     19   16   15   
 21 Dallas                          37-40   0.585   0.3    0.659  0.512     16   21   21   
 22 Utah                            36-40   0.542   -0.8   0.590  0.493     23   22   23   
 23 Washington                      34-42   0.536   -0.5   0.608  0.464     21   23   8    
 24 Orlando                         32-44   0.451   -2.3   0.497  0.404     24   25   10   

                                           -------Rating----------------  ----Rank----            
Rank Team                            W-L     KRS    SRS    S-Ix   WRS       S    W    SOS
========================================================================================
 25 Indiana                         33-44   0.442   -2.9   0.458  0.426     25   24   6    
 26 Portland                        32-44   0.425   -3.0   0.456  0.395     26   26   12   
 27 Charlotte                       26-51   0.269   -5.5   0.297  0.241     27   27   3    
 28 Detroit                         16-60   0.095   -7.2   0.191  0.000     28   30   1    
 29 Houston                         18-59   0.083   -8.1   0.135  0.032     29   29   2    
 30 San Antonio                     19-57   0.024   -10.3  0.000  0.048     30   28   7    
</div></pre>
</div>
<div class="tabbertab" title="SOS">
<pre><div id=data>

                                           -------Rating----------------  ----Rank----            
Rank Team                            W-L     KRS    SRS    S-Ix   WRS       S    W    SOS
========================================================================================
  1 Detroit                         16-60   0.095   -7.2   0.191  0.000     28   30   1    
  2 Houston                         18-59   0.083   -8.1   0.135  0.032     29   29   2    
  3 Charlotte                       26-51   0.269   -5.5   0.297  0.241     27   27   3    
  4 Miami                           40-37   0.604   -0.8   0.593  0.615     22   11   4    
  5 Brooklyn                        41-35   0.679   1.0    0.702  0.657     12   9    5    
  6 Indiana                         33-44   0.442   -2.9   0.458  0.426     25   24   6    
  7 San Antonio                     19-57   0.024   -10.3  0.000  0.048     30   28   7    
  8 Washington                      34-42   0.536   -0.5   0.608  0.464     21   23   8    

                                           -------Rating----------------  ----Rank----            
Rank Team                            W-L     KRS    SRS    S-Ix   WRS       S    W    SOS
========================================================================================
  9 Chicago                         36-40   0.610   1.0    0.701  0.518     13   20   9    
 10 Orlando                         32-44   0.451   -2.3   0.497  0.404     24   25   10   
 11 New York                        44-33   0.767   2.9    0.823  0.712     7    8    11   
 12 Portland                        32-44   0.425   -3.0   0.456  0.395     26   26   12   
 13 Toronto                         38-38   0.641   1.3    0.720  0.561     11   15   13   
 14 Phoenix                         41-35   0.701   2.0    0.762  0.640     9    10   14   
 15 LA Lakers                       38-38   0.595   -0.2   0.630  0.559     19   16   15   
 16 Cleveland                       48-29   0.900   5.5    0.984  0.816     2    5    16   

                                           -------Rating----------------  ----Rank----            
Rank Team                            W-L     KRS    SRS    S-Ix   WRS       S    W    SOS
========================================================================================
 17 Golden State                    40-37   0.634   0.6    0.675  0.593     15   13   17   
 18 Minnesota                       39-38   0.596   -0.3   0.622  0.570     20   14   18   
 19 Philadelphia                    50-26   0.899   4.5    0.923  0.875     3    4    19   
 20 Atlanta                         38-38   0.600   0.1    0.645  0.555     18   17   20   
 21 Dallas                          37-40   0.585   0.3    0.659  0.512     16   21   21   
 22 Oklahoma City                   38-39   0.618   0.9    0.697  0.539     14   18   22   
 23 Utah                            36-40   0.542   -0.8   0.590  0.493     23   22   23   
 24 Milwaukee                       55-21   0.952   4.2    0.903  1.000     4    1    24   

                                           -------Rating----------------  ----Rank----            
Rank Team                            W-L     KRS    SRS    S-Ix   WRS       S    W    SOS
========================================================================================
 25 Boston                          52-24   0.961   5.8    1.000  0.921     1    2    25   
 26 LA Clippers                     41-36   0.633   0.2    0.656  0.611     17   12   26   
 27 Sacramento                      46-30   0.781   2.6    0.804  0.759     8    7    27   
 28 Denver                          51-24   0.893   3.8    0.878  0.908     5    3    28   
 29 New Orleans                     38-38   0.629   1.3    0.724  0.535     10   19   29   
 30 Memphis                         48-28   0.838   3.7    0.873  0.804     6    6    30   
</div></pre>
</div>
	</pre>
	</p>
	</span>
</body>
<body>
<h3>Other links</h3>
<h4>Home</h4>
	<ul>
			<li class="listyle"><a href="https://2skupz.github.io/index.html"> Index</a></li>
	</ul>
</body>
