<html>
<head>
<!-- Global Site Tag (gtag.js) - Google Analytics -->
<title>2023 NBA Rankings</title>
<script type="text/javascript" src="tabber.js">
</script>
<link href="https://fonts.googleapis.com/css?family=Roboto+Slab|Droid+Sans+Mono" rel="stylesheet">
<style>
 body {
			font-family: "Roboto Slab", serif;
			font-size: 12px;
			}
#data {
			font-family: "Droid Sans Mono", serif;
			font-size: 13px;
		}
</style>
<link rel="stylesheet" href="tabbedPage.css" TYPE="text/css" MEDIA="screen">
</head>
<body bgcolor=#fbeec1>
<hr>
<table width=100%>
<tr><td align=left>
<h1 align="center">2023 NBA Rankings</h1>
</td>
</tr></table>
<p>
Standings through 03.14.23
<hr>
<center>
<table width=100% border=1><tr>
<td valign=top>
<div class="tabber">
<div class="tabbertab" title="Ken Power Index">
<pre><div id=data>

                                           -------Rating----------------  ----Rank----            
Rank Team                            W-L     KRS    SRS    S-Ix   WRS       S    W    SOS
========================================================================================
  1 Milwaukee                       50-19   0.955   4.1    0.910  1.000     3    1    19   
  2 Boston                          47-22   0.946   5.3    0.986  0.906     2    2    23   
  3 Philadelphia                    45-22   0.896   4.1    0.909  0.884     4    3    25   
  4 Cleveland                       44-27   0.896   5.5    1.000  0.791     1    5    20   
  5 Denver                          46-23   0.855   3.3    0.853  0.856     6    4    29   
  6 Memphis                         41-26   0.833   4.0    0.901  0.765     5    6    22   
  7 New York                        41-30   0.773   3.0    0.835  0.711     7    8    6    
  8 Sacramento                      40-27   0.753   2.3    0.789  0.717     8    7    30   

                                           -------Rating----------------  ----Rank----            
Rank Team                            W-L     KRS    SRS    S-Ix   WRS       S    W    SOS
========================================================================================
  9 Brooklyn                        39-30   0.691   0.9    0.695  0.687     11   9    4    
 10 Phoenix                         37-32   0.683   1.8    0.756  0.610     9    11   17   
 11 Oklahoma City                   34-35   0.638   1.7    0.748  0.528     10   17   18   
 12 Golden State                    36-33   0.626   0.6    0.675  0.576     13   12   21   
 13 Miami                           37-33   0.606   -0.6   0.599  0.614     23   10   3    
 14 Dallas                          34-35   0.597   0.5    0.669  0.525     16   18   12   
 15 LA Clippers                     36-33   0.593   -0.3   0.616  0.570     20   13   28   
 16 Toronto                         33-36   0.587   0.5    0.671  0.502     14   19   7    

                                           -------Rating----------------  ----Rank----            
Rank Team                            W-L     KRS    SRS    S-Ix   WRS       S    W    SOS
========================================================================================
 17 New Orleans                     33-36   0.583   0.5    0.670  0.497     15   20   9    
 18 Minnesota                       35-34   0.580   -0.2   0.621  0.540     18   14   26   
 19 Chicago                         31-36   0.578   0.8    0.688  0.468     12   23   11   
 20 LA Lakers                       34-35   0.575   -0.3   0.614  0.536     22   15   10   
 21 Atlanta                         34-35   0.574   -0.3   0.619  0.528     19   16   16   
 22 Washington                      32-37   0.551   -0.1   0.629  0.473     17   21   8    
 23 Utah                            33-36   0.543   -0.3   0.616  0.471     21   22   27   
 24 Portland                        31-38   0.476   -1.6   0.528  0.425     24   25   24   

                                           -------Rating----------------  ----Rank----            
Rank Team                            W-L     KRS    SRS    S-Ix   WRS       S    W    SOS
========================================================================================
 25 Indiana                         31-38   0.456   -2.4   0.479  0.434     25   24   14   
 26 Orlando                         28-41   0.392   -2.9   0.440  0.344     26   26   15   
 27 Charlotte                       22-49   0.215   -5.6   0.266  0.164     27   27   2    
 28 Detroit                         16-54   0.092   -6.8   0.182  0.003     28   29   1    
 29 Houston                         16-52   0.056   -7.9   0.112  0.000     29   30   5    
 30 San Antonio                     18-50   0.021   -9.6   0.000  0.042     30   28   13   
</div></pre>
</div>
<div class="tabbertab" title="Points Based">
<pre><div id=data>

                                           -------Rating----------------  ----Rank----            
Rank Team                            W-L     KRS    SRS    S-Ix   WRS       S    W    SOS
========================================================================================
  1 Cleveland                       44-27   0.896   5.5    1.000  0.791     1    5    20   
  2 Boston                          47-22   0.946   5.3    0.986  0.906     2    2    23   
  3 Milwaukee                       50-19   0.955   4.1    0.910  1.000     3    1    19   
  4 Philadelphia                    45-22   0.896   4.1    0.909  0.884     4    3    25   
  5 Memphis                         41-26   0.833   4.0    0.901  0.765     5    6    22   
  6 Denver                          46-23   0.855   3.3    0.853  0.856     6    4    29   
  7 New York                        41-30   0.773   3.0    0.835  0.711     7    8    6    
  8 Sacramento                      40-27   0.753   2.3    0.789  0.717     8    7    30   

                                           -------Rating----------------  ----Rank----            
Rank Team                            W-L     KRS    SRS    S-Ix   WRS       S    W    SOS
========================================================================================
  9 Phoenix                         37-32   0.683   1.8    0.756  0.610     9    11   17   
 10 Oklahoma City                   34-35   0.638   1.7    0.748  0.528     10   17   18   
 11 Brooklyn                        39-30   0.691   0.9    0.695  0.687     11   9    4    
 12 Chicago                         31-36   0.578   0.8    0.688  0.468     12   23   11   
 13 Golden State                    36-33   0.626   0.6    0.675  0.576     13   12   21   
 14 Toronto                         33-36   0.587   0.5    0.671  0.502     14   19   7    
 15 New Orleans                     33-36   0.583   0.5    0.670  0.497     15   20   9    
 16 Dallas                          34-35   0.597   0.5    0.669  0.525     16   18   12   

                                           -------Rating----------------  ----Rank----            
Rank Team                            W-L     KRS    SRS    S-Ix   WRS       S    W    SOS
========================================================================================
 17 Washington                      32-37   0.551   -0.1   0.629  0.473     17   21   8    
 18 Minnesota                       35-34   0.580   -0.2   0.621  0.540     18   14   26   
 19 Atlanta                         34-35   0.574   -0.3   0.619  0.528     19   16   16   
 20 LA Clippers                     36-33   0.593   -0.3   0.616  0.570     20   13   28   
 21 Utah                            33-36   0.543   -0.3   0.616  0.471     21   22   27   
 22 LA Lakers                       34-35   0.575   -0.3   0.614  0.536     22   15   10   
 23 Miami                           37-33   0.606   -0.6   0.599  0.614     23   10   3    
 24 Portland                        31-38   0.476   -1.6   0.528  0.425     24   25   24   

                                           -------Rating----------------  ----Rank----            
Rank Team                            W-L     KRS    SRS    S-Ix   WRS       S    W    SOS
========================================================================================
 25 Indiana                         31-38   0.456   -2.4   0.479  0.434     25   24   14   
 26 Orlando                         28-41   0.392   -2.9   0.440  0.344     26   26   15   
 27 Charlotte                       22-49   0.215   -5.6   0.266  0.164     27   27   2    
 28 Detroit                         16-54   0.092   -6.8   0.182  0.003     28   29   1    
 29 Houston                         16-52   0.056   -7.9   0.112  0.000     29   30   5    
 30 San Antonio                     18-50   0.021   -9.6   0.000  0.042     30   28   13   
</div></pre>
</div>
<div class="tabbertab" title="Wins Based">
<pre><div id=data>

                                           -------Rating----------------  ----Rank----            
Rank Team                            W-L     KRS    SRS    S-Ix   WRS       S    W    SOS
========================================================================================
  1 Milwaukee                       50-19   0.955   4.1    0.910  1.000     3    1    19   
  2 Boston                          47-22   0.946   5.3    0.986  0.906     2    2    23   
  3 Philadelphia                    45-22   0.896   4.1    0.909  0.884     4    3    25   
  4 Denver                          46-23   0.855   3.3    0.853  0.856     6    4    29   
  5 Cleveland                       44-27   0.896   5.5    1.000  0.791     1    5    20   
  6 Memphis                         41-26   0.833   4.0    0.901  0.765     5    6    22   
  7 Sacramento                      40-27   0.753   2.3    0.789  0.717     8    7    30   
  8 New York                        41-30   0.773   3.0    0.835  0.711     7    8    6    

                                           -------Rating----------------  ----Rank----            
Rank Team                            W-L     KRS    SRS    S-Ix   WRS       S    W    SOS
========================================================================================
  9 Brooklyn                        39-30   0.691   0.9    0.695  0.687     11   9    4    
 10 Miami                           37-33   0.606   -0.6   0.599  0.614     23   10   3    
 11 Phoenix                         37-32   0.683   1.8    0.756  0.610     9    11   17   
 12 Golden State                    36-33   0.626   0.6    0.675  0.576     13   12   21   
 13 LA Clippers                     36-33   0.593   -0.3   0.616  0.570     20   13   28   
 14 Minnesota                       35-34   0.580   -0.2   0.621  0.540     18   14   26   
 15 LA Lakers                       34-35   0.575   -0.3   0.614  0.536     22   15   10   
 16 Atlanta                         34-35   0.574   -0.3   0.619  0.528     19   16   16   

                                           -------Rating----------------  ----Rank----            
Rank Team                            W-L     KRS    SRS    S-Ix   WRS       S    W    SOS
========================================================================================
 17 Oklahoma City                   34-35   0.638   1.7    0.748  0.528     10   17   18   
 18 Dallas                          34-35   0.597   0.5    0.669  0.525     16   18   12   
 19 Toronto                         33-36   0.587   0.5    0.671  0.502     14   19   7    
 20 New Orleans                     33-36   0.583   0.5    0.670  0.497     15   20   9    
 21 Washington                      32-37   0.551   -0.1   0.629  0.473     17   21   8    
 22 Utah                            33-36   0.543   -0.3   0.616  0.471     21   22   27   
 23 Chicago                         31-36   0.578   0.8    0.688  0.468     12   23   11   
 24 Indiana                         31-38   0.456   -2.4   0.479  0.434     25   24   14   

                                           -------Rating----------------  ----Rank----            
Rank Team                            W-L     KRS    SRS    S-Ix   WRS       S    W    SOS
========================================================================================
 25 Portland                        31-38   0.476   -1.6   0.528  0.425     24   25   24   
 26 Orlando                         28-41   0.392   -2.9   0.440  0.344     26   26   15   
 27 Charlotte                       22-49   0.215   -5.6   0.266  0.164     27   27   2    
 28 San Antonio                     18-50   0.021   -9.6   0.000  0.042     30   28   13   
 29 Detroit                         16-54   0.092   -6.8   0.182  0.003     28   29   1    
 30 Houston                         16-52   0.056   -7.9   0.112  0.000     29   30   5    
</div></pre>
</div>
<div class="tabbertab" title="BCS">
<pre><div id=data>

                                           -------Rating----------------  ----Rank----            
Rank Team                            W-L     KRS    SRS    S-Ix   WRS       S    W    SOS
========================================================================================
  1 Milwaukee                       50-19   0.955   4.1    0.910  1.000     3    1    19   
  2 Boston                          47-22   0.946   5.3    0.986  0.906     2    2    23   
  3 Philadelphia                    45-22   0.896   4.1    0.909  0.884     4    3    25   
  4 Cleveland                       44-27   0.896   5.5    1.000  0.791     1    5    20   
  5 Denver                          46-23   0.855   3.3    0.853  0.856     6    4    29   
  6 Memphis                         41-26   0.833   4.0    0.901  0.765     5    6    22   
  7 New York                        41-30   0.773   3.0    0.835  0.711     7    8    6    
  8 Sacramento                      40-27   0.753   2.3    0.789  0.717     8    7    30   

                                           -------Rating----------------  ----Rank----            
Rank Team                            W-L     KRS    SRS    S-Ix   WRS       S    W    SOS
========================================================================================
  9 Brooklyn                        39-30   0.691   0.9    0.695  0.687     11   9    4    
 10 Phoenix                         37-32   0.683   1.8    0.756  0.610     9    11   17   
 11 Oklahoma City                   34-35   0.638   1.7    0.748  0.528     10   17   18   
 12 Golden State                    36-33   0.626   0.6    0.675  0.576     13   12   21   
 13 Miami                           37-33   0.606   -0.6   0.599  0.614     23   10   3    
 14 Dallas                          34-35   0.597   0.5    0.669  0.525     16   18   12   
 15 LA Clippers                     36-33   0.593   -0.3   0.616  0.570     20   13   28   
 16 Toronto                         33-36   0.587   0.5    0.671  0.502     14   19   7    

                                           -------Rating----------------  ----Rank----            
Rank Team                            W-L     KRS    SRS    S-Ix   WRS       S    W    SOS
========================================================================================
 17 New Orleans                     33-36   0.583   0.5    0.670  0.497     15   20   9    
 18 Minnesota                       35-34   0.580   -0.2   0.621  0.540     18   14   26   
 19 Chicago                         31-36   0.578   0.8    0.688  0.468     12   23   11   
 20 LA Lakers                       34-35   0.575   -0.3   0.614  0.536     22   15   10   
 21 Atlanta                         34-35   0.574   -0.3   0.619  0.528     19   16   16   
 22 Washington                      32-37   0.551   -0.1   0.629  0.473     17   21   8    
 23 Utah                            33-36   0.543   -0.3   0.616  0.471     21   22   27   
 24 Portland                        31-38   0.476   -1.6   0.528  0.425     24   25   24   

                                           -------Rating----------------  ----Rank----            
Rank Team                            W-L     KRS    SRS    S-Ix   WRS       S    W    SOS
========================================================================================
 25 Indiana                         31-38   0.456   -2.4   0.479  0.434     25   24   14   
 26 Orlando                         28-41   0.392   -2.9   0.440  0.344     26   26   15   
 27 Charlotte                       22-49   0.215   -5.6   0.266  0.164     27   27   2    
 28 Detroit                         16-54   0.092   -6.8   0.182  0.003     28   29   1    
 29 Houston                         16-52   0.056   -7.9   0.112  0.000     29   30   5    
 30 San Antonio                     18-50   0.021   -9.6   0.000  0.042     30   28   13   
</div></pre>
</div>
<div class="tabbertab" title="SOS">
<pre><div id=data>

                                           -------Rating----------------  ----Rank----            
Rank Team                            W-L     KRS    SRS    S-Ix   WRS       S    W    SOS
========================================================================================
  1 Detroit                         16-54   0.092   -6.8   0.182  0.003     28   29   1    
  2 Charlotte                       22-49   0.215   -5.6   0.266  0.164     27   27   2    
  3 Miami                           37-33   0.606   -0.6   0.599  0.614     23   10   3    
  4 Brooklyn                        39-30   0.691   0.9    0.695  0.687     11   9    4    
  5 Houston                         16-52   0.056   -7.9   0.112  0.000     29   30   5    
  6 New York                        41-30   0.773   3.0    0.835  0.711     7    8    6    
  7 Toronto                         33-36   0.587   0.5    0.671  0.502     14   19   7    
  8 Washington                      32-37   0.551   -0.1   0.629  0.473     17   21   8    

                                           -------Rating----------------  ----Rank----            
Rank Team                            W-L     KRS    SRS    S-Ix   WRS       S    W    SOS
========================================================================================
  9 New Orleans                     33-36   0.583   0.5    0.670  0.497     15   20   9    
 10 LA Lakers                       34-35   0.575   -0.3   0.614  0.536     22   15   10   
 11 Chicago                         31-36   0.578   0.8    0.688  0.468     12   23   11   
 12 Dallas                          34-35   0.597   0.5    0.669  0.525     16   18   12   
 13 San Antonio                     18-50   0.021   -9.6   0.000  0.042     30   28   13   
 14 Indiana                         31-38   0.456   -2.4   0.479  0.434     25   24   14   
 15 Orlando                         28-41   0.392   -2.9   0.440  0.344     26   26   15   
 16 Atlanta                         34-35   0.574   -0.3   0.619  0.528     19   16   16   

                                           -------Rating----------------  ----Rank----            
Rank Team                            W-L     KRS    SRS    S-Ix   WRS       S    W    SOS
========================================================================================
 17 Phoenix                         37-32   0.683   1.8    0.756  0.610     9    11   17   
 18 Oklahoma City                   34-35   0.638   1.7    0.748  0.528     10   17   18   
 19 Milwaukee                       50-19   0.955   4.1    0.910  1.000     3    1    19   
 20 Cleveland                       44-27   0.896   5.5    1.000  0.791     1    5    20   
 21 Golden State                    36-33   0.626   0.6    0.675  0.576     13   12   21   
 22 Memphis                         41-26   0.833   4.0    0.901  0.765     5    6    22   
 23 Boston                          47-22   0.946   5.3    0.986  0.906     2    2    23   
 24 Portland                        31-38   0.476   -1.6   0.528  0.425     24   25   24   

                                           -------Rating----------------  ----Rank----            
Rank Team                            W-L     KRS    SRS    S-Ix   WRS       S    W    SOS
========================================================================================
 25 Philadelphia                    45-22   0.896   4.1    0.909  0.884     4    3    25   
 26 Minnesota                       35-34   0.580   -0.2   0.621  0.540     18   14   26   
 27 Utah                            33-36   0.543   -0.3   0.616  0.471     21   22   27   
 28 LA Clippers                     36-33   0.593   -0.3   0.616  0.570     20   13   28   
 29 Denver                          46-23   0.855   3.3    0.853  0.856     6    4    29   
 30 Sacramento                      40-27   0.753   2.3    0.789  0.717     8    7    30   
</div></pre>
</div>
	</pre>
	</p>
	</span>
</body>
<body>
<h3>Other links</h3>
<h4>Home</h4>
	<ul>
			<li class="listyle"><a href="https://2skupz.github.io/index.html"> Index</a></li>
	</ul>
</body>
