<html>
<head>
<!-- Global Site Tag (gtag.js) - Google Analytics -->
<title>2023 NBA Rankings</title>
<script type="text/javascript" src="tabber.js">
</script>
<link href="https://fonts.googleapis.com/css?family=Roboto+Slab|Droid+Sans+Mono" rel="stylesheet">
<style>
 body {
			font-family: "Roboto Slab", serif;
			font-size: 12px;
			}
#data {
			font-family: "Droid Sans Mono", serif;
			font-size: 13px;
		}
</style>
<link rel="stylesheet" href="tabbedPage.css" TYPE="text/css" MEDIA="screen">
</head>
<body bgcolor=#fbeec1>
<hr>
<table width=100%>
<tr><td align=left>
<h1 align="center">2023 NBA Rankings</h1>
</td>
</tr></table>
<p>
Standings through 04.02.23
<hr>
<center>
<table width=100% border=1><tr>
<td valign=top>
<div class="tabber">
<div class="tabbertab" title="Ken Power Index">
<pre><div id=data>

                                           -------Rating----------------  ----Rank----            
Rank Team                            W-L     KRS    SRS    S-Ix   WRS       S    W    SOS
========================================================================================
  1 Boston                          54-24   0.973   6.3    1.000  0.947     1    2    26   
  2 Milwaukee                       56-22   0.927   3.9    0.854  1.000     4    1    18   
  3 Philadelphia                    51-27   0.882   4.4    0.886  0.878     3    4    15   
  4 Cleveland                       49-30   0.879   5.4    0.943  0.816     2    5    16   
  5 Denver                          52-26   0.855   3.4    0.824  0.885     6    3    27   
  6 Memphis                         49-29   0.817   3.6    0.834  0.801     5    6    29   
  7 New York                        46-33   0.777   3.2    0.811  0.742     7    8    10   
  8 Sacramento                      47-31   0.762   2.6    0.773  0.750     8    7    30   

                                           -------Rating----------------  ----Rank----            
Rank Team                            W-L     KRS    SRS    S-Ix   WRS       S    W    SOS
========================================================================================
  9 Phoenix                         43-35   0.710   2.2    0.748  0.673     9    10   12   
 10 Brooklyn                        43-35   0.688   1.2    0.688  0.688     13   9    6    
 11 New Orleans                     40-38   0.646   1.7    0.718  0.574     10   15   28   
 12 Toronto                         39-39   0.636   1.4    0.701  0.571     12   16   14   
 13 Chicago                         38-40   0.633   1.6    0.712  0.555     11   18   9    
 14 Golden State                    41-38   0.625   0.6    0.653  0.598     15   12   20   
 15 LA Lakers                       40-38   0.607   0.2    0.627  0.586     16   14   21   
 16 Miami                           41-37   0.606   -0.6   0.576  0.636     21   11   4    

                                           -------Rating----------------  ----Rank----            
Rank Team                            W-L     KRS    SRS    S-Ix   WRS       S    W    SOS
========================================================================================
 17 LA Clippers                     41-38   0.605   0.0    0.617  0.594     18   13   25   
 18 Oklahoma City                   38-41   0.590   0.7    0.658  0.522     14   20   24   
 19 Atlanta                         39-39   0.588   -0.1   0.610  0.566     19   17   17   
 20 Minnesota                       39-40   0.566   -0.5   0.584  0.549     20   19   19   
 21 Dallas                          37-42   0.561   0.2    0.625  0.497     17   21   23   
 22 Utah                            36-42   0.524   -0.8   0.565  0.483     23   22   22   
 23 Washington                      34-44   0.514   -0.7   0.575  0.453     22   23   8    
 24 Orlando                         34-44   0.468   -1.9   0.498  0.437     24   25   13   

                                           -------Rating----------------  ----Rank----            
Rank Team                            W-L     KRS    SRS    S-Ix   WRS       S    W    SOS
========================================================================================
 25 Indiana                         34-45   0.444   -2.8   0.442  0.445     25   24   3    
 26 Portland                        33-45   0.418   -3.1   0.424  0.411     26   26   11   
 27 Charlotte                       26-53   0.247   -5.9   0.253  0.240     27   27   2    
 28 Houston                         19-60   0.083   -8.2   0.112  0.055     29   29   5    
 29 Detroit                         16-62   0.077   -7.6   0.154  0.000     28   30   1    
 30 San Antonio                     20-58   0.040   -10.1  0.000  0.080     30   28   7    
</div></pre>
</div>
<div class="tabbertab" title="Points Based">
<pre><div id=data>

                                           -------Rating----------------  ----Rank----            
Rank Team                            W-L     KRS    SRS    S-Ix   WRS       S    W    SOS
========================================================================================
  1 Boston                          54-24   0.973   6.3    1.000  0.947     1    2    26   
  2 Cleveland                       49-30   0.879   5.4    0.943  0.816     2    5    16   
  3 Philadelphia                    51-27   0.882   4.4    0.886  0.878     3    4    15   
  4 Milwaukee                       56-22   0.927   3.9    0.854  1.000     4    1    18   
  5 Memphis                         49-29   0.817   3.6    0.834  0.801     5    6    29   
  6 Denver                          52-26   0.855   3.4    0.824  0.885     6    3    27   
  7 New York                        46-33   0.777   3.2    0.811  0.742     7    8    10   
  8 Sacramento                      47-31   0.762   2.6    0.773  0.750     8    7    30   

                                           -------Rating----------------  ----Rank----            
Rank Team                            W-L     KRS    SRS    S-Ix   WRS       S    W    SOS
========================================================================================
  9 Phoenix                         43-35   0.710   2.2    0.748  0.673     9    10   12   
 10 New Orleans                     40-38   0.646   1.7    0.718  0.574     10   15   28   
 11 Chicago                         38-40   0.633   1.6    0.712  0.555     11   18   9    
 12 Toronto                         39-39   0.636   1.4    0.701  0.571     12   16   14   
 13 Brooklyn                        43-35   0.688   1.2    0.688  0.688     13   9    6    
 14 Oklahoma City                   38-41   0.590   0.7    0.658  0.522     14   20   24   
 15 Golden State                    41-38   0.625   0.6    0.653  0.598     15   12   20   
 16 LA Lakers                       40-38   0.607   0.2    0.627  0.586     16   14   21   

                                           -------Rating----------------  ----Rank----            
Rank Team                            W-L     KRS    SRS    S-Ix   WRS       S    W    SOS
========================================================================================
 17 Dallas                          37-42   0.561   0.2    0.625  0.497     17   21   23   
 18 LA Clippers                     41-38   0.605   0.0    0.617  0.594     18   13   25   
 19 Atlanta                         39-39   0.588   -0.1   0.610  0.566     19   17   17   
 20 Minnesota                       39-40   0.566   -0.5   0.584  0.549     20   19   19   
 21 Miami                           41-37   0.606   -0.6   0.576  0.636     21   11   4    
 22 Washington                      34-44   0.514   -0.7   0.575  0.453     22   23   8    
 23 Utah                            36-42   0.524   -0.8   0.565  0.483     23   22   22   
 24 Orlando                         34-44   0.468   -1.9   0.498  0.437     24   25   13   

                                           -------Rating----------------  ----Rank----            
Rank Team                            W-L     KRS    SRS    S-Ix   WRS       S    W    SOS
========================================================================================
 25 Indiana                         34-45   0.444   -2.8   0.442  0.445     25   24   3    
 26 Portland                        33-45   0.418   -3.1   0.424  0.411     26   26   11   
 27 Charlotte                       26-53   0.247   -5.9   0.253  0.240     27   27   2    
 28 Detroit                         16-62   0.077   -7.6   0.154  0.000     28   30   1    
 29 Houston                         19-60   0.083   -8.2   0.112  0.055     29   29   5    
 30 San Antonio                     20-58   0.040   -10.1  0.000  0.080     30   28   7    
</div></pre>
</div>
<div class="tabbertab" title="Wins Based">
<pre><div id=data>

                                           -------Rating----------------  ----Rank----            
Rank Team                            W-L     KRS    SRS    S-Ix   WRS       S    W    SOS
========================================================================================
  1 Milwaukee                       56-22   0.927   3.9    0.854  1.000     4    1    18   
  2 Boston                          54-24   0.973   6.3    1.000  0.947     1    2    26   
  3 Denver                          52-26   0.855   3.4    0.824  0.885     6    3    27   
  4 Philadelphia                    51-27   0.882   4.4    0.886  0.878     3    4    15   
  5 Cleveland                       49-30   0.879   5.4    0.943  0.816     2    5    16   
  6 Memphis                         49-29   0.817   3.6    0.834  0.801     5    6    29   
  7 Sacramento                      47-31   0.762   2.6    0.773  0.750     8    7    30   
  8 New York                        46-33   0.777   3.2    0.811  0.742     7    8    10   

                                           -------Rating----------------  ----Rank----            
Rank Team                            W-L     KRS    SRS    S-Ix   WRS       S    W    SOS
========================================================================================
  9 Brooklyn                        43-35   0.688   1.2    0.688  0.688     13   9    6    
 10 Phoenix                         43-35   0.710   2.2    0.748  0.673     9    10   12   
 11 Miami                           41-37   0.606   -0.6   0.576  0.636     21   11   4    
 12 Golden State                    41-38   0.625   0.6    0.653  0.598     15   12   20   
 13 LA Clippers                     41-38   0.605   0.0    0.617  0.594     18   13   25   
 14 LA Lakers                       40-38   0.607   0.2    0.627  0.586     16   14   21   
 15 New Orleans                     40-38   0.646   1.7    0.718  0.574     10   15   28   
 16 Toronto                         39-39   0.636   1.4    0.701  0.571     12   16   14   

                                           -------Rating----------------  ----Rank----            
Rank Team                            W-L     KRS    SRS    S-Ix   WRS       S    W    SOS
========================================================================================
 17 Atlanta                         39-39   0.588   -0.1   0.610  0.566     19   17   17   
 18 Chicago                         38-40   0.633   1.6    0.712  0.555     11   18   9    
 19 Minnesota                       39-40   0.566   -0.5   0.584  0.549     20   19   19   
 20 Oklahoma City                   38-41   0.590   0.7    0.658  0.522     14   20   24   
 21 Dallas                          37-42   0.561   0.2    0.625  0.497     17   21   23   
 22 Utah                            36-42   0.524   -0.8   0.565  0.483     23   22   22   
 23 Washington                      34-44   0.514   -0.7   0.575  0.453     22   23   8    
 24 Indiana                         34-45   0.444   -2.8   0.442  0.445     25   24   3    

                                           -------Rating----------------  ----Rank----            
Rank Team                            W-L     KRS    SRS    S-Ix   WRS       S    W    SOS
========================================================================================
 25 Orlando                         34-44   0.468   -1.9   0.498  0.437     24   25   13   
 26 Portland                        33-45   0.418   -3.1   0.424  0.411     26   26   11   
 27 Charlotte                       26-53   0.247   -5.9   0.253  0.240     27   27   2    
 28 San Antonio                     20-58   0.040   -10.1  0.000  0.080     30   28   7    
 29 Houston                         19-60   0.083   -8.2   0.112  0.055     29   29   5    
 30 Detroit                         16-62   0.077   -7.6   0.154  0.000     28   30   1    
</div></pre>
</div>
<div class="tabbertab" title="BCS">
<pre><div id=data>

                                           -------Rating----------------  ----Rank----            
Rank Team                            W-L     KRS    SRS    S-Ix   WRS       S    W    SOS
========================================================================================
  1 Boston                          54-24   0.973   6.3    1.000  0.947     1    2    26   
  2 Milwaukee                       56-22   0.927   3.9    0.854  1.000     4    1    18   
  3 Philadelphia                    51-27   0.882   4.4    0.886  0.878     3    4    15   
  4 Cleveland                       49-30   0.879   5.4    0.943  0.816     2    5    16   
  5 Denver                          52-26   0.855   3.4    0.824  0.885     6    3    27   
  6 Memphis                         49-29   0.817   3.6    0.834  0.801     5    6    29   
  7 New York                        46-33   0.777   3.2    0.811  0.742     7    8    10   
  8 Sacramento                      47-31   0.762   2.6    0.773  0.750     8    7    30   

                                           -------Rating----------------  ----Rank----            
Rank Team                            W-L     KRS    SRS    S-Ix   WRS       S    W    SOS
========================================================================================
  9 Phoenix                         43-35   0.710   2.2    0.748  0.673     9    10   12   
 10 Brooklyn                        43-35   0.688   1.2    0.688  0.688     13   9    6    
 11 New Orleans                     40-38   0.646   1.7    0.718  0.574     10   15   28   
 12 Toronto                         39-39   0.636   1.4    0.701  0.571     12   16   14   
 13 Chicago                         38-40   0.633   1.6    0.712  0.555     11   18   9    
 14 Golden State                    41-38   0.625   0.6    0.653  0.598     15   12   20   
 15 LA Lakers                       40-38   0.607   0.2    0.627  0.586     16   14   21   
 16 Miami                           41-37   0.606   -0.6   0.576  0.636     21   11   4    

                                           -------Rating----------------  ----Rank----            
Rank Team                            W-L     KRS    SRS    S-Ix   WRS       S    W    SOS
========================================================================================
 17 LA Clippers                     41-38   0.605   0.0    0.617  0.594     18   13   25   
 18 Oklahoma City                   38-41   0.590   0.7    0.658  0.522     14   20   24   
 19 Atlanta                         39-39   0.588   -0.1   0.610  0.566     19   17   17   
 20 Minnesota                       39-40   0.566   -0.5   0.584  0.549     20   19   19   
 21 Dallas                          37-42   0.561   0.2    0.625  0.497     17   21   23   
 22 Utah                            36-42   0.524   -0.8   0.565  0.483     23   22   22   
 23 Washington                      34-44   0.514   -0.7   0.575  0.453     22   23   8    
 24 Orlando                         34-44   0.468   -1.9   0.498  0.437     24   25   13   

                                           -------Rating----------------  ----Rank----            
Rank Team                            W-L     KRS    SRS    S-Ix   WRS       S    W    SOS
========================================================================================
 25 Indiana                         34-45   0.444   -2.8   0.442  0.445     25   24   3    
 26 Portland                        33-45   0.418   -3.1   0.424  0.411     26   26   11   
 27 Charlotte                       26-53   0.247   -5.9   0.253  0.240     27   27   2    
 28 Houston                         19-60   0.083   -8.2   0.112  0.055     29   29   5    
 29 Detroit                         16-62   0.077   -7.6   0.154  0.000     28   30   1    
 30 San Antonio                     20-58   0.040   -10.1  0.000  0.080     30   28   7    
</div></pre>
</div>
<div class="tabbertab" title="SOS">
<pre><div id=data>

                                           -------Rating----------------  ----Rank----            
Rank Team                            W-L     KRS    SRS    S-Ix   WRS       S    W    SOS
========================================================================================
  1 Detroit                         16-62   0.077   -7.6   0.154  0.000     28   30   1    
  2 Charlotte                       26-53   0.247   -5.9   0.253  0.240     27   27   2    
  3 Indiana                         34-45   0.444   -2.8   0.442  0.445     25   24   3    
  4 Miami                           41-37   0.606   -0.6   0.576  0.636     21   11   4    
  5 Houston                         19-60   0.083   -8.2   0.112  0.055     29   29   5    
  6 Brooklyn                        43-35   0.688   1.2    0.688  0.688     13   9    6    
  7 San Antonio                     20-58   0.040   -10.1  0.000  0.080     30   28   7    
  8 Washington                      34-44   0.514   -0.7   0.575  0.453     22   23   8    

                                           -------Rating----------------  ----Rank----            
Rank Team                            W-L     KRS    SRS    S-Ix   WRS       S    W    SOS
========================================================================================
  9 Chicago                         38-40   0.633   1.6    0.712  0.555     11   18   9    
 10 New York                        46-33   0.777   3.2    0.811  0.742     7    8    10   
 11 Portland                        33-45   0.418   -3.1   0.424  0.411     26   26   11   
 12 Phoenix                         43-35   0.710   2.2    0.748  0.673     9    10   12   
 13 Orlando                         34-44   0.468   -1.9   0.498  0.437     24   25   13   
 14 Toronto                         39-39   0.636   1.4    0.701  0.571     12   16   14   
 15 Philadelphia                    51-27   0.882   4.4    0.886  0.878     3    4    15   
 16 Cleveland                       49-30   0.879   5.4    0.943  0.816     2    5    16   

                                           -------Rating----------------  ----Rank----            
Rank Team                            W-L     KRS    SRS    S-Ix   WRS       S    W    SOS
========================================================================================
 17 Atlanta                         39-39   0.588   -0.1   0.610  0.566     19   17   17   
 18 Milwaukee                       56-22   0.927   3.9    0.854  1.000     4    1    18   
 19 Minnesota                       39-40   0.566   -0.5   0.584  0.549     20   19   19   
 20 Golden State                    41-38   0.625   0.6    0.653  0.598     15   12   20   
 21 LA Lakers                       40-38   0.607   0.2    0.627  0.586     16   14   21   
 22 Utah                            36-42   0.524   -0.8   0.565  0.483     23   22   22   
 23 Dallas                          37-42   0.561   0.2    0.625  0.497     17   21   23   
 24 Oklahoma City                   38-41   0.590   0.7    0.658  0.522     14   20   24   

                                           -------Rating----------------  ----Rank----            
Rank Team                            W-L     KRS    SRS    S-Ix   WRS       S    W    SOS
========================================================================================
 25 LA Clippers                     41-38   0.605   0.0    0.617  0.594     18   13   25   
 26 Boston                          54-24   0.973   6.3    1.000  0.947     1    2    26   
 27 Denver                          52-26   0.855   3.4    0.824  0.885     6    3    27   
 28 New Orleans                     40-38   0.646   1.7    0.718  0.574     10   15   28   
 29 Memphis                         49-29   0.817   3.6    0.834  0.801     5    6    29   
 30 Sacramento                      47-31   0.762   2.6    0.773  0.750     8    7    30   
</div></pre>
</div>
	</pre>
	</p>
	</span>
</body>
<body>
<h3>Other links</h3>
<h4>Home</h4>
	<ul>
			<li class="listyle"><a href="https://2skupz.github.io/index.html"> Index</a></li>
	</ul>
</body>
