<html>
<head>
<!-- Global Site Tag (gtag.js) - Google Analytics -->
<title>2023 NBA Rankings</title>
<script type="text/javascript" src="tabber.js">
</script>
<link href="https://fonts.googleapis.com/css?family=Roboto+Slab|Droid+Sans+Mono" rel="stylesheet">
<style>
 body {
			font-family: "Roboto Slab", serif;
			font-size: 12px;
			}
#data {
			font-family: "Droid Sans Mono", serif;
			font-size: 13px;
		}
</style>
<link rel="stylesheet" href="tabbedPage.css" TYPE="text/css" MEDIA="screen">
</head>
<body bgcolor=#fbeec1>
<hr>
<table width=100%>
<tr><td align=left>
<h1 align="center">2023 NBA Rankings</h1>
</td>
</tr></table>
<p>
Standings through 04.01.23
<hr>
<center>
<table width=100% border=1><tr>
<td valign=top>
<div class="tabber">
<div class="tabbertab" title="Ken Power Index">
<pre><div id=data>

                                           -------Rating----------------  ----Rank----            
Rank Team                            W-L     KRS    SRS    S-Ix   WRS       S    W    SOS
========================================================================================
  1 Boston                          54-24   0.979   6.3    1.000  0.957     1    2    26   
  2 Milwaukee                       55-22   0.923   3.7    0.846  1.000     5    1    20   
  3 Philadelphia                    51-26   0.898   4.6    0.898  0.899     3    3    18   
  4 Cleveland                       48-30   0.879   5.3    0.942  0.815     2    6    15   
  5 Denver                          51-26   0.857   3.4    0.828  0.887     6    4    27   
  6 Memphis                         49-28   0.841   3.9    0.855  0.828     4    5    30   
  7 Sacramento                      47-30   0.787   2.8    0.793  0.781     8    7    28   
  8 New York                        45-33   0.775   3.1    0.810  0.739     7    8    10   

                                           -------Rating----------------  ----Rank----            
Rank Team                            W-L     KRS    SRS    S-Ix   WRS       S    W    SOS
========================================================================================
  9 Phoenix                         42-35   0.708   2.1    0.746  0.670     9    10   14   
 10 Brooklyn                        42-35   0.688   1.2    0.693  0.682     13   9    5    
 11 New Orleans                     40-38   0.650   1.7    0.722  0.578     10   15   29   
 12 Golden State                    41-37   0.636   0.6    0.658  0.613     15   12   23   
 13 Toronto                         38-39   0.631   1.2    0.696  0.566     12   17   12   
 14 Chicago                         37-40   0.620   1.3    0.699  0.542     11   19   11   
 15 LA Clippers                     41-38   0.612   0.0    0.623  0.600     17   13   24   
 16 Miami                           41-37   0.611   -0.7   0.582  0.641     22   11   3    

                                           -------Rating----------------  ----Rank----            
Rank Team                            W-L     KRS    SRS    S-Ix   WRS       S    W    SOS
========================================================================================
 17 Oklahoma City                   38-40   0.604   0.8    0.670  0.537     14   20   25   
 18 LA Lakers                       39-38   0.603   -0.0   0.621  0.585     18   14   16   
 19 Atlanta                         38-39   0.585   -0.1   0.614  0.557     19   18   19   
 20 Minnesota                       39-39   0.582   -0.4   0.594  0.569     20   16   17   
 21 Dallas                          37-41   0.573   0.2    0.633  0.513     16   21   21   
 22 Utah                            36-41   0.534   -0.8   0.571  0.497     23   22   22   
 23 Washington                      34-43   0.524   -0.6   0.584  0.464     21   23   8    
 24 Orlando                         33-44   0.461   -2.2   0.490  0.431     24   25   9    

                                           -------Rating----------------  ----Rank----            
Rank Team                            W-L     KRS    SRS    S-Ix   WRS       S    W    SOS
========================================================================================
 25 Indiana                         34-44   0.453   -2.8   0.452  0.454     25   24   6    
 26 Portland                        32-45   0.414   -3.2   0.429  0.399     26   26   13   
 27 Charlotte                       26-52   0.259   -5.8   0.273  0.245     27   27   2    
 28 Houston                         19-59   0.098   -8.0   0.139  0.057     29   28   4    
 29 Detroit                         16-61   0.091   -7.3   0.182  0.000     28   30   1    
 30 San Antonio                     19-58   0.027   -10.3  0.000  0.055     30   29   7    
</div></pre>
</div>
<div class="tabbertab" title="Points Based">
<pre><div id=data>

                                           -------Rating----------------  ----Rank----            
Rank Team                            W-L     KRS    SRS    S-Ix   WRS       S    W    SOS
========================================================================================
  1 Boston                          54-24   0.979   6.3    1.000  0.957     1    2    26   
  2 Cleveland                       48-30   0.879   5.3    0.942  0.815     2    6    15   
  3 Philadelphia                    51-26   0.898   4.6    0.898  0.899     3    3    18   
  4 Memphis                         49-28   0.841   3.9    0.855  0.828     4    5    30   
  5 Milwaukee                       55-22   0.923   3.7    0.846  1.000     5    1    20   
  6 Denver                          51-26   0.857   3.4    0.828  0.887     6    4    27   
  7 New York                        45-33   0.775   3.1    0.810  0.739     7    8    10   
  8 Sacramento                      47-30   0.787   2.8    0.793  0.781     8    7    28   

                                           -------Rating----------------  ----Rank----            
Rank Team                            W-L     KRS    SRS    S-Ix   WRS       S    W    SOS
========================================================================================
  9 Phoenix                         42-35   0.708   2.1    0.746  0.670     9    10   14   
 10 New Orleans                     40-38   0.650   1.7    0.722  0.578     10   15   29   
 11 Chicago                         37-40   0.620   1.3    0.699  0.542     11   19   11   
 12 Toronto                         38-39   0.631   1.2    0.696  0.566     12   17   12   
 13 Brooklyn                        42-35   0.688   1.2    0.693  0.682     13   9    5    
 14 Oklahoma City                   38-40   0.604   0.8    0.670  0.537     14   20   25   
 15 Golden State                    41-37   0.636   0.6    0.658  0.613     15   12   23   
 16 Dallas                          37-41   0.573   0.2    0.633  0.513     16   21   21   

                                           -------Rating----------------  ----Rank----            
Rank Team                            W-L     KRS    SRS    S-Ix   WRS       S    W    SOS
========================================================================================
 17 LA Clippers                     41-38   0.612   0.0    0.623  0.600     17   13   24   
 18 LA Lakers                       39-38   0.603   -0.0   0.621  0.585     18   14   16   
 19 Atlanta                         38-39   0.585   -0.1   0.614  0.557     19   18   19   
 20 Minnesota                       39-39   0.582   -0.4   0.594  0.569     20   16   17   
 21 Washington                      34-43   0.524   -0.6   0.584  0.464     21   23   8    
 22 Miami                           41-37   0.611   -0.7   0.582  0.641     22   11   3    
 23 Utah                            36-41   0.534   -0.8   0.571  0.497     23   22   22   
 24 Orlando                         33-44   0.461   -2.2   0.490  0.431     24   25   9    

                                           -------Rating----------------  ----Rank----            
Rank Team                            W-L     KRS    SRS    S-Ix   WRS       S    W    SOS
========================================================================================
 25 Indiana                         34-44   0.453   -2.8   0.452  0.454     25   24   6    
 26 Portland                        32-45   0.414   -3.2   0.429  0.399     26   26   13   
 27 Charlotte                       26-52   0.259   -5.8   0.273  0.245     27   27   2    
 28 Detroit                         16-61   0.091   -7.3   0.182  0.000     28   30   1    
 29 Houston                         19-59   0.098   -8.0   0.139  0.057     29   28   4    
 30 San Antonio                     19-58   0.027   -10.3  0.000  0.055     30   29   7    
</div></pre>
</div>
<div class="tabbertab" title="Wins Based">
<pre><div id=data>

                                           -------Rating----------------  ----Rank----            
Rank Team                            W-L     KRS    SRS    S-Ix   WRS       S    W    SOS
========================================================================================
  1 Milwaukee                       55-22   0.923   3.7    0.846  1.000     5    1    20   
  2 Boston                          54-24   0.979   6.3    1.000  0.957     1    2    26   
  3 Philadelphia                    51-26   0.898   4.6    0.898  0.899     3    3    18   
  4 Denver                          51-26   0.857   3.4    0.828  0.887     6    4    27   
  5 Memphis                         49-28   0.841   3.9    0.855  0.828     4    5    30   
  6 Cleveland                       48-30   0.879   5.3    0.942  0.815     2    6    15   
  7 Sacramento                      47-30   0.787   2.8    0.793  0.781     8    7    28   
  8 New York                        45-33   0.775   3.1    0.810  0.739     7    8    10   

                                           -------Rating----------------  ----Rank----            
Rank Team                            W-L     KRS    SRS    S-Ix   WRS       S    W    SOS
========================================================================================
  9 Brooklyn                        42-35   0.688   1.2    0.693  0.682     13   9    5    
 10 Phoenix                         42-35   0.708   2.1    0.746  0.670     9    10   14   
 11 Miami                           41-37   0.611   -0.7   0.582  0.641     22   11   3    
 12 Golden State                    41-37   0.636   0.6    0.658  0.613     15   12   23   
 13 LA Clippers                     41-38   0.612   0.0    0.623  0.600     17   13   24   
 14 LA Lakers                       39-38   0.603   -0.0   0.621  0.585     18   14   16   
 15 New Orleans                     40-38   0.650   1.7    0.722  0.578     10   15   29   
 16 Minnesota                       39-39   0.582   -0.4   0.594  0.569     20   16   17   

                                           -------Rating----------------  ----Rank----            
Rank Team                            W-L     KRS    SRS    S-Ix   WRS       S    W    SOS
========================================================================================
 17 Toronto                         38-39   0.631   1.2    0.696  0.566     12   17   12   
 18 Atlanta                         38-39   0.585   -0.1   0.614  0.557     19   18   19   
 19 Chicago                         37-40   0.620   1.3    0.699  0.542     11   19   11   
 20 Oklahoma City                   38-40   0.604   0.8    0.670  0.537     14   20   25   
 21 Dallas                          37-41   0.573   0.2    0.633  0.513     16   21   21   
 22 Utah                            36-41   0.534   -0.8   0.571  0.497     23   22   22   
 23 Washington                      34-43   0.524   -0.6   0.584  0.464     21   23   8    
 24 Indiana                         34-44   0.453   -2.8   0.452  0.454     25   24   6    

                                           -------Rating----------------  ----Rank----            
Rank Team                            W-L     KRS    SRS    S-Ix   WRS       S    W    SOS
========================================================================================
 25 Orlando                         33-44   0.461   -2.2   0.490  0.431     24   25   9    
 26 Portland                        32-45   0.414   -3.2   0.429  0.399     26   26   13   
 27 Charlotte                       26-52   0.259   -5.8   0.273  0.245     27   27   2    
 28 Houston                         19-59   0.098   -8.0   0.139  0.057     29   28   4    
 29 San Antonio                     19-58   0.027   -10.3  0.000  0.055     30   29   7    
 30 Detroit                         16-61   0.091   -7.3   0.182  0.000     28   30   1    
</div></pre>
</div>
<div class="tabbertab" title="BCS">
<pre><div id=data>

                                           -------Rating----------------  ----Rank----            
Rank Team                            W-L     KRS    SRS    S-Ix   WRS       S    W    SOS
========================================================================================
  1 Boston                          54-24   0.979   6.3    1.000  0.957     1    2    26   
  2 Milwaukee                       55-22   0.923   3.7    0.846  1.000     5    1    20   
  3 Philadelphia                    51-26   0.898   4.6    0.898  0.899     3    3    18   
  4 Cleveland                       48-30   0.879   5.3    0.942  0.815     2    6    15   
  5 Denver                          51-26   0.857   3.4    0.828  0.887     6    4    27   
  6 Memphis                         49-28   0.841   3.9    0.855  0.828     4    5    30   
  7 Sacramento                      47-30   0.787   2.8    0.793  0.781     8    7    28   
  8 New York                        45-33   0.775   3.1    0.810  0.739     7    8    10   

                                           -------Rating----------------  ----Rank----            
Rank Team                            W-L     KRS    SRS    S-Ix   WRS       S    W    SOS
========================================================================================
  9 Phoenix                         42-35   0.708   2.1    0.746  0.670     9    10   14   
 10 Brooklyn                        42-35   0.688   1.2    0.693  0.682     13   9    5    
 11 New Orleans                     40-38   0.650   1.7    0.722  0.578     10   15   29   
 12 Golden State                    41-37   0.636   0.6    0.658  0.613     15   12   23   
 13 Toronto                         38-39   0.631   1.2    0.696  0.566     12   17   12   
 14 Chicago                         37-40   0.620   1.3    0.699  0.542     11   19   11   
 15 LA Clippers                     41-38   0.612   0.0    0.623  0.600     17   13   24   
 16 Miami                           41-37   0.611   -0.7   0.582  0.641     22   11   3    

                                           -------Rating----------------  ----Rank----            
Rank Team                            W-L     KRS    SRS    S-Ix   WRS       S    W    SOS
========================================================================================
 17 Oklahoma City                   38-40   0.604   0.8    0.670  0.537     14   20   25   
 18 LA Lakers                       39-38   0.603   -0.0   0.621  0.585     18   14   16   
 19 Atlanta                         38-39   0.585   -0.1   0.614  0.557     19   18   19   
 20 Minnesota                       39-39   0.582   -0.4   0.594  0.569     20   16   17   
 21 Dallas                          37-41   0.573   0.2    0.633  0.513     16   21   21   
 22 Utah                            36-41   0.534   -0.8   0.571  0.497     23   22   22   
 23 Washington                      34-43   0.524   -0.6   0.584  0.464     21   23   8    
 24 Orlando                         33-44   0.461   -2.2   0.490  0.431     24   25   9    

                                           -------Rating----------------  ----Rank----            
Rank Team                            W-L     KRS    SRS    S-Ix   WRS       S    W    SOS
========================================================================================
 25 Indiana                         34-44   0.453   -2.8   0.452  0.454     25   24   6    
 26 Portland                        32-45   0.414   -3.2   0.429  0.399     26   26   13   
 27 Charlotte                       26-52   0.259   -5.8   0.273  0.245     27   27   2    
 28 Houston                         19-59   0.098   -8.0   0.139  0.057     29   28   4    
 29 Detroit                         16-61   0.091   -7.3   0.182  0.000     28   30   1    
 30 San Antonio                     19-58   0.027   -10.3  0.000  0.055     30   29   7    
</div></pre>
</div>
<div class="tabbertab" title="SOS">
<pre><div id=data>

                                           -------Rating----------------  ----Rank----            
Rank Team                            W-L     KRS    SRS    S-Ix   WRS       S    W    SOS
========================================================================================
  1 Detroit                         16-61   0.091   -7.3   0.182  0.000     28   30   1    
  2 Charlotte                       26-52   0.259   -5.8   0.273  0.245     27   27   2    
  3 Miami                           41-37   0.611   -0.7   0.582  0.641     22   11   3    
  4 Houston                         19-59   0.098   -8.0   0.139  0.057     29   28   4    
  5 Brooklyn                        42-35   0.688   1.2    0.693  0.682     13   9    5    
  6 Indiana                         34-44   0.453   -2.8   0.452  0.454     25   24   6    
  7 San Antonio                     19-58   0.027   -10.3  0.000  0.055     30   29   7    
  8 Washington                      34-43   0.524   -0.6   0.584  0.464     21   23   8    

                                           -------Rating----------------  ----Rank----            
Rank Team                            W-L     KRS    SRS    S-Ix   WRS       S    W    SOS
========================================================================================
  9 Orlando                         33-44   0.461   -2.2   0.490  0.431     24   25   9    
 10 New York                        45-33   0.775   3.1    0.810  0.739     7    8    10   
 11 Chicago                         37-40   0.620   1.3    0.699  0.542     11   19   11   
 12 Toronto                         38-39   0.631   1.2    0.696  0.566     12   17   12   
 13 Portland                        32-45   0.414   -3.2   0.429  0.399     26   26   13   
 14 Phoenix                         42-35   0.708   2.1    0.746  0.670     9    10   14   
 15 Cleveland                       48-30   0.879   5.3    0.942  0.815     2    6    15   
 16 LA Lakers                       39-38   0.603   -0.0   0.621  0.585     18   14   16   

                                           -------Rating----------------  ----Rank----            
Rank Team                            W-L     KRS    SRS    S-Ix   WRS       S    W    SOS
========================================================================================
 17 Minnesota                       39-39   0.582   -0.4   0.594  0.569     20   16   17   
 18 Philadelphia                    51-26   0.898   4.6    0.898  0.899     3    3    18   
 19 Atlanta                         38-39   0.585   -0.1   0.614  0.557     19   18   19   
 20 Milwaukee                       55-22   0.923   3.7    0.846  1.000     5    1    20   
 21 Dallas                          37-41   0.573   0.2    0.633  0.513     16   21   21   
 22 Utah                            36-41   0.534   -0.8   0.571  0.497     23   22   22   
 23 Golden State                    41-37   0.636   0.6    0.658  0.613     15   12   23   
 24 LA Clippers                     41-38   0.612   0.0    0.623  0.600     17   13   24   

                                           -------Rating----------------  ----Rank----            
Rank Team                            W-L     KRS    SRS    S-Ix   WRS       S    W    SOS
========================================================================================
 25 Oklahoma City                   38-40   0.604   0.8    0.670  0.537     14   20   25   
 26 Boston                          54-24   0.979   6.3    1.000  0.957     1    2    26   
 27 Denver                          51-26   0.857   3.4    0.828  0.887     6    4    27   
 28 Sacramento                      47-30   0.787   2.8    0.793  0.781     8    7    28   
 29 New Orleans                     40-38   0.650   1.7    0.722  0.578     10   15   29   
 30 Memphis                         49-28   0.841   3.9    0.855  0.828     4    5    30   
</div></pre>
</div>
	</pre>
	</p>
	</span>
</body>
<body>
<h3>Other links</h3>
<h4>Home</h4>
	<ul>
			<li class="listyle"><a href="https://2skupz.github.io/index.html"> Index</a></li>
	</ul>
</body>
