<html>
<head>
<!-- Global Site Tag (gtag.js) - Google Analytics -->
<title>2023 NBA Rankings</title>
<script type="text/javascript" src="tabber.js">
</script>
<link href="https://fonts.googleapis.com/css?family=Roboto+Slab|Droid+Sans+Mono" rel="stylesheet">
<style>
 body {
			font-family: "Roboto Slab", serif;
			font-size: 12px;
			}
#data {
			font-family: "Droid Sans Mono", serif;
			font-size: 13px;
		}
</style>
<link rel="stylesheet" href="tabbedPage.css" TYPE="text/css" MEDIA="screen">
</head>
<body bgcolor=#fbeec1>
<hr>
<table width=100%>
<tr><td align=left>
<h1 align="center">2023 NBA Rankings</h1>
</td>
</tr></table>
<p>
Standings through 04.08.23
<hr>
<center>
<table width=100% border=1><tr>
<td valign=top>
<div class="tabber">
<div class="tabbertab" title="Ken Power Index">
<pre><div id=data>

                                           -------Rating----------------  ----Rank----            
Rank Team                            W-L     KRS    SRS    S-Ix   WRS       S    W    SOS
========================================================================================
  1 Boston                          55-25   0.974   6.4    1.000  0.948     1    2    24   
  2 Milwaukee                       57-23   0.919   3.7    0.838  1.000     5    1    18   
  3 Philadelphia                    53-27   0.895   4.5    0.884  0.906     3    3    13   
  4 Cleveland                       50-30   0.881   5.3    0.934  0.828     2    6    17   
  5 Memphis                         51-29   0.841   3.9    0.851  0.831     4    5    29   
  6 Denver                          52-28   0.823   2.9    0.793  0.854     7    4    28   
  7 New York                        46-34   0.766   3.1    0.801  0.731     6    8    9    
  8 Sacramento                      48-32   0.761   2.5    0.768  0.754     8    7    30   

                                           -------Rating----------------  ----Rank----            
Rank Team                            W-L     KRS    SRS    S-Ix   WRS       S    W    SOS
========================================================================================
  9 Phoenix                         44-36   0.706   2.1    0.742  0.669     9    10   16   
 10 Brooklyn                        44-36   0.688   1.3    0.692  0.684     13   9    7    
 11 Golden State                    43-38   0.653   1.0    0.679  0.627     14   11   19   
 12 New Orleans                     41-39   0.645   1.6    0.712  0.579     10   15   27   
 13 Toronto                         40-40   0.635   1.4    0.699  0.571     11   16   14   
 14 LA Lakers                       42-38   0.626   0.4    0.640  0.612     16   13   22   
 15 Chicago                         39-41   0.625   1.3    0.697  0.554     12   19   10   
 16 LA Clippers                     42-38   0.615   0.1    0.624  0.606     18   14   26   

                                           -------Rating----------------  ----Rank----            
Rank Team                            W-L     KRS    SRS    S-Ix   WRS       S    W    SOS
========================================================================================
 17 Miami                           42-38   0.602   -0.7   0.577  0.627     21   12   8    
 18 Atlanta                         40-40   0.596   0.1    0.624  0.569     19   18   15   
 19 Minnesota                       41-40   0.585   -0.3   0.598  0.571     20   17   25   
 20 Oklahoma City                   38-42   0.581   0.6    0.651  0.511     15   20   23   
 21 Dallas                          37-43   0.556   0.2    0.626  0.486     17   22   21   
 22 Utah                            37-43   0.530   -0.7   0.572  0.488     23   21   20   
 23 Washington                      35-45   0.516   -0.7   0.574  0.458     22   23   5    
 24 Orlando                         34-46   0.455   -2.1   0.493  0.417     24   25   12   

                                           -------Rating----------------  ----Rank----            
Rank Team                            W-L     KRS    SRS    S-Ix   WRS       S    W    SOS
========================================================================================
 25 Indiana                         34-46   0.431   -3.0   0.437  0.424     25   24   6    
 26 Portland                        33-47   0.406   -3.3   0.421  0.391     26   26   11   
 27 Charlotte                       26-55   0.228   -6.1   0.248  0.209     27   27   2    
 28 Houston                         21-60   0.116   -7.8   0.150  0.082     29   28   4    
 29 Detroit                         17-63   0.083   -7.5   0.167  0.000     28   30   1    
 30 San Antonio                     20-60   0.030   -10.3  0.000  0.060     30   29   3    
</div></pre>
</div>
<div class="tabbertab" title="Points Based">
<pre><div id=data>

                                           -------Rating----------------  ----Rank----            
Rank Team                            W-L     KRS    SRS    S-Ix   WRS       S    W    SOS
========================================================================================
  1 Boston                          55-25   0.974   6.4    1.000  0.948     1    2    24   
  2 Cleveland                       50-30   0.881   5.3    0.934  0.828     2    6    17   
  3 Philadelphia                    53-27   0.895   4.5    0.884  0.906     3    3    13   
  4 Memphis                         51-29   0.841   3.9    0.851  0.831     4    5    29   
  5 Milwaukee                       57-23   0.919   3.7    0.838  1.000     5    1    18   
  6 New York                        46-34   0.766   3.1    0.801  0.731     6    8    9    
  7 Denver                          52-28   0.823   2.9    0.793  0.854     7    4    28   
  8 Sacramento                      48-32   0.761   2.5    0.768  0.754     8    7    30   

                                           -------Rating----------------  ----Rank----            
Rank Team                            W-L     KRS    SRS    S-Ix   WRS       S    W    SOS
========================================================================================
  9 Phoenix                         44-36   0.706   2.1    0.742  0.669     9    10   16   
 10 New Orleans                     41-39   0.645   1.6    0.712  0.579     10   15   27   
 11 Toronto                         40-40   0.635   1.4    0.699  0.571     11   16   14   
 12 Chicago                         39-41   0.625   1.3    0.697  0.554     12   19   10   
 13 Brooklyn                        44-36   0.688   1.3    0.692  0.684     13   9    7    
 14 Golden State                    43-38   0.653   1.0    0.679  0.627     14   11   19   
 15 Oklahoma City                   38-42   0.581   0.6    0.651  0.511     15   20   23   
 16 LA Lakers                       42-38   0.626   0.4    0.640  0.612     16   13   22   

                                           -------Rating----------------  ----Rank----            
Rank Team                            W-L     KRS    SRS    S-Ix   WRS       S    W    SOS
========================================================================================
 17 Dallas                          37-43   0.556   0.2    0.626  0.486     17   22   21   
 18 LA Clippers                     42-38   0.615   0.1    0.624  0.606     18   14   26   
 19 Atlanta                         40-40   0.596   0.1    0.624  0.569     19   18   15   
 20 Minnesota                       41-40   0.585   -0.3   0.598  0.571     20   17   25   
 21 Miami                           42-38   0.602   -0.7   0.577  0.627     21   12   8    
 22 Washington                      35-45   0.516   -0.7   0.574  0.458     22   23   5    
 23 Utah                            37-43   0.530   -0.7   0.572  0.488     23   21   20   
 24 Orlando                         34-46   0.455   -2.1   0.493  0.417     24   25   12   

                                           -------Rating----------------  ----Rank----            
Rank Team                            W-L     KRS    SRS    S-Ix   WRS       S    W    SOS
========================================================================================
 25 Indiana                         34-46   0.431   -3.0   0.437  0.424     25   24   6    
 26 Portland                        33-47   0.406   -3.3   0.421  0.391     26   26   11   
 27 Charlotte                       26-55   0.228   -6.1   0.248  0.209     27   27   2    
 28 Detroit                         17-63   0.083   -7.5   0.167  0.000     28   30   1    
 29 Houston                         21-60   0.116   -7.8   0.150  0.082     29   28   4    
 30 San Antonio                     20-60   0.030   -10.3  0.000  0.060     30   29   3    
</div></pre>
</div>
<div class="tabbertab" title="Wins Based">
<pre><div id=data>

                                           -------Rating----------------  ----Rank----            
Rank Team                            W-L     KRS    SRS    S-Ix   WRS       S    W    SOS
========================================================================================
  1 Milwaukee                       57-23   0.919   3.7    0.838  1.000     5    1    18   
  2 Boston                          55-25   0.974   6.4    1.000  0.948     1    2    24   
  3 Philadelphia                    53-27   0.895   4.5    0.884  0.906     3    3    13   
  4 Denver                          52-28   0.823   2.9    0.793  0.854     7    4    28   
  5 Memphis                         51-29   0.841   3.9    0.851  0.831     4    5    29   
  6 Cleveland                       50-30   0.881   5.3    0.934  0.828     2    6    17   
  7 Sacramento                      48-32   0.761   2.5    0.768  0.754     8    7    30   
  8 New York                        46-34   0.766   3.1    0.801  0.731     6    8    9    

                                           -------Rating----------------  ----Rank----            
Rank Team                            W-L     KRS    SRS    S-Ix   WRS       S    W    SOS
========================================================================================
  9 Brooklyn                        44-36   0.688   1.3    0.692  0.684     13   9    7    
 10 Phoenix                         44-36   0.706   2.1    0.742  0.669     9    10   16   
 11 Golden State                    43-38   0.653   1.0    0.679  0.627     14   11   19   
 12 Miami                           42-38   0.602   -0.7   0.577  0.627     21   12   8    
 13 LA Lakers                       42-38   0.626   0.4    0.640  0.612     16   13   22   
 14 LA Clippers                     42-38   0.615   0.1    0.624  0.606     18   14   26   
 15 New Orleans                     41-39   0.645   1.6    0.712  0.579     10   15   27   
 16 Toronto                         40-40   0.635   1.4    0.699  0.571     11   16   14   

                                           -------Rating----------------  ----Rank----            
Rank Team                            W-L     KRS    SRS    S-Ix   WRS       S    W    SOS
========================================================================================
 17 Minnesota                       41-40   0.585   -0.3   0.598  0.571     20   17   25   
 18 Atlanta                         40-40   0.596   0.1    0.624  0.569     19   18   15   
 19 Chicago                         39-41   0.625   1.3    0.697  0.554     12   19   10   
 20 Oklahoma City                   38-42   0.581   0.6    0.651  0.511     15   20   23   
 21 Utah                            37-43   0.530   -0.7   0.572  0.488     23   21   20   
 22 Dallas                          37-43   0.556   0.2    0.626  0.486     17   22   21   
 23 Washington                      35-45   0.516   -0.7   0.574  0.458     22   23   5    
 24 Indiana                         34-46   0.431   -3.0   0.437  0.424     25   24   6    

                                           -------Rating----------------  ----Rank----            
Rank Team                            W-L     KRS    SRS    S-Ix   WRS       S    W    SOS
========================================================================================
 25 Orlando                         34-46   0.455   -2.1   0.493  0.417     24   25   12   
 26 Portland                        33-47   0.406   -3.3   0.421  0.391     26   26   11   
 27 Charlotte                       26-55   0.228   -6.1   0.248  0.209     27   27   2    
 28 Houston                         21-60   0.116   -7.8   0.150  0.082     29   28   4    
 29 San Antonio                     20-60   0.030   -10.3  0.000  0.060     30   29   3    
 30 Detroit                         17-63   0.083   -7.5   0.167  0.000     28   30   1    
</div></pre>
</div>
<div class="tabbertab" title="BCS">
<pre><div id=data>

                                           -------Rating----------------  ----Rank----            
Rank Team                            W-L     KRS    SRS    S-Ix   WRS       S    W    SOS
========================================================================================
  1 Boston                          55-25   0.974   6.4    1.000  0.948     1    2    24   
  2 Milwaukee                       57-23   0.919   3.7    0.838  1.000     5    1    18   
  3 Philadelphia                    53-27   0.895   4.5    0.884  0.906     3    3    13   
  4 Cleveland                       50-30   0.881   5.3    0.934  0.828     2    6    17   
  5 Memphis                         51-29   0.841   3.9    0.851  0.831     4    5    29   
  6 Denver                          52-28   0.823   2.9    0.793  0.854     7    4    28   
  7 New York                        46-34   0.766   3.1    0.801  0.731     6    8    9    
  8 Sacramento                      48-32   0.761   2.5    0.768  0.754     8    7    30   

                                           -------Rating----------------  ----Rank----            
Rank Team                            W-L     KRS    SRS    S-Ix   WRS       S    W    SOS
========================================================================================
  9 Phoenix                         44-36   0.706   2.1    0.742  0.669     9    10   16   
 10 Brooklyn                        44-36   0.688   1.3    0.692  0.684     13   9    7    
 11 Golden State                    43-38   0.653   1.0    0.679  0.627     14   11   19   
 12 New Orleans                     41-39   0.645   1.6    0.712  0.579     10   15   27   
 13 Toronto                         40-40   0.635   1.4    0.699  0.571     11   16   14   
 14 LA Lakers                       42-38   0.626   0.4    0.640  0.612     16   13   22   
 15 Chicago                         39-41   0.625   1.3    0.697  0.554     12   19   10   
 16 LA Clippers                     42-38   0.615   0.1    0.624  0.606     18   14   26   

                                           -------Rating----------------  ----Rank----            
Rank Team                            W-L     KRS    SRS    S-Ix   WRS       S    W    SOS
========================================================================================
 17 Miami                           42-38   0.602   -0.7   0.577  0.627     21   12   8    
 18 Atlanta                         40-40   0.596   0.1    0.624  0.569     19   18   15   
 19 Minnesota                       41-40   0.585   -0.3   0.598  0.571     20   17   25   
 20 Oklahoma City                   38-42   0.581   0.6    0.651  0.511     15   20   23   
 21 Dallas                          37-43   0.556   0.2    0.626  0.486     17   22   21   
 22 Utah                            37-43   0.530   -0.7   0.572  0.488     23   21   20   
 23 Washington                      35-45   0.516   -0.7   0.574  0.458     22   23   5    
 24 Orlando                         34-46   0.455   -2.1   0.493  0.417     24   25   12   

                                           -------Rating----------------  ----Rank----            
Rank Team                            W-L     KRS    SRS    S-Ix   WRS       S    W    SOS
========================================================================================
 25 Indiana                         34-46   0.431   -3.0   0.437  0.424     25   24   6    
 26 Portland                        33-47   0.406   -3.3   0.421  0.391     26   26   11   
 27 Charlotte                       26-55   0.228   -6.1   0.248  0.209     27   27   2    
 28 Houston                         21-60   0.116   -7.8   0.150  0.082     29   28   4    
 29 Detroit                         17-63   0.083   -7.5   0.167  0.000     28   30   1    
 30 San Antonio                     20-60   0.030   -10.3  0.000  0.060     30   29   3    
</div></pre>
</div>
<div class="tabbertab" title="SOS">
<pre><div id=data>

                                           -------Rating----------------  ----Rank----            
Rank Team                            W-L     KRS    SRS    S-Ix   WRS       S    W    SOS
========================================================================================
  1 Detroit                         17-63   0.083   -7.5   0.167  0.000     28   30   1    
  2 Charlotte                       26-55   0.228   -6.1   0.248  0.209     27   27   2    
  3 San Antonio                     20-60   0.030   -10.3  0.000  0.060     30   29   3    
  4 Houston                         21-60   0.116   -7.8   0.150  0.082     29   28   4    
  5 Washington                      35-45   0.516   -0.7   0.574  0.458     22   23   5    
  6 Indiana                         34-46   0.431   -3.0   0.437  0.424     25   24   6    
  7 Brooklyn                        44-36   0.688   1.3    0.692  0.684     13   9    7    
  8 Miami                           42-38   0.602   -0.7   0.577  0.627     21   12   8    

                                           -------Rating----------------  ----Rank----            
Rank Team                            W-L     KRS    SRS    S-Ix   WRS       S    W    SOS
========================================================================================
  9 New York                        46-34   0.766   3.1    0.801  0.731     6    8    9    
 10 Chicago                         39-41   0.625   1.3    0.697  0.554     12   19   10   
 11 Portland                        33-47   0.406   -3.3   0.421  0.391     26   26   11   
 12 Orlando                         34-46   0.455   -2.1   0.493  0.417     24   25   12   
 13 Philadelphia                    53-27   0.895   4.5    0.884  0.906     3    3    13   
 14 Toronto                         40-40   0.635   1.4    0.699  0.571     11   16   14   
 15 Atlanta                         40-40   0.596   0.1    0.624  0.569     19   18   15   
 16 Phoenix                         44-36   0.706   2.1    0.742  0.669     9    10   16   

                                           -------Rating----------------  ----Rank----            
Rank Team                            W-L     KRS    SRS    S-Ix   WRS       S    W    SOS
========================================================================================
 17 Cleveland                       50-30   0.881   5.3    0.934  0.828     2    6    17   
 18 Milwaukee                       57-23   0.919   3.7    0.838  1.000     5    1    18   
 19 Golden State                    43-38   0.653   1.0    0.679  0.627     14   11   19   
 20 Utah                            37-43   0.530   -0.7   0.572  0.488     23   21   20   
 21 Dallas                          37-43   0.556   0.2    0.626  0.486     17   22   21   
 22 LA Lakers                       42-38   0.626   0.4    0.640  0.612     16   13   22   
 23 Oklahoma City                   38-42   0.581   0.6    0.651  0.511     15   20   23   
 24 Boston                          55-25   0.974   6.4    1.000  0.948     1    2    24   

                                           -------Rating----------------  ----Rank----            
Rank Team                            W-L     KRS    SRS    S-Ix   WRS       S    W    SOS
========================================================================================
 25 Minnesota                       41-40   0.585   -0.3   0.598  0.571     20   17   25   
 26 LA Clippers                     42-38   0.615   0.1    0.624  0.606     18   14   26   
 27 New Orleans                     41-39   0.645   1.6    0.712  0.579     10   15   27   
 28 Denver                          52-28   0.823   2.9    0.793  0.854     7    4    28   
 29 Memphis                         51-29   0.841   3.9    0.851  0.831     4    5    29   
 30 Sacramento                      48-32   0.761   2.5    0.768  0.754     8    7    30   
</div></pre>
</div>
	</pre>
	</p>
	</span>
</body>
<body>
<h3>Other links</h3>
<h4>Home</h4>
	<ul>
			<li class="listyle"><a href="https://2skupz.github.io/index.html"> Index</a></li>
	</ul>
</body>
