<html>
<head>
<!-- Global Site Tag (gtag.js) - Google Analytics -->
<title>2023 NBA Rankings</title>
<script type="text/javascript" src="tabber.js">
</script>
<link href="https://fonts.googleapis.com/css?family=Roboto+Slab|Droid+Sans+Mono" rel="stylesheet">
<style>
 body {
			font-family: "Roboto Slab", serif;
			font-size: 12px;
			}
#data {
			font-family: "Droid Sans Mono", serif;
			font-size: 13px;
		}
</style>
<link rel="stylesheet" href="tabbedPage.css" TYPE="text/css" MEDIA="screen">
</head>
<body bgcolor=#fbeec1>
<hr>
<table width=100%>
<tr><td align=left>
<h1 align="center">2023 NBA Rankings</h1>
</td>
</tr></table>
<p>
Standings through 12.31.22
<hr>
<center>
<table width=100% border=1><tr>
<td valign=top>
<div class="tabber">
<div class="tabbertab" title="Ken Power Index">
<pre><div id=data>

                                           -------Rating----------------  ----Rank----            
Rank Team                            W-L     KRS    SRS    S-Ix   WRS       S    W    SOS
========================================================================================
  1 Boston                          26-10   1.000   6.5    1.000  1.000     1    1    25   
  2 Brooklyn                        24-12   0.858   3.6    0.812  0.905     5    2    8    
  3 New Orleans                     23-13   0.856   4.6    0.878  0.833     3    4    21   
  4 Cleveland                       23-14   0.842   4.9    0.898  0.786     2    7    19   
  5 Memphis                         22-13   0.840   4.4    0.863  0.816     4    6    7    
  6 Milwaukee                       23-12   0.793   2.4    0.732  0.855     8    3    16   
  7 Philadelphia                    21-14   0.747   3.3    0.794  0.700     6    8    27   
  8 Denver                          23-12   0.745   1.3    0.660  0.830     12   5    29   

                                           -------Rating----------------  ----Rank----            
Rank Team                            W-L     KRS    SRS    S-Ix   WRS       S    W    SOS
========================================================================================
  9 Dallas                          21-16   0.700   2.3    0.724  0.675     9    9    12   
 10 Phoenix                         20-17   0.690   3.1    0.775  0.604     7    12   15   
 11 Sacramento                      19-15   0.662   1.4    0.669  0.655     11   10   18   
 12 New York                        19-18   0.624   2.2    0.719  0.528     10   16   20   
 13 Indiana                         20-17   0.580   -0.5   0.542  0.618     18   11   13   
 14 Utah                            19-20   0.562   0.7    0.620  0.503     13   18   11   
 15 Portland                        18-17   0.557   -0.2   0.563  0.551     15   15   23   
 16 LA Clippers                     21-17   0.557   -0.5   0.538  0.576     20   13   30   

                                           -------Rating----------------  ----Rank----            
Rank Team                            W-L     KRS    SRS    S-Ix   WRS       S    W    SOS
========================================================================================
 17 Golden State                    19-18   0.552   -0.3   0.551  0.552     17   14   9    
 18 Toronto                         16-20   0.522   0.7    0.617  0.427     14   19   3    
 19 Miami                           19-18   0.508   -1.1   0.499  0.517     21   17   28   
 20 Chicago                         16-20   0.489   -0.3   0.552  0.426     16   20   2    
 21 Washington                      16-21   0.467   -0.5   0.539  0.396     19   22   4    
 22 Atlanta                         17-19   0.451   -1.3   0.487  0.414     22   21   24   
 23 Oklahoma City                   15-21   0.408   -1.5   0.470  0.345     23   23   10   
 24 Minnesota                       16-21   0.394   -1.9   0.448  0.340     24   24   26   

                                           -------Rating----------------  ----Rank----            
Rank Team                            W-L     KRS    SRS    S-Ix   WRS       S    W    SOS
========================================================================================
 25 LA Lakers                       15-21   0.388   -2.0   0.444  0.333     25   25   22   
 26 Orlando                         13-24   0.218   -4.3   0.289  0.147     26   26   17   
 27 Houston                         10-26   0.102   -6.1   0.167  0.037     28   28   6    
 28 Detroit                         10-29   0.093   -5.8   0.186  0.000     27   30   1    
 29 Charlotte                       10-27   0.081   -6.4   0.147  0.015     29   29   5    
 30 San Antonio                     12-24   0.063   -8.6   0.000  0.126     30   27   14   
</div></pre>
</div>
<div class="tabbertab" title="Points Based">
<pre><div id=data>

                                           -------Rating----------------  ----Rank----            
Rank Team                            W-L     KRS    SRS    S-Ix   WRS       S    W    SOS
========================================================================================
  1 Boston                          26-10   1.000   6.5    1.000  1.000     1    1    25   
  2 Cleveland                       23-14   0.842   4.9    0.898  0.786     2    7    19   
  3 New Orleans                     23-13   0.856   4.6    0.878  0.833     3    4    21   
  4 Memphis                         22-13   0.840   4.4    0.863  0.816     4    6    7    
  5 Brooklyn                        24-12   0.858   3.6    0.812  0.905     5    2    8    
  6 Philadelphia                    21-14   0.747   3.3    0.794  0.700     6    8    27   
  7 Phoenix                         20-17   0.690   3.1    0.775  0.604     7    12   15   
  8 Milwaukee                       23-12   0.793   2.4    0.732  0.855     8    3    16   

                                           -------Rating----------------  ----Rank----            
Rank Team                            W-L     KRS    SRS    S-Ix   WRS       S    W    SOS
========================================================================================
  9 Dallas                          21-16   0.700   2.3    0.724  0.675     9    9    12   
 10 New York                        19-18   0.624   2.2    0.719  0.528     10   16   20   
 11 Sacramento                      19-15   0.662   1.4    0.669  0.655     11   10   18   
 12 Denver                          23-12   0.745   1.3    0.660  0.830     12   5    29   
 13 Utah                            19-20   0.562   0.7    0.620  0.503     13   18   11   
 14 Toronto                         16-20   0.522   0.7    0.617  0.427     14   19   3    
 15 Portland                        18-17   0.557   -0.2   0.563  0.551     15   15   23   
 16 Chicago                         16-20   0.489   -0.3   0.552  0.426     16   20   2    

                                           -------Rating----------------  ----Rank----            
Rank Team                            W-L     KRS    SRS    S-Ix   WRS       S    W    SOS
========================================================================================
 17 Golden State                    19-18   0.552   -0.3   0.551  0.552     17   14   9    
 18 Indiana                         20-17   0.580   -0.5   0.542  0.618     18   11   13   
 19 Washington                      16-21   0.467   -0.5   0.539  0.396     19   22   4    
 20 LA Clippers                     21-17   0.557   -0.5   0.538  0.576     20   13   30   
 21 Miami                           19-18   0.508   -1.1   0.499  0.517     21   17   28   
 22 Atlanta                         17-19   0.451   -1.3   0.487  0.414     22   21   24   
 23 Oklahoma City                   15-21   0.408   -1.5   0.470  0.345     23   23   10   
 24 Minnesota                       16-21   0.394   -1.9   0.448  0.340     24   24   26   

                                           -------Rating----------------  ----Rank----            
Rank Team                            W-L     KRS    SRS    S-Ix   WRS       S    W    SOS
========================================================================================
 25 LA Lakers                       15-21   0.388   -2.0   0.444  0.333     25   25   22   
 26 Orlando                         13-24   0.218   -4.3   0.289  0.147     26   26   17   
 27 Detroit                         10-29   0.093   -5.8   0.186  0.000     27   30   1    
 28 Houston                         10-26   0.102   -6.1   0.167  0.037     28   28   6    
 29 Charlotte                       10-27   0.081   -6.4   0.147  0.015     29   29   5    
 30 San Antonio                     12-24   0.063   -8.6   0.000  0.126     30   27   14   
</div></pre>
</div>
<div class="tabbertab" title="Wins Based">
<pre><div id=data>

                                           -------Rating----------------  ----Rank----            
Rank Team                            W-L     KRS    SRS    S-Ix   WRS       S    W    SOS
========================================================================================
  1 Boston                          26-10   1.000   6.5    1.000  1.000     1    1    25   
  2 Brooklyn                        24-12   0.858   3.6    0.812  0.905     5    2    8    
  3 Milwaukee                       23-12   0.793   2.4    0.732  0.855     8    3    16   
  4 New Orleans                     23-13   0.856   4.6    0.878  0.833     3    4    21   
  5 Denver                          23-12   0.745   1.3    0.660  0.830     12   5    29   
  6 Memphis                         22-13   0.840   4.4    0.863  0.816     4    6    7    
  7 Cleveland                       23-14   0.842   4.9    0.898  0.786     2    7    19   
  8 Philadelphia                    21-14   0.747   3.3    0.794  0.700     6    8    27   

                                           -------Rating----------------  ----Rank----            
Rank Team                            W-L     KRS    SRS    S-Ix   WRS       S    W    SOS
========================================================================================
  9 Dallas                          21-16   0.700   2.3    0.724  0.675     9    9    12   
 10 Sacramento                      19-15   0.662   1.4    0.669  0.655     11   10   18   
 11 Indiana                         20-17   0.580   -0.5   0.542  0.618     18   11   13   
 12 Phoenix                         20-17   0.690   3.1    0.775  0.604     7    12   15   
 13 LA Clippers                     21-17   0.557   -0.5   0.538  0.576     20   13   30   
 14 Golden State                    19-18   0.552   -0.3   0.551  0.552     17   14   9    
 15 Portland                        18-17   0.557   -0.2   0.563  0.551     15   15   23   
 16 New York                        19-18   0.624   2.2    0.719  0.528     10   16   20   

                                           -------Rating----------------  ----Rank----            
Rank Team                            W-L     KRS    SRS    S-Ix   WRS       S    W    SOS
========================================================================================
 17 Miami                           19-18   0.508   -1.1   0.499  0.517     21   17   28   
 18 Utah                            19-20   0.562   0.7    0.620  0.503     13   18   11   
 19 Toronto                         16-20   0.522   0.7    0.617  0.427     14   19   3    
 20 Chicago                         16-20   0.489   -0.3   0.552  0.426     16   20   2    
 21 Atlanta                         17-19   0.451   -1.3   0.487  0.414     22   21   24   
 22 Washington                      16-21   0.467   -0.5   0.539  0.396     19   22   4    
 23 Oklahoma City                   15-21   0.408   -1.5   0.470  0.345     23   23   10   
 24 Minnesota                       16-21   0.394   -1.9   0.448  0.340     24   24   26   

                                           -------Rating----------------  ----Rank----            
Rank Team                            W-L     KRS    SRS    S-Ix   WRS       S    W    SOS
========================================================================================
 25 LA Lakers                       15-21   0.388   -2.0   0.444  0.333     25   25   22   
 26 Orlando                         13-24   0.218   -4.3   0.289  0.147     26   26   17   
 27 San Antonio                     12-24   0.063   -8.6   0.000  0.126     30   27   14   
 28 Houston                         10-26   0.102   -6.1   0.167  0.037     28   28   6    
 29 Charlotte                       10-27   0.081   -6.4   0.147  0.015     29   29   5    
 30 Detroit                         10-29   0.093   -5.8   0.186  0.000     27   30   1    
</div></pre>
</div>
<div class="tabbertab" title="BCS">
<pre><div id=data>

                                           -------Rating----------------  ----Rank----            
Rank Team                            W-L     KRS    SRS    S-Ix   WRS       S    W    SOS
========================================================================================
  1 Boston                          26-10   1.000   6.5    1.000  1.000     1    1    25   
  2 Brooklyn                        24-12   0.858   3.6    0.812  0.905     5    2    8    
  3 New Orleans                     23-13   0.856   4.6    0.878  0.833     3    4    21   
  4 Cleveland                       23-14   0.842   4.9    0.898  0.786     2    7    19   
  5 Memphis                         22-13   0.840   4.4    0.863  0.816     4    6    7    
  6 Milwaukee                       23-12   0.793   2.4    0.732  0.855     8    3    16   
  7 Philadelphia                    21-14   0.747   3.3    0.794  0.700     6    8    27   
  8 Denver                          23-12   0.745   1.3    0.660  0.830     12   5    29   

                                           -------Rating----------------  ----Rank----            
Rank Team                            W-L     KRS    SRS    S-Ix   WRS       S    W    SOS
========================================================================================
  9 Dallas                          21-16   0.700   2.3    0.724  0.675     9    9    12   
 10 Phoenix                         20-17   0.690   3.1    0.775  0.604     7    12   15   
 11 Sacramento                      19-15   0.662   1.4    0.669  0.655     11   10   18   
 12 New York                        19-18   0.624   2.2    0.719  0.528     10   16   20   
 13 Indiana                         20-17   0.580   -0.5   0.542  0.618     18   11   13   
 14 Utah                            19-20   0.562   0.7    0.620  0.503     13   18   11   
 15 Portland                        18-17   0.557   -0.2   0.563  0.551     15   15   23   
 16 LA Clippers                     21-17   0.557   -0.5   0.538  0.576     20   13   30   

                                           -------Rating----------------  ----Rank----            
Rank Team                            W-L     KRS    SRS    S-Ix   WRS       S    W    SOS
========================================================================================
 17 Golden State                    19-18   0.552   -0.3   0.551  0.552     17   14   9    
 18 Toronto                         16-20   0.522   0.7    0.617  0.427     14   19   3    
 19 Miami                           19-18   0.508   -1.1   0.499  0.517     21   17   28   
 20 Chicago                         16-20   0.489   -0.3   0.552  0.426     16   20   2    
 21 Washington                      16-21   0.467   -0.5   0.539  0.396     19   22   4    
 22 Atlanta                         17-19   0.451   -1.3   0.487  0.414     22   21   24   
 23 Oklahoma City                   15-21   0.408   -1.5   0.470  0.345     23   23   10   
 24 Minnesota                       16-21   0.394   -1.9   0.448  0.340     24   24   26   

                                           -------Rating----------------  ----Rank----            
Rank Team                            W-L     KRS    SRS    S-Ix   WRS       S    W    SOS
========================================================================================
 25 LA Lakers                       15-21   0.388   -2.0   0.444  0.333     25   25   22   
 26 Orlando                         13-24   0.218   -4.3   0.289  0.147     26   26   17   
 27 Houston                         10-26   0.102   -6.1   0.167  0.037     28   28   6    
 28 Detroit                         10-29   0.093   -5.8   0.186  0.000     27   30   1    
 29 Charlotte                       10-27   0.081   -6.4   0.147  0.015     29   29   5    
 30 San Antonio                     12-24   0.063   -8.6   0.000  0.126     30   27   14   
</div></pre>
</div>
<div class="tabbertab" title="SOS">
<pre><div id=data>

                                           -------Rating----------------  ----Rank----            
Rank Team                            W-L     KRS    SRS    S-Ix   WRS       S    W    SOS
========================================================================================
  1 Detroit                         10-29   0.093   -5.8   0.186  0.000     27   30   1    
  2 Chicago                         16-20   0.489   -0.3   0.552  0.426     16   20   2    
  3 Toronto                         16-20   0.522   0.7    0.617  0.427     14   19   3    
  4 Washington                      16-21   0.467   -0.5   0.539  0.396     19   22   4    
  5 Charlotte                       10-27   0.081   -6.4   0.147  0.015     29   29   5    
  6 Houston                         10-26   0.102   -6.1   0.167  0.037     28   28   6    
  7 Memphis                         22-13   0.840   4.4    0.863  0.816     4    6    7    
  8 Brooklyn                        24-12   0.858   3.6    0.812  0.905     5    2    8    

                                           -------Rating----------------  ----Rank----            
Rank Team                            W-L     KRS    SRS    S-Ix   WRS       S    W    SOS
========================================================================================
  9 Golden State                    19-18   0.552   -0.3   0.551  0.552     17   14   9    
 10 Oklahoma City                   15-21   0.408   -1.5   0.470  0.345     23   23   10   
 11 Utah                            19-20   0.562   0.7    0.620  0.503     13   18   11   
 12 Dallas                          21-16   0.700   2.3    0.724  0.675     9    9    12   
 13 Indiana                         20-17   0.580   -0.5   0.542  0.618     18   11   13   
 14 San Antonio                     12-24   0.063   -8.6   0.000  0.126     30   27   14   
 15 Phoenix                         20-17   0.690   3.1    0.775  0.604     7    12   15   
 16 Milwaukee                       23-12   0.793   2.4    0.732  0.855     8    3    16   

                                           -------Rating----------------  ----Rank----            
Rank Team                            W-L     KRS    SRS    S-Ix   WRS       S    W    SOS
========================================================================================
 17 Orlando                         13-24   0.218   -4.3   0.289  0.147     26   26   17   
 18 Sacramento                      19-15   0.662   1.4    0.669  0.655     11   10   18   
 19 Cleveland                       23-14   0.842   4.9    0.898  0.786     2    7    19   
 20 New York                        19-18   0.624   2.2    0.719  0.528     10   16   20   
 21 New Orleans                     23-13   0.856   4.6    0.878  0.833     3    4    21   
 22 LA Lakers                       15-21   0.388   -2.0   0.444  0.333     25   25   22   
 23 Portland                        18-17   0.557   -0.2   0.563  0.551     15   15   23   
 24 Atlanta                         17-19   0.451   -1.3   0.487  0.414     22   21   24   

                                           -------Rating----------------  ----Rank----            
Rank Team                            W-L     KRS    SRS    S-Ix   WRS       S    W    SOS
========================================================================================
 25 Boston                          26-10   1.000   6.5    1.000  1.000     1    1    25   
 26 Minnesota                       16-21   0.394   -1.9   0.448  0.340     24   24   26   
 27 Philadelphia                    21-14   0.747   3.3    0.794  0.700     6    8    27   
 28 Miami                           19-18   0.508   -1.1   0.499  0.517     21   17   28   
 29 Denver                          23-12   0.745   1.3    0.660  0.830     12   5    29   
 30 LA Clippers                     21-17   0.557   -0.5   0.538  0.576     20   13   30   
</div></pre>
</div>
	</pre>
	</p>
	</span>
</body>
<body>
<h3>Other links</h3>
<h4>Pro</h4>
	<ul>
			<li class="listyle"><a href="https://2skupz.github.io/nflKpi.html"> NFL</a></li>
			<li class="listyle"><a href="https://2skupz.github.io/nbaKpi.html"> NBA</a></li>
			<li class="listyle"><a href="https://2skupz.github.io/nhlKpi.html"> NHL</a></li>
	</ul>
<h4>Football</h4>
	<ul>
			<li class="listyle"><a href="https://2skupz.github.io/fbD1Rankings.html"> Division I</a></li>
			<li class="listyle"><a href="https://2skupz.github.io/fbFBSRankings.html"> Division I - FBS</a></li>
			<li class="listyle"><a href="https://2skupz.github.io/fbFCSRankings.html"> Division I - FCS</a></li>
			<li class="listyle"><a href="https://2skupz.github.io/fbD2Rankings.html"> Division II</a></li>
			<li class="listyle"><a href="https://2skupz.github.io/fbD3Rankings.html"> Division III</a></li>
	</ul>
<h4>Baseball</h4>
	<ul>
			<li class="listyle"><a href="https://2skupz.github.io/mlbPlayoffOdds.html"> MLB Playoff Odds</a></li>
			<li class="listyle"><a href="https://2skupz.github.io/baseD1Rankings.html"> Division 1</a></li>
			<li class="listyle"><a href="https://2skupz.github.io/baseD1Rankings.html"> Division 2</a></li>
			<li class="listyle"><a href="https://2skupz.github.io/baseD1Rankings.html"> Division 3</a></li>
	</ul>
<h4>Men's College Basketball</h4>
	<ul>
			<li class="listyle"><a href="https://2skupz.github.io/d1MbbRankings.html"> Division 1</a></li>
			<li class="listyle"><a href="https://2skupz.github.io/d2MbbRankings.html"> Division 2</a></li>
			<li class="listyle"><a href="https://2skupz.github.io/d3MbbRankings.html"> Division 3</a></li>
			<li class="listyle"><a href="https://2skupz.github.io/uSportMbbRankings.html"> U Sports</a></li>
	</ul>
<h4>Women's College Basketball</h4>
	<ul>
			<li class="listyle"><a href="https://2skupz.github.io/d1WbbRankings.html"> Division 1</a></li>
			<li class="listyle"><a href="https://2skupz.github.io/d2WbbRankings.html"> Division 2</a></li>
			<li class="listyle"><a href="https://2skupz.github.io/d3WbbRankings.html"> Division 3</a></li>
			<li class="listyle"><a href="https://2skupz.github.io/uSportsWbbRankings.html"> U Sports</a></li>
	</ul>
</body>
