<html>
<head>
<!-- Global Site Tag (gtag.js) - Google Analytics -->
<title>2023 NBA Rankings</title>
<script type="text/javascript" src="tabber.js">
</script>
<link href="https://fonts.googleapis.com/css?family=Roboto+Slab|Droid+Sans+Mono" rel="stylesheet">
<style>
 body {
			font-family: "Roboto Slab", serif;
			font-size: 12px;
			}
#data {
			font-family: "Droid Sans Mono", serif;
			font-size: 13px;
		}
</style>
<link rel="stylesheet" href="tabbedPage.css" TYPE="text/css" MEDIA="screen">
</head>
<body bgcolor=#fbeec1>
<hr>
<table width=100%>
<tr><td align=left>
<h1 align="center">2023 NBA Rankings</h1>
</td>
</tr></table>
<p>
Standings through 03.01.23
<hr>
<center>
<table width=100% border=1><tr>
<td valign=top>
<div class="tabber">
<div class="tabbertab" title="Ken Power Index">
<pre><div id=data>

                                           -------Rating----------------  ----Rank----            
Rank Team                            W-L     KRS    SRS    S-Ix   WRS       S    W    SOS
========================================================================================
  1 Boston                          45-18   0.991   5.5    1.000  0.983     1    2    21   
  2 Milwaukee                       45-17   0.950   4.0    0.899  1.000     5    1    18   
  3 Denver                          44-19   0.914   4.0    0.900  0.929     4    3    28   
  4 Cleveland                       39-26   0.888   5.5    0.995  0.781     2    6    8    
  5 Philadelphia                    40-21   0.876   3.8    0.889  0.862     6    4    23   
  6 Memphis                         38-23   0.851   4.1    0.909  0.794     3    5    22   
  7 New York                        37-27   0.793   3.3    0.856  0.730     7    7    11   
  8 Sacramento                      36-25   0.738   2.0    0.774  0.703     8    8    30   

                                           -------Rating----------------  ----Rank----            
Rank Team                            W-L     KRS    SRS    S-Ix   WRS       S    W    SOS
========================================================================================
  9 Phoenix                         34-29   0.684   1.5    0.737  0.631     9    10   19   
 10 Brooklyn                        34-28   0.675   0.5    0.676  0.674     15   9    5    
 11 New Orleans                     31-32   0.626   1.0    0.704  0.548     11   16   15   
 12 Dallas                          32-31   0.626   0.6    0.684  0.567     14   14   20   
 13 Golden State                    32-30   0.616   0.2    0.658  0.575     16   12   25   
 14 Toronto                         31-32   0.616   0.7    0.686  0.546     13   17   14   
 15 Miami                           33-30   0.608   -0.8   0.593  0.623     22   11   13   
 16 Atlanta                         31-31   0.599   -0.1   0.635  0.563     19   15   17   

                                           -------Rating----------------  ----Rank----            
Rank Team                            W-L     KRS    SRS    S-Ix   WRS       S    W    SOS
========================================================================================
 17 Chicago                         29-34   0.598   0.9    0.699  0.497     12   22   9    
 18 Oklahoma City                   28-34   0.596   1.1    0.714  0.477     10   25   12   
 19 Utah                            31-32   0.593   0.2    0.656  0.529     17   19   24   
 20 LA Clippers                     33-31   0.589   -0.5   0.608  0.569     21   13   29   
 21 Washington                      29-32   0.588   0.1    0.649  0.527     18   20   10   
 22 Minnesota                       32-32   0.575   -0.5   0.612  0.538     20   18   27   
 23 LA Lakers                       30-33   0.553   -0.9   0.582  0.524     24   21   16   
 24 Portland                        29-33   0.535   -0.9   0.586  0.483     23   23   26   

                                           -------Rating----------------  ----Rank----            
Rank Team                            W-L     KRS    SRS    S-Ix   WRS       S    W    SOS
========================================================================================
 25 Indiana                         28-35   0.500   -1.9   0.520  0.479     25   24   2    
 26 Orlando                         26-37   0.433   -2.7   0.466  0.400     26   26   6    
 27 Charlotte                       20-44   0.246   -5.6   0.280  0.212     27   27   7    
 28 Detroit                         15-48   0.143   -6.7   0.209  0.078     28   28   1    
 29 Houston                         13-49   0.046   -8.5   0.092  0.000     29   30   3    
 30 San Antonio                     15-47   0.025   -9.9   0.000  0.050     30   29   4    
</div></pre>
</div>
<div class="tabbertab" title="Points Based">
<pre><div id=data>

                                           -------Rating----------------  ----Rank----            
Rank Team                            W-L     KRS    SRS    S-Ix   WRS       S    W    SOS
========================================================================================
  1 Boston                          45-18   0.991   5.5    1.000  0.983     1    2    21   
  2 Cleveland                       39-26   0.888   5.5    0.995  0.781     2    6    8    
  3 Memphis                         38-23   0.851   4.1    0.909  0.794     3    5    22   
  4 Denver                          44-19   0.914   4.0    0.900  0.929     4    3    28   
  5 Milwaukee                       45-17   0.950   4.0    0.899  1.000     5    1    18   
  6 Philadelphia                    40-21   0.876   3.8    0.889  0.862     6    4    23   
  7 New York                        37-27   0.793   3.3    0.856  0.730     7    7    11   
  8 Sacramento                      36-25   0.738   2.0    0.774  0.703     8    8    30   

                                           -------Rating----------------  ----Rank----            
Rank Team                            W-L     KRS    SRS    S-Ix   WRS       S    W    SOS
========================================================================================
  9 Phoenix                         34-29   0.684   1.5    0.737  0.631     9    10   19   
 10 Oklahoma City                   28-34   0.596   1.1    0.714  0.477     10   25   12   
 11 New Orleans                     31-32   0.626   1.0    0.704  0.548     11   16   15   
 12 Chicago                         29-34   0.598   0.9    0.699  0.497     12   22   9    
 13 Toronto                         31-32   0.616   0.7    0.686  0.546     13   17   14   
 14 Dallas                          32-31   0.626   0.6    0.684  0.567     14   14   20   
 15 Brooklyn                        34-28   0.675   0.5    0.676  0.674     15   9    5    
 16 Golden State                    32-30   0.616   0.2    0.658  0.575     16   12   25   

                                           -------Rating----------------  ----Rank----            
Rank Team                            W-L     KRS    SRS    S-Ix   WRS       S    W    SOS
========================================================================================
 17 Utah                            31-32   0.593   0.2    0.656  0.529     17   19   24   
 18 Washington                      29-32   0.588   0.1    0.649  0.527     18   20   10   
 19 Atlanta                         31-31   0.599   -0.1   0.635  0.563     19   15   17   
 20 Minnesota                       32-32   0.575   -0.5   0.612  0.538     20   18   27   
 21 LA Clippers                     33-31   0.589   -0.5   0.608  0.569     21   13   29   
 22 Miami                           33-30   0.608   -0.8   0.593  0.623     22   11   13   
 23 Portland                        29-33   0.535   -0.9   0.586  0.483     23   23   26   
 24 LA Lakers                       30-33   0.553   -0.9   0.582  0.524     24   21   16   

                                           -------Rating----------------  ----Rank----            
Rank Team                            W-L     KRS    SRS    S-Ix   WRS       S    W    SOS
========================================================================================
 25 Indiana                         28-35   0.500   -1.9   0.520  0.479     25   24   2    
 26 Orlando                         26-37   0.433   -2.7   0.466  0.400     26   26   6    
 27 Charlotte                       20-44   0.246   -5.6   0.280  0.212     27   27   7    
 28 Detroit                         15-48   0.143   -6.7   0.209  0.078     28   28   1    
 29 Houston                         13-49   0.046   -8.5   0.092  0.000     29   30   3    
 30 San Antonio                     15-47   0.025   -9.9   0.000  0.050     30   29   4    
</div></pre>
</div>
<div class="tabbertab" title="Wins Based">
<pre><div id=data>

                                           -------Rating----------------  ----Rank----            
Rank Team                            W-L     KRS    SRS    S-Ix   WRS       S    W    SOS
========================================================================================
  1 Milwaukee                       45-17   0.950   4.0    0.899  1.000     5    1    18   
  2 Boston                          45-18   0.991   5.5    1.000  0.983     1    2    21   
  3 Denver                          44-19   0.914   4.0    0.900  0.929     4    3    28   
  4 Philadelphia                    40-21   0.876   3.8    0.889  0.862     6    4    23   
  5 Memphis                         38-23   0.851   4.1    0.909  0.794     3    5    22   
  6 Cleveland                       39-26   0.888   5.5    0.995  0.781     2    6    8    
  7 New York                        37-27   0.793   3.3    0.856  0.730     7    7    11   
  8 Sacramento                      36-25   0.738   2.0    0.774  0.703     8    8    30   

                                           -------Rating----------------  ----Rank----            
Rank Team                            W-L     KRS    SRS    S-Ix   WRS       S    W    SOS
========================================================================================
  9 Brooklyn                        34-28   0.675   0.5    0.676  0.674     15   9    5    
 10 Phoenix                         34-29   0.684   1.5    0.737  0.631     9    10   19   
 11 Miami                           33-30   0.608   -0.8   0.593  0.623     22   11   13   
 12 Golden State                    32-30   0.616   0.2    0.658  0.575     16   12   25   
 13 LA Clippers                     33-31   0.589   -0.5   0.608  0.569     21   13   29   
 14 Dallas                          32-31   0.626   0.6    0.684  0.567     14   14   20   
 15 Atlanta                         31-31   0.599   -0.1   0.635  0.563     19   15   17   
 16 New Orleans                     31-32   0.626   1.0    0.704  0.548     11   16   15   

                                           -------Rating----------------  ----Rank----            
Rank Team                            W-L     KRS    SRS    S-Ix   WRS       S    W    SOS
========================================================================================
 17 Toronto                         31-32   0.616   0.7    0.686  0.546     13   17   14   
 18 Minnesota                       32-32   0.575   -0.5   0.612  0.538     20   18   27   
 19 Utah                            31-32   0.593   0.2    0.656  0.529     17   19   24   
 20 Washington                      29-32   0.588   0.1    0.649  0.527     18   20   10   
 21 LA Lakers                       30-33   0.553   -0.9   0.582  0.524     24   21   16   
 22 Chicago                         29-34   0.598   0.9    0.699  0.497     12   22   9    
 23 Portland                        29-33   0.535   -0.9   0.586  0.483     23   23   26   
 24 Indiana                         28-35   0.500   -1.9   0.520  0.479     25   24   2    

                                           -------Rating----------------  ----Rank----            
Rank Team                            W-L     KRS    SRS    S-Ix   WRS       S    W    SOS
========================================================================================
 25 Oklahoma City                   28-34   0.596   1.1    0.714  0.477     10   25   12   
 26 Orlando                         26-37   0.433   -2.7   0.466  0.400     26   26   6    
 27 Charlotte                       20-44   0.246   -5.6   0.280  0.212     27   27   7    
 28 Detroit                         15-48   0.143   -6.7   0.209  0.078     28   28   1    
 29 San Antonio                     15-47   0.025   -9.9   0.000  0.050     30   29   4    
 30 Houston                         13-49   0.046   -8.5   0.092  0.000     29   30   3    
</div></pre>
</div>
<div class="tabbertab" title="BCS">
<pre><div id=data>

                                           -------Rating----------------  ----Rank----            
Rank Team                            W-L     KRS    SRS    S-Ix   WRS       S    W    SOS
========================================================================================
  1 Boston                          45-18   0.991   5.5    1.000  0.983     1    2    21   
  2 Milwaukee                       45-17   0.950   4.0    0.899  1.000     5    1    18   
  3 Denver                          44-19   0.914   4.0    0.900  0.929     4    3    28   
  4 Cleveland                       39-26   0.888   5.5    0.995  0.781     2    6    8    
  5 Philadelphia                    40-21   0.876   3.8    0.889  0.862     6    4    23   
  6 Memphis                         38-23   0.851   4.1    0.909  0.794     3    5    22   
  7 New York                        37-27   0.793   3.3    0.856  0.730     7    7    11   
  8 Sacramento                      36-25   0.738   2.0    0.774  0.703     8    8    30   

                                           -------Rating----------------  ----Rank----            
Rank Team                            W-L     KRS    SRS    S-Ix   WRS       S    W    SOS
========================================================================================
  9 Phoenix                         34-29   0.684   1.5    0.737  0.631     9    10   19   
 10 Brooklyn                        34-28   0.675   0.5    0.676  0.674     15   9    5    
 11 New Orleans                     31-32   0.626   1.0    0.704  0.548     11   16   15   
 12 Dallas                          32-31   0.626   0.6    0.684  0.567     14   14   20   
 13 Golden State                    32-30   0.616   0.2    0.658  0.575     16   12   25   
 14 Toronto                         31-32   0.616   0.7    0.686  0.546     13   17   14   
 15 Miami                           33-30   0.608   -0.8   0.593  0.623     22   11   13   
 16 Atlanta                         31-31   0.599   -0.1   0.635  0.563     19   15   17   

                                           -------Rating----------------  ----Rank----            
Rank Team                            W-L     KRS    SRS    S-Ix   WRS       S    W    SOS
========================================================================================
 17 Chicago                         29-34   0.598   0.9    0.699  0.497     12   22   9    
 18 Oklahoma City                   28-34   0.596   1.1    0.714  0.477     10   25   12   
 19 Utah                            31-32   0.593   0.2    0.656  0.529     17   19   24   
 20 LA Clippers                     33-31   0.589   -0.5   0.608  0.569     21   13   29   
 21 Washington                      29-32   0.588   0.1    0.649  0.527     18   20   10   
 22 Minnesota                       32-32   0.575   -0.5   0.612  0.538     20   18   27   
 23 LA Lakers                       30-33   0.553   -0.9   0.582  0.524     24   21   16   
 24 Portland                        29-33   0.535   -0.9   0.586  0.483     23   23   26   

                                           -------Rating----------------  ----Rank----            
Rank Team                            W-L     KRS    SRS    S-Ix   WRS       S    W    SOS
========================================================================================
 25 Indiana                         28-35   0.500   -1.9   0.520  0.479     25   24   2    
 26 Orlando                         26-37   0.433   -2.7   0.466  0.400     26   26   6    
 27 Charlotte                       20-44   0.246   -5.6   0.280  0.212     27   27   7    
 28 Detroit                         15-48   0.143   -6.7   0.209  0.078     28   28   1    
 29 Houston                         13-49   0.046   -8.5   0.092  0.000     29   30   3    
 30 San Antonio                     15-47   0.025   -9.9   0.000  0.050     30   29   4    
</div></pre>
</div>
<div class="tabbertab" title="SOS">
<pre><div id=data>

                                           -------Rating----------------  ----Rank----            
Rank Team                            W-L     KRS    SRS    S-Ix   WRS       S    W    SOS
========================================================================================
  1 Detroit                         15-48   0.143   -6.7   0.209  0.078     28   28   1    
  2 Indiana                         28-35   0.500   -1.9   0.520  0.479     25   24   2    
  3 Houston                         13-49   0.046   -8.5   0.092  0.000     29   30   3    
  4 San Antonio                     15-47   0.025   -9.9   0.000  0.050     30   29   4    
  5 Brooklyn                        34-28   0.675   0.5    0.676  0.674     15   9    5    
  6 Orlando                         26-37   0.433   -2.7   0.466  0.400     26   26   6    
  7 Charlotte                       20-44   0.246   -5.6   0.280  0.212     27   27   7    
  8 Cleveland                       39-26   0.888   5.5    0.995  0.781     2    6    8    

                                           -------Rating----------------  ----Rank----            
Rank Team                            W-L     KRS    SRS    S-Ix   WRS       S    W    SOS
========================================================================================
  9 Chicago                         29-34   0.598   0.9    0.699  0.497     12   22   9    
 10 Washington                      29-32   0.588   0.1    0.649  0.527     18   20   10   
 11 New York                        37-27   0.793   3.3    0.856  0.730     7    7    11   
 12 Oklahoma City                   28-34   0.596   1.1    0.714  0.477     10   25   12   
 13 Miami                           33-30   0.608   -0.8   0.593  0.623     22   11   13   
 14 Toronto                         31-32   0.616   0.7    0.686  0.546     13   17   14   
 15 New Orleans                     31-32   0.626   1.0    0.704  0.548     11   16   15   
 16 LA Lakers                       30-33   0.553   -0.9   0.582  0.524     24   21   16   

                                           -------Rating----------------  ----Rank----            
Rank Team                            W-L     KRS    SRS    S-Ix   WRS       S    W    SOS
========================================================================================
 17 Atlanta                         31-31   0.599   -0.1   0.635  0.563     19   15   17   
 18 Milwaukee                       45-17   0.950   4.0    0.899  1.000     5    1    18   
 19 Phoenix                         34-29   0.684   1.5    0.737  0.631     9    10   19   
 20 Dallas                          32-31   0.626   0.6    0.684  0.567     14   14   20   
 21 Boston                          45-18   0.991   5.5    1.000  0.983     1    2    21   
 22 Memphis                         38-23   0.851   4.1    0.909  0.794     3    5    22   
 23 Philadelphia                    40-21   0.876   3.8    0.889  0.862     6    4    23   
 24 Utah                            31-32   0.593   0.2    0.656  0.529     17   19   24   

                                           -------Rating----------------  ----Rank----            
Rank Team                            W-L     KRS    SRS    S-Ix   WRS       S    W    SOS
========================================================================================
 25 Golden State                    32-30   0.616   0.2    0.658  0.575     16   12   25   
 26 Portland                        29-33   0.535   -0.9   0.586  0.483     23   23   26   
 27 Minnesota                       32-32   0.575   -0.5   0.612  0.538     20   18   27   
 28 Denver                          44-19   0.914   4.0    0.900  0.929     4    3    28   
 29 LA Clippers                     33-31   0.589   -0.5   0.608  0.569     21   13   29   
 30 Sacramento                      36-25   0.738   2.0    0.774  0.703     8    8    30   
</div></pre>
</div>
	</pre>
	</p>
	</span>
</body>
<body>
<h3>Other links</h3>
<h4>Home</h4>
	<ul>
			<li class="listyle"><a href="https://2skupz.github.io/index.html"> Index</a></li>
	</ul>
</body>
