<html>
<head>
<!-- Global Site Tag (gtag.js) - Google Analytics -->
<title>2023 NBA Rankings</title>
<script type="text/javascript" src="tabber.js">
</script>
<link href="https://fonts.googleapis.com/css?family=Roboto+Slab|Droid+Sans+Mono" rel="stylesheet">
<style>
 body {
			font-family: "Roboto Slab", serif;
			font-size: 12px;
			}
#data {
			font-family: "Droid Sans Mono", serif;
			font-size: 13px;
		}
</style>
<link rel="stylesheet" href="tabbedPage.css" TYPE="text/css" MEDIA="screen">
</head>
<body bgcolor=#fbeec1>
<hr>
<table width=100%>
<tr><td align=left>
<h1 align="center">2023 NBA Rankings</h1>
</td>
</tr></table>
<p>
Standings through 03.05.23
<hr>
<center>
<table width=100% border=1><tr>
<td valign=top>
<div class="tabber">
<div class="tabbertab" title="Ken Power Index">
<pre><div id=data>

                                           -------Rating----------------  ----Rank----            
Rank Team                            W-L     KRS    SRS    S-Ix   WRS       S    W    SOS
========================================================================================
  1 Boston                          45-20   0.964   5.2    0.978  0.951     2    2    20   
  2 Milwaukee                       46-18   0.949   4.0    0.897  1.000     4    1    18   
  3 Denver                          45-19   0.932   4.2    0.915  0.950     3    3    28   
  4 Cleveland                       40-26   0.892   5.6    1.000  0.784     1    5    12   
  5 Philadelphia                    41-22   0.871   3.7    0.880  0.861     6    4    22   
  6 Memphis                         38-25   0.822   3.7    0.881  0.762     5    6    21   
  7 New York                        39-27   0.807   3.3    0.856  0.758     7    7    4    
  8 Sacramento                      37-26   0.732   1.9    0.769  0.696     8    8    30   

                                           -------Rating----------------  ----Rank----            
Rank Team                            W-L     KRS    SRS    S-Ix   WRS       S    W    SOS
========================================================================================
  9 Phoenix                         36-29   0.707   1.8    0.762  0.652     9    10   23   
 10 Brooklyn                        36-28   0.696   0.8    0.699  0.693     11   9    7    
 11 Golden State                    34-31   0.633   0.6    0.685  0.580     14   12   26   
 12 Dallas                          33-32   0.632   0.8    0.698  0.567     13   13   17   
 13 Oklahoma City                   30-34   0.625   1.7    0.752  0.498     10   21   11   
 14 Miami                           34-31   0.611   -0.6   0.608  0.614     21   11   9    
 15 New Orleans                     31-33   0.611   0.8    0.699  0.522     12   18   13   
 16 Toronto                         32-33   0.609   0.6    0.684  0.534     15   17   14   

                                           -------Rating----------------  ----Rank----            
Rank Team                            W-L     KRS    SRS    S-Ix   WRS       S    W    SOS
========================================================================================
 17 Atlanta                         32-32   0.600   0.0    0.648  0.551     18   15   19   
 18 Minnesota                       34-32   0.596   -0.2   0.631  0.561     19   14   27   
 19 Washington                      30-34   0.580   0.1    0.655  0.505     17   20   3    
 20 LA Clippers                     34-33   0.579   -0.6   0.606  0.551     22   16   29   
 21 Chicago                         29-36   0.564   0.5    0.677  0.452     16   25   6    
 22 Utah                            31-34   0.557   -0.3   0.629  0.486     20   22   24   
 23 LA Lakers                       31-34   0.552   -0.9   0.590  0.513     23   19   16   
 24 Portland                        30-34   0.526   -1.1   0.581  0.472     24   23   25   

                                           -------Rating----------------  ----Rank----            
Rank Team                            W-L     KRS    SRS    S-Ix   WRS       S    W    SOS
========================================================================================
 25 Indiana                         29-36   0.486   -2.1   0.515  0.457     25   24   2    
 26 Orlando                         27-38   0.429   -2.7   0.480  0.378     26   26   8    
 27 Charlotte                       20-46   0.219   -5.9   0.276  0.161     27   27   5    
 28 Detroit                         15-49   0.124   -6.9   0.211  0.037     28   28   1    
 29 Houston                         15-49   0.076   -7.9   0.151  0.000     29   30   10   
 30 San Antonio                     16-49   0.003   -10.3  0.000  0.006     30   29   15   
</div></pre>
</div>
<div class="tabbertab" title="Points Based">
<pre><div id=data>

                                           -------Rating----------------  ----Rank----            
Rank Team                            W-L     KRS    SRS    S-Ix   WRS       S    W    SOS
========================================================================================
  1 Cleveland                       40-26   0.892   5.6    1.000  0.784     1    5    12   
  2 Boston                          45-20   0.964   5.2    0.978  0.951     2    2    20   
  3 Denver                          45-19   0.932   4.2    0.915  0.950     3    3    28   
  4 Milwaukee                       46-18   0.949   4.0    0.897  1.000     4    1    18   
  5 Memphis                         38-25   0.822   3.7    0.881  0.762     5    6    21   
  6 Philadelphia                    41-22   0.871   3.7    0.880  0.861     6    4    22   
  7 New York                        39-27   0.807   3.3    0.856  0.758     7    7    4    
  8 Sacramento                      37-26   0.732   1.9    0.769  0.696     8    8    30   

                                           -------Rating----------------  ----Rank----            
Rank Team                            W-L     KRS    SRS    S-Ix   WRS       S    W    SOS
========================================================================================
  9 Phoenix                         36-29   0.707   1.8    0.762  0.652     9    10   23   
 10 Oklahoma City                   30-34   0.625   1.7    0.752  0.498     10   21   11   
 11 Brooklyn                        36-28   0.696   0.8    0.699  0.693     11   9    7    
 12 New Orleans                     31-33   0.611   0.8    0.699  0.522     12   18   13   
 13 Dallas                          33-32   0.632   0.8    0.698  0.567     13   13   17   
 14 Golden State                    34-31   0.633   0.6    0.685  0.580     14   12   26   
 15 Toronto                         32-33   0.609   0.6    0.684  0.534     15   17   14   
 16 Chicago                         29-36   0.564   0.5    0.677  0.452     16   25   6    

                                           -------Rating----------------  ----Rank----            
Rank Team                            W-L     KRS    SRS    S-Ix   WRS       S    W    SOS
========================================================================================
 17 Washington                      30-34   0.580   0.1    0.655  0.505     17   20   3    
 18 Atlanta                         32-32   0.600   0.0    0.648  0.551     18   15   19   
 19 Minnesota                       34-32   0.596   -0.2   0.631  0.561     19   14   27   
 20 Utah                            31-34   0.557   -0.3   0.629  0.486     20   22   24   
 21 Miami                           34-31   0.611   -0.6   0.608  0.614     21   11   9    
 22 LA Clippers                     34-33   0.579   -0.6   0.606  0.551     22   16   29   
 23 LA Lakers                       31-34   0.552   -0.9   0.590  0.513     23   19   16   
 24 Portland                        30-34   0.526   -1.1   0.581  0.472     24   23   25   

                                           -------Rating----------------  ----Rank----            
Rank Team                            W-L     KRS    SRS    S-Ix   WRS       S    W    SOS
========================================================================================
 25 Indiana                         29-36   0.486   -2.1   0.515  0.457     25   24   2    
 26 Orlando                         27-38   0.429   -2.7   0.480  0.378     26   26   8    
 27 Charlotte                       20-46   0.219   -5.9   0.276  0.161     27   27   5    
 28 Detroit                         15-49   0.124   -6.9   0.211  0.037     28   28   1    
 29 Houston                         15-49   0.076   -7.9   0.151  0.000     29   30   10   
 30 San Antonio                     16-49   0.003   -10.3  0.000  0.006     30   29   15   
</div></pre>
</div>
<div class="tabbertab" title="Wins Based">
<pre><div id=data>

                                           -------Rating----------------  ----Rank----            
Rank Team                            W-L     KRS    SRS    S-Ix   WRS       S    W    SOS
========================================================================================
  1 Milwaukee                       46-18   0.949   4.0    0.897  1.000     4    1    18   
  2 Boston                          45-20   0.964   5.2    0.978  0.951     2    2    20   
  3 Denver                          45-19   0.932   4.2    0.915  0.950     3    3    28   
  4 Philadelphia                    41-22   0.871   3.7    0.880  0.861     6    4    22   
  5 Cleveland                       40-26   0.892   5.6    1.000  0.784     1    5    12   
  6 Memphis                         38-25   0.822   3.7    0.881  0.762     5    6    21   
  7 New York                        39-27   0.807   3.3    0.856  0.758     7    7    4    
  8 Sacramento                      37-26   0.732   1.9    0.769  0.696     8    8    30   

                                           -------Rating----------------  ----Rank----            
Rank Team                            W-L     KRS    SRS    S-Ix   WRS       S    W    SOS
========================================================================================
  9 Brooklyn                        36-28   0.696   0.8    0.699  0.693     11   9    7    
 10 Phoenix                         36-29   0.707   1.8    0.762  0.652     9    10   23   
 11 Miami                           34-31   0.611   -0.6   0.608  0.614     21   11   9    
 12 Golden State                    34-31   0.633   0.6    0.685  0.580     14   12   26   
 13 Dallas                          33-32   0.632   0.8    0.698  0.567     13   13   17   
 14 Minnesota                       34-32   0.596   -0.2   0.631  0.561     19   14   27   
 15 Atlanta                         32-32   0.600   0.0    0.648  0.551     18   15   19   
 16 LA Clippers                     34-33   0.579   -0.6   0.606  0.551     22   16   29   

                                           -------Rating----------------  ----Rank----            
Rank Team                            W-L     KRS    SRS    S-Ix   WRS       S    W    SOS
========================================================================================
 17 Toronto                         32-33   0.609   0.6    0.684  0.534     15   17   14   
 18 New Orleans                     31-33   0.611   0.8    0.699  0.522     12   18   13   
 19 LA Lakers                       31-34   0.552   -0.9   0.590  0.513     23   19   16   
 20 Washington                      30-34   0.580   0.1    0.655  0.505     17   20   3    
 21 Oklahoma City                   30-34   0.625   1.7    0.752  0.498     10   21   11   
 22 Utah                            31-34   0.557   -0.3   0.629  0.486     20   22   24   
 23 Portland                        30-34   0.526   -1.1   0.581  0.472     24   23   25   
 24 Indiana                         29-36   0.486   -2.1   0.515  0.457     25   24   2    

                                           -------Rating----------------  ----Rank----            
Rank Team                            W-L     KRS    SRS    S-Ix   WRS       S    W    SOS
========================================================================================
 25 Chicago                         29-36   0.564   0.5    0.677  0.452     16   25   6    
 26 Orlando                         27-38   0.429   -2.7   0.480  0.378     26   26   8    
 27 Charlotte                       20-46   0.219   -5.9   0.276  0.161     27   27   5    
 28 Detroit                         15-49   0.124   -6.9   0.211  0.037     28   28   1    
 29 San Antonio                     16-49   0.003   -10.3  0.000  0.006     30   29   15   
 30 Houston                         15-49   0.076   -7.9   0.151  0.000     29   30   10   
</div></pre>
</div>
<div class="tabbertab" title="BCS">
<pre><div id=data>

                                           -------Rating----------------  ----Rank----            
Rank Team                            W-L     KRS    SRS    S-Ix   WRS       S    W    SOS
========================================================================================
  1 Boston                          45-20   0.964   5.2    0.978  0.951     2    2    20   
  2 Milwaukee                       46-18   0.949   4.0    0.897  1.000     4    1    18   
  3 Denver                          45-19   0.932   4.2    0.915  0.950     3    3    28   
  4 Cleveland                       40-26   0.892   5.6    1.000  0.784     1    5    12   
  5 Philadelphia                    41-22   0.871   3.7    0.880  0.861     6    4    22   
  6 Memphis                         38-25   0.822   3.7    0.881  0.762     5    6    21   
  7 New York                        39-27   0.807   3.3    0.856  0.758     7    7    4    
  8 Sacramento                      37-26   0.732   1.9    0.769  0.696     8    8    30   

                                           -------Rating----------------  ----Rank----            
Rank Team                            W-L     KRS    SRS    S-Ix   WRS       S    W    SOS
========================================================================================
  9 Phoenix                         36-29   0.707   1.8    0.762  0.652     9    10   23   
 10 Brooklyn                        36-28   0.696   0.8    0.699  0.693     11   9    7    
 11 Golden State                    34-31   0.633   0.6    0.685  0.580     14   12   26   
 12 Dallas                          33-32   0.632   0.8    0.698  0.567     13   13   17   
 13 Oklahoma City                   30-34   0.625   1.7    0.752  0.498     10   21   11   
 14 Miami                           34-31   0.611   -0.6   0.608  0.614     21   11   9    
 15 New Orleans                     31-33   0.611   0.8    0.699  0.522     12   18   13   
 16 Toronto                         32-33   0.609   0.6    0.684  0.534     15   17   14   

                                           -------Rating----------------  ----Rank----            
Rank Team                            W-L     KRS    SRS    S-Ix   WRS       S    W    SOS
========================================================================================
 17 Atlanta                         32-32   0.600   0.0    0.648  0.551     18   15   19   
 18 Minnesota                       34-32   0.596   -0.2   0.631  0.561     19   14   27   
 19 Washington                      30-34   0.580   0.1    0.655  0.505     17   20   3    
 20 LA Clippers                     34-33   0.579   -0.6   0.606  0.551     22   16   29   
 21 Chicago                         29-36   0.564   0.5    0.677  0.452     16   25   6    
 22 Utah                            31-34   0.557   -0.3   0.629  0.486     20   22   24   
 23 LA Lakers                       31-34   0.552   -0.9   0.590  0.513     23   19   16   
 24 Portland                        30-34   0.526   -1.1   0.581  0.472     24   23   25   

                                           -------Rating----------------  ----Rank----            
Rank Team                            W-L     KRS    SRS    S-Ix   WRS       S    W    SOS
========================================================================================
 25 Indiana                         29-36   0.486   -2.1   0.515  0.457     25   24   2    
 26 Orlando                         27-38   0.429   -2.7   0.480  0.378     26   26   8    
 27 Charlotte                       20-46   0.219   -5.9   0.276  0.161     27   27   5    
 28 Detroit                         15-49   0.124   -6.9   0.211  0.037     28   28   1    
 29 Houston                         15-49   0.076   -7.9   0.151  0.000     29   30   10   
 30 San Antonio                     16-49   0.003   -10.3  0.000  0.006     30   29   15   
</div></pre>
</div>
<div class="tabbertab" title="SOS">
<pre><div id=data>

                                           -------Rating----------------  ----Rank----            
Rank Team                            W-L     KRS    SRS    S-Ix   WRS       S    W    SOS
========================================================================================
  1 Detroit                         15-49   0.124   -6.9   0.211  0.037     28   28   1    
  2 Indiana                         29-36   0.486   -2.1   0.515  0.457     25   24   2    
  3 Washington                      30-34   0.580   0.1    0.655  0.505     17   20   3    
  4 New York                        39-27   0.807   3.3    0.856  0.758     7    7    4    
  5 Charlotte                       20-46   0.219   -5.9   0.276  0.161     27   27   5    
  6 Chicago                         29-36   0.564   0.5    0.677  0.452     16   25   6    
  7 Brooklyn                        36-28   0.696   0.8    0.699  0.693     11   9    7    
  8 Orlando                         27-38   0.429   -2.7   0.480  0.378     26   26   8    

                                           -------Rating----------------  ----Rank----            
Rank Team                            W-L     KRS    SRS    S-Ix   WRS       S    W    SOS
========================================================================================
  9 Miami                           34-31   0.611   -0.6   0.608  0.614     21   11   9    
 10 Houston                         15-49   0.076   -7.9   0.151  0.000     29   30   10   
 11 Oklahoma City                   30-34   0.625   1.7    0.752  0.498     10   21   11   
 12 Cleveland                       40-26   0.892   5.6    1.000  0.784     1    5    12   
 13 New Orleans                     31-33   0.611   0.8    0.699  0.522     12   18   13   
 14 Toronto                         32-33   0.609   0.6    0.684  0.534     15   17   14   
 15 San Antonio                     16-49   0.003   -10.3  0.000  0.006     30   29   15   
 16 LA Lakers                       31-34   0.552   -0.9   0.590  0.513     23   19   16   

                                           -------Rating----------------  ----Rank----            
Rank Team                            W-L     KRS    SRS    S-Ix   WRS       S    W    SOS
========================================================================================
 17 Dallas                          33-32   0.632   0.8    0.698  0.567     13   13   17   
 18 Milwaukee                       46-18   0.949   4.0    0.897  1.000     4    1    18   
 19 Atlanta                         32-32   0.600   0.0    0.648  0.551     18   15   19   
 20 Boston                          45-20   0.964   5.2    0.978  0.951     2    2    20   
 21 Memphis                         38-25   0.822   3.7    0.881  0.762     5    6    21   
 22 Philadelphia                    41-22   0.871   3.7    0.880  0.861     6    4    22   
 23 Phoenix                         36-29   0.707   1.8    0.762  0.652     9    10   23   
 24 Utah                            31-34   0.557   -0.3   0.629  0.486     20   22   24   

                                           -------Rating----------------  ----Rank----            
Rank Team                            W-L     KRS    SRS    S-Ix   WRS       S    W    SOS
========================================================================================
 25 Portland                        30-34   0.526   -1.1   0.581  0.472     24   23   25   
 26 Golden State                    34-31   0.633   0.6    0.685  0.580     14   12   26   
 27 Minnesota                       34-32   0.596   -0.2   0.631  0.561     19   14   27   
 28 Denver                          45-19   0.932   4.2    0.915  0.950     3    3    28   
 29 LA Clippers                     34-33   0.579   -0.6   0.606  0.551     22   16   29   
 30 Sacramento                      37-26   0.732   1.9    0.769  0.696     8    8    30   
</div></pre>
</div>
	</pre>
	</p>
	</span>
</body>
<body>
<h3>Other links</h3>
<h4>Home</h4>
	<ul>
			<li class="listyle"><a href="https://2skupz.github.io/index.html"> Index</a></li>
	</ul>
</body>
