<html>
<head>
<!-- Global Site Tag (gtag.js) - Google Analytics -->
<title>2023 NBA Rankings</title>
<script type="text/javascript" src="tabber.js">
</script>
<link href="https://fonts.googleapis.com/css?family=Roboto+Slab|Droid+Sans+Mono" rel="stylesheet">
<style>
 body {
			font-family: "Roboto Slab", serif;
			font-size: 12px;
			}
#data {
			font-family: "Droid Sans Mono", serif;
			font-size: 13px;
		}
</style>
<link rel="stylesheet" href="tabbedPage.css" TYPE="text/css" MEDIA="screen">
</head>
<body bgcolor=#fbeec1>
<hr>
<table width=100%>
<tr><td align=left>
<h1 align="center">2023 NBA Rankings</h1>
</td>
</tr></table>
<p>
Standings through 12.30.22
<hr>
<center>
<table width=100% border=1><tr>
<td valign=top>
<div class="tabber">
<div class="tabbertab" title="Ken Power Index">
<pre><div id=data>

                                           -------Rating----------------  ----Rank----            
Rank Team                            W-L     KRS    SRS    S-Ix   WRS       S    W    SOS
========================================================================================
  1 Boston                          26-10   1.000   6.4    1.000  1.000     1    1    25   
  2 New Orleans                     23-12   0.895   5.1    0.910  0.880     2    3    24   
  3 Brooklyn                        23-12   0.847   3.4    0.800  0.895     5    2    6    
  4 Cleveland                       22-14   0.839   5.0    0.906  0.771     3    7    20   
  5 Memphis                         21-13   0.818   4.0    0.839  0.797     4    6    9    
  6 Milwaukee                       23-12   0.799   2.4    0.737  0.862     9    4    16   
  7 Denver                          23-12   0.757   1.4    0.670  0.845     11   5    29   
  8 Philadelphia                    20-14   0.730   2.9    0.769  0.691     7    8    27   

                                           -------Rating----------------  ----Rank----            
Rank Team                            W-L     KRS    SRS    S-Ix   WRS       S    W    SOS
========================================================================================
  9 Dallas                          20-16   0.714   2.6    0.750  0.677     8    9    5    
 10 Phoenix                         20-17   0.707   3.1    0.784  0.629     6    11   12   
 11 Sacramento                      19-15   0.667   1.4    0.669  0.665     12   10   21   
 12 New York                        18-18   0.613   1.8    0.700  0.527     10   17   17   
 13 Utah                            19-19   0.597   0.9    0.636  0.558     13   16   11   
 14 LA Clippers                     21-16   0.588   -0.5   0.549  0.628     18   12   30   
 15 Indiana                         19-17   0.575   -0.5   0.546  0.605     19   13   15   
 16 Portland                        18-17   0.575   -0.1   0.574  0.576     15   14   22   

                                           -------Rating----------------  ----Rank----            
Rank Team                            W-L     KRS    SRS    S-Ix   WRS       S    W    SOS
========================================================================================
 17 Golden State                    19-18   0.565   -0.3   0.558  0.573     16   15   10   
 18 Toronto                         16-20   0.531   0.6    0.618  0.444     14   20   3    
 19 Chicago                         16-19   0.511   -0.4   0.550  0.471     17   19   2    
 20 Miami                           18-18   0.503   -1.2   0.498  0.509     22   18   28   
 21 Washington                      16-21   0.479   -0.6   0.542  0.417     20   22   4    
 22 Atlanta                         17-19   0.461   -1.4   0.489  0.433     23   21   26   
 23 Oklahoma City                   15-20   0.453   -1.1   0.506  0.399     21   24   13   
 24 Minnesota                       16-20   0.449   -1.4   0.487  0.410     24   23   19   

                                           -------Rating----------------  ----Rank----            
Rank Team                            W-L     KRS    SRS    S-Ix   WRS       S    W    SOS
========================================================================================
 25 LA Lakers                       15-21   0.407   -2.0   0.451  0.362     25   25   23   
 26 Orlando                         13-24   0.238   -4.3   0.297  0.178     26   27   18   
 27 Houston                         10-25   0.151   -5.8   0.202  0.101     27   28   7    
 28 Charlotte                       10-26   0.114   -6.3   0.166  0.061     28   29   8    
 29 San Antonio                     12-23   0.094   -8.8   0.000  0.188     30   26   14   
 30 Detroit                          9-29   0.083   -6.3   0.166  0.000     29   30   1    
</div></pre>
</div>
<div class="tabbertab" title="Points Based">
<pre><div id=data>

                                           -------Rating----------------  ----Rank----            
Rank Team                            W-L     KRS    SRS    S-Ix   WRS       S    W    SOS
========================================================================================
  1 Boston                          26-10   1.000   6.4    1.000  1.000     1    1    25   
  2 New Orleans                     23-12   0.895   5.1    0.910  0.880     2    3    24   
  3 Cleveland                       22-14   0.839   5.0    0.906  0.771     3    7    20   
  4 Memphis                         21-13   0.818   4.0    0.839  0.797     4    6    9    
  5 Brooklyn                        23-12   0.847   3.4    0.800  0.895     5    2    6    
  6 Phoenix                         20-17   0.707   3.1    0.784  0.629     6    11   12   
  7 Philadelphia                    20-14   0.730   2.9    0.769  0.691     7    8    27   
  8 Dallas                          20-16   0.714   2.6    0.750  0.677     8    9    5    

                                           -------Rating----------------  ----Rank----            
Rank Team                            W-L     KRS    SRS    S-Ix   WRS       S    W    SOS
========================================================================================
  9 Milwaukee                       23-12   0.799   2.4    0.737  0.862     9    4    16   
 10 New York                        18-18   0.613   1.8    0.700  0.527     10   17   17   
 11 Denver                          23-12   0.757   1.4    0.670  0.845     11   5    29   
 12 Sacramento                      19-15   0.667   1.4    0.669  0.665     12   10   21   
 13 Utah                            19-19   0.597   0.9    0.636  0.558     13   16   11   
 14 Toronto                         16-20   0.531   0.6    0.618  0.444     14   20   3    
 15 Portland                        18-17   0.575   -0.1   0.574  0.576     15   14   22   
 16 Golden State                    19-18   0.565   -0.3   0.558  0.573     16   15   10   

                                           -------Rating----------------  ----Rank----            
Rank Team                            W-L     KRS    SRS    S-Ix   WRS       S    W    SOS
========================================================================================
 17 Chicago                         16-19   0.511   -0.4   0.550  0.471     17   19   2    
 18 LA Clippers                     21-16   0.588   -0.5   0.549  0.628     18   12   30   
 19 Indiana                         19-17   0.575   -0.5   0.546  0.605     19   13   15   
 20 Washington                      16-21   0.479   -0.6   0.542  0.417     20   22   4    
 21 Oklahoma City                   15-20   0.453   -1.1   0.506  0.399     21   24   13   
 22 Miami                           18-18   0.503   -1.2   0.498  0.509     22   18   28   
 23 Atlanta                         17-19   0.461   -1.4   0.489  0.433     23   21   26   
 24 Minnesota                       16-20   0.449   -1.4   0.487  0.410     24   23   19   

                                           -------Rating----------------  ----Rank----            
Rank Team                            W-L     KRS    SRS    S-Ix   WRS       S    W    SOS
========================================================================================
 25 LA Lakers                       15-21   0.407   -2.0   0.451  0.362     25   25   23   
 26 Orlando                         13-24   0.238   -4.3   0.297  0.178     26   27   18   
 27 Houston                         10-25   0.151   -5.8   0.202  0.101     27   28   7    
 28 Charlotte                       10-26   0.114   -6.3   0.166  0.061     28   29   8    
 29 Detroit                          9-29   0.083   -6.3   0.166  0.000     29   30   1    
 30 San Antonio                     12-23   0.094   -8.8   0.000  0.188     30   26   14   
</div></pre>
</div>
<div class="tabbertab" title="Wins Based">
<pre><div id=data>

                                           -------Rating----------------  ----Rank----            
Rank Team                            W-L     KRS    SRS    S-Ix   WRS       S    W    SOS
========================================================================================
  1 Boston                          26-10   1.000   6.4    1.000  1.000     1    1    25   
  2 Brooklyn                        23-12   0.847   3.4    0.800  0.895     5    2    6    
  3 New Orleans                     23-12   0.895   5.1    0.910  0.880     2    3    24   
  4 Milwaukee                       23-12   0.799   2.4    0.737  0.862     9    4    16   
  5 Denver                          23-12   0.757   1.4    0.670  0.845     11   5    29   
  6 Memphis                         21-13   0.818   4.0    0.839  0.797     4    6    9    
  7 Cleveland                       22-14   0.839   5.0    0.906  0.771     3    7    20   
  8 Philadelphia                    20-14   0.730   2.9    0.769  0.691     7    8    27   

                                           -------Rating----------------  ----Rank----            
Rank Team                            W-L     KRS    SRS    S-Ix   WRS       S    W    SOS
========================================================================================
  9 Dallas                          20-16   0.714   2.6    0.750  0.677     8    9    5    
 10 Sacramento                      19-15   0.667   1.4    0.669  0.665     12   10   21   
 11 Phoenix                         20-17   0.707   3.1    0.784  0.629     6    11   12   
 12 LA Clippers                     21-16   0.588   -0.5   0.549  0.628     18   12   30   
 13 Indiana                         19-17   0.575   -0.5   0.546  0.605     19   13   15   
 14 Portland                        18-17   0.575   -0.1   0.574  0.576     15   14   22   
 15 Golden State                    19-18   0.565   -0.3   0.558  0.573     16   15   10   
 16 Utah                            19-19   0.597   0.9    0.636  0.558     13   16   11   

                                           -------Rating----------------  ----Rank----            
Rank Team                            W-L     KRS    SRS    S-Ix   WRS       S    W    SOS
========================================================================================
 17 New York                        18-18   0.613   1.8    0.700  0.527     10   17   17   
 18 Miami                           18-18   0.503   -1.2   0.498  0.509     22   18   28   
 19 Chicago                         16-19   0.511   -0.4   0.550  0.471     17   19   2    
 20 Toronto                         16-20   0.531   0.6    0.618  0.444     14   20   3    
 21 Atlanta                         17-19   0.461   -1.4   0.489  0.433     23   21   26   
 22 Washington                      16-21   0.479   -0.6   0.542  0.417     20   22   4    
 23 Minnesota                       16-20   0.449   -1.4   0.487  0.410     24   23   19   
 24 Oklahoma City                   15-20   0.453   -1.1   0.506  0.399     21   24   13   

                                           -------Rating----------------  ----Rank----            
Rank Team                            W-L     KRS    SRS    S-Ix   WRS       S    W    SOS
========================================================================================
 25 LA Lakers                       15-21   0.407   -2.0   0.451  0.362     25   25   23   
 26 San Antonio                     12-23   0.094   -8.8   0.000  0.188     30   26   14   
 27 Orlando                         13-24   0.238   -4.3   0.297  0.178     26   27   18   
 28 Houston                         10-25   0.151   -5.8   0.202  0.101     27   28   7    
 29 Charlotte                       10-26   0.114   -6.3   0.166  0.061     28   29   8    
 30 Detroit                          9-29   0.083   -6.3   0.166  0.000     29   30   1    
</div></pre>
</div>
<div class="tabbertab" title="BCS">
<pre><div id=data>

                                           -------Rating----------------  ----Rank----            
Rank Team                            W-L     KRS    SRS    S-Ix   WRS       S    W    SOS
========================================================================================
  1 Boston                          26-10   1.000   6.4    1.000  1.000     1    1    25   
  2 New Orleans                     23-12   0.895   5.1    0.910  0.880     2    3    24   
  3 Brooklyn                        23-12   0.847   3.4    0.800  0.895     5    2    6    
  4 Cleveland                       22-14   0.839   5.0    0.906  0.771     3    7    20   
  5 Memphis                         21-13   0.818   4.0    0.839  0.797     4    6    9    
  6 Milwaukee                       23-12   0.799   2.4    0.737  0.862     9    4    16   
  7 Denver                          23-12   0.757   1.4    0.670  0.845     11   5    29   
  8 Philadelphia                    20-14   0.730   2.9    0.769  0.691     7    8    27   

                                           -------Rating----------------  ----Rank----            
Rank Team                            W-L     KRS    SRS    S-Ix   WRS       S    W    SOS
========================================================================================
  9 Dallas                          20-16   0.714   2.6    0.750  0.677     8    9    5    
 10 Phoenix                         20-17   0.707   3.1    0.784  0.629     6    11   12   
 11 Sacramento                      19-15   0.667   1.4    0.669  0.665     12   10   21   
 12 New York                        18-18   0.613   1.8    0.700  0.527     10   17   17   
 13 Utah                            19-19   0.597   0.9    0.636  0.558     13   16   11   
 14 LA Clippers                     21-16   0.588   -0.5   0.549  0.628     18   12   30   
 15 Indiana                         19-17   0.575   -0.5   0.546  0.605     19   13   15   
 16 Portland                        18-17   0.575   -0.1   0.574  0.576     15   14   22   

                                           -------Rating----------------  ----Rank----            
Rank Team                            W-L     KRS    SRS    S-Ix   WRS       S    W    SOS
========================================================================================
 17 Golden State                    19-18   0.565   -0.3   0.558  0.573     16   15   10   
 18 Toronto                         16-20   0.531   0.6    0.618  0.444     14   20   3    
 19 Chicago                         16-19   0.511   -0.4   0.550  0.471     17   19   2    
 20 Miami                           18-18   0.503   -1.2   0.498  0.509     22   18   28   
 21 Washington                      16-21   0.479   -0.6   0.542  0.417     20   22   4    
 22 Atlanta                         17-19   0.461   -1.4   0.489  0.433     23   21   26   
 23 Oklahoma City                   15-20   0.453   -1.1   0.506  0.399     21   24   13   
 24 Minnesota                       16-20   0.449   -1.4   0.487  0.410     24   23   19   

                                           -------Rating----------------  ----Rank----            
Rank Team                            W-L     KRS    SRS    S-Ix   WRS       S    W    SOS
========================================================================================
 25 LA Lakers                       15-21   0.407   -2.0   0.451  0.362     25   25   23   
 26 Orlando                         13-24   0.238   -4.3   0.297  0.178     26   27   18   
 27 Houston                         10-25   0.151   -5.8   0.202  0.101     27   28   7    
 28 Charlotte                       10-26   0.114   -6.3   0.166  0.061     28   29   8    
 29 San Antonio                     12-23   0.094   -8.8   0.000  0.188     30   26   14   
 30 Detroit                          9-29   0.083   -6.3   0.166  0.000     29   30   1    
</div></pre>
</div>
<div class="tabbertab" title="SOS">
<pre><div id=data>

                                           -------Rating----------------  ----Rank----            
Rank Team                            W-L     KRS    SRS    S-Ix   WRS       S    W    SOS
========================================================================================
  1 Detroit                          9-29   0.083   -6.3   0.166  0.000     29   30   1    
  2 Chicago                         16-19   0.511   -0.4   0.550  0.471     17   19   2    
  3 Toronto                         16-20   0.531   0.6    0.618  0.444     14   20   3    
  4 Washington                      16-21   0.479   -0.6   0.542  0.417     20   22   4    
  5 Dallas                          20-16   0.714   2.6    0.750  0.677     8    9    5    
  6 Brooklyn                        23-12   0.847   3.4    0.800  0.895     5    2    6    
  7 Houston                         10-25   0.151   -5.8   0.202  0.101     27   28   7    
  8 Charlotte                       10-26   0.114   -6.3   0.166  0.061     28   29   8    

                                           -------Rating----------------  ----Rank----            
Rank Team                            W-L     KRS    SRS    S-Ix   WRS       S    W    SOS
========================================================================================
  9 Memphis                         21-13   0.818   4.0    0.839  0.797     4    6    9    
 10 Golden State                    19-18   0.565   -0.3   0.558  0.573     16   15   10   
 11 Utah                            19-19   0.597   0.9    0.636  0.558     13   16   11   
 12 Phoenix                         20-17   0.707   3.1    0.784  0.629     6    11   12   
 13 Oklahoma City                   15-20   0.453   -1.1   0.506  0.399     21   24   13   
 14 San Antonio                     12-23   0.094   -8.8   0.000  0.188     30   26   14   
 15 Indiana                         19-17   0.575   -0.5   0.546  0.605     19   13   15   
 16 Milwaukee                       23-12   0.799   2.4    0.737  0.862     9    4    16   

                                           -------Rating----------------  ----Rank----            
Rank Team                            W-L     KRS    SRS    S-Ix   WRS       S    W    SOS
========================================================================================
 17 New York                        18-18   0.613   1.8    0.700  0.527     10   17   17   
 18 Orlando                         13-24   0.238   -4.3   0.297  0.178     26   27   18   
 19 Minnesota                       16-20   0.449   -1.4   0.487  0.410     24   23   19   
 20 Cleveland                       22-14   0.839   5.0    0.906  0.771     3    7    20   
 21 Sacramento                      19-15   0.667   1.4    0.669  0.665     12   10   21   
 22 Portland                        18-17   0.575   -0.1   0.574  0.576     15   14   22   
 23 LA Lakers                       15-21   0.407   -2.0   0.451  0.362     25   25   23   
 24 New Orleans                     23-12   0.895   5.1    0.910  0.880     2    3    24   

                                           -------Rating----------------  ----Rank----            
Rank Team                            W-L     KRS    SRS    S-Ix   WRS       S    W    SOS
========================================================================================
 25 Boston                          26-10   1.000   6.4    1.000  1.000     1    1    25   
 26 Atlanta                         17-19   0.461   -1.4   0.489  0.433     23   21   26   
 27 Philadelphia                    20-14   0.730   2.9    0.769  0.691     7    8    27   
 28 Miami                           18-18   0.503   -1.2   0.498  0.509     22   18   28   
 29 Denver                          23-12   0.757   1.4    0.670  0.845     11   5    29   
 30 LA Clippers                     21-16   0.588   -0.5   0.549  0.628     18   12   30   
</div></pre>
</div>
	</pre>
	</p>
	</span>
</body>
<body>
<h3>Other links</h3>
<h4>Pro</h4>
	<ul>
			<li class="listyle"><a href="https://2skupz.github.io/nflKpi.html"> NFL</a></li>
			<li class="listyle"><a href="https://2skupz.github.io/nbaKpi.html"> NBA</a></li>
			<li class="listyle"><a href="https://2skupz.github.io/nhlKpi.html"> NHL</a></li>
	</ul>
<h4>Football</h4>
	<ul>
			<li class="listyle"><a href="https://2skupz.github.io/fbD1Rankings.html"> Division I</a></li>
			<li class="listyle"><a href="https://2skupz.github.io/fbFBSRankings.html"> Division I - FBS</a></li>
			<li class="listyle"><a href="https://2skupz.github.io/fbFCSRankings.html"> Division I - FCS</a></li>
			<li class="listyle"><a href="https://2skupz.github.io/fbD2Rankings.html"> Division II</a></li>
			<li class="listyle"><a href="https://2skupz.github.io/fbD3Rankings.html"> Division III</a></li>
	</ul>
<h4>Baseball</h4>
	<ul>
			<li class="listyle"><a href="https://2skupz.github.io/mlbPlayoffOdds.html"> MLB Playoff Odds</a></li>
			<li class="listyle"><a href="https://2skupz.github.io/baseD1Rankings.html"> Division 1</a></li>
			<li class="listyle"><a href="https://2skupz.github.io/baseD1Rankings.html"> Division 2</a></li>
			<li class="listyle"><a href="https://2skupz.github.io/baseD1Rankings.html"> Division 3</a></li>
	</ul>
<h4>Men's College Basketball</h4>
	<ul>
			<li class="listyle"><a href="https://2skupz.github.io/d1MbbRankings.html"> Division 1</a></li>
			<li class="listyle"><a href="https://2skupz.github.io/d2MbbRankings.html"> Division 2</a></li>
			<li class="listyle"><a href="https://2skupz.github.io/d3MbbRankings.html"> Division 3</a></li>
			<li class="listyle"><a href="https://2skupz.github.io/uSportMbbRankings.html"> U Sports</a></li>
	</ul>
<h4>Women's College Basketball</h4>
	<ul>
			<li class="listyle"><a href="https://2skupz.github.io/d1WbbRankings.html"> Division 1</a></li>
			<li class="listyle"><a href="https://2skupz.github.io/d2WbbRankings.html"> Division 2</a></li>
			<li class="listyle"><a href="https://2skupz.github.io/d3WbbRankings.html"> Division 3</a></li>
			<li class="listyle"><a href="https://2skupz.github.io/uSportsWbbRankings.html"> U Sports</a></li>
	</ul>
</body>
