<html>
<head>
<!-- Global Site Tag (gtag.js) - Google Analytics -->
<title>2023 NBA Rankings</title>
<script type="text/javascript" src="tabber.js">
</script>
<link href="https://fonts.googleapis.com/css?family=Roboto+Slab|Droid+Sans+Mono" rel="stylesheet">
<style>
 body {
			font-family: "Roboto Slab", serif;
			font-size: 12px;
			}
#data {
			font-family: "Droid Sans Mono", serif;
			font-size: 13px;
		}
</style>
<link rel="stylesheet" href="tabbedPage.css" TYPE="text/css" MEDIA="screen">
</head>
<body bgcolor=#fbeec1>
<hr>
<table width=100%>
<tr><td align=left>
<h1 align="center">2023 NBA Rankings</h1>
</td>
</tr></table>
<p>
Standings through 03.28.23
<hr>
<center>
<table width=100% border=1><tr>
<td valign=top>
<div class="tabber">
<div class="tabbertab" title="Ken Power Index">
<pre><div id=data>

                                           -------Rating----------------  ----Rank----            
Rank Team                            W-L     KRS    SRS    S-Ix   WRS       S    W    SOS
========================================================================================
  1 Boston                          52-24   0.963   5.8    1.000  0.927     1    2    25   
  2 Milwaukee                       54-21   0.949   4.1    0.898  1.000     4    1    24   
  3 Cleveland                       48-29   0.902   5.5    0.984  0.820     2    6    16   
  4 Denver                          51-24   0.896   3.8    0.879  0.913     6    3    27   
  5 Philadelphia                    49-26   0.895   4.5    0.920  0.871     3    4    21   
  6 Memphis                         48-27   0.853   3.9    0.882  0.823     5    5    30   
  7 Sacramento                      45-30   0.764   2.2    0.775  0.752     8    7    26   
  8 New York                        43-33   0.760   2.9    0.818  0.702     7    8    11   

                                           -------Rating----------------  ----Rank----            
Rank Team                            W-L     KRS    SRS    S-Ix   WRS       S    W    SOS
========================================================================================
  9 Phoenix                         40-35   0.693   1.9    0.758  0.629     9    10   13   
 10 Brooklyn                        40-35   0.677   1.0    0.701  0.653     14   9    2    
 11 Toronto                         38-38   0.641   1.3    0.719  0.562     11   15   12   
 12 Golden State                    40-37   0.634   0.5    0.674  0.594     15   13   17   
 13 New Orleans                     38-38   0.630   1.3    0.724  0.535     10   18   29   
 14 Chicago                         36-39   0.621   1.1    0.711  0.531     12   20   9    
 15 LA Clippers                     40-36   0.620   0.1    0.644  0.596     18   12   28   
 16 Oklahoma City                   37-39   0.618   1.0    0.702  0.533     13   19   18   

                                           -------Rating----------------  ----Rank----            
Rank Team                            W-L     KRS    SRS    S-Ix   WRS       S    W    SOS
========================================================================================
 17 Miami                           40-36   0.613   -0.7   0.597  0.629     22   11   5    
 18 Minnesota                       39-37   0.604   -0.2   0.625  0.583     19   14   19   
 19 Atlanta                         38-38   0.600   0.1    0.645  0.555     17   16   22   
 20 Dallas                          37-39   0.591   0.4    0.662  0.520     16   21   23   
 21 LA Lakers                       37-38   0.583   -0.3   0.620  0.547     20   17   15   
 22 Utah                            35-40   0.537   -0.8   0.589  0.485     23   22   20   
 23 Washington                      34-42   0.535   -0.5   0.608  0.463     21   23   7    
 24 Orlando                         32-44   0.450   -2.3   0.497  0.403     24   25   10   

                                           -------Rating----------------  ----Rank----            
Rank Team                            W-L     KRS    SRS    S-Ix   WRS       S    W    SOS
========================================================================================
 25 Indiana                         33-43   0.447   -2.8   0.462  0.432     26   24   8    
 26 Portland                        32-43   0.443   -2.5   0.483  0.402     25   26   14   
 27 Charlotte                       26-51   0.267   -5.5   0.297  0.238     27   27   4    
 28 Detroit                         16-59   0.092   -7.3   0.184  0.000     28   30   1    
 29 Houston                         18-58   0.083   -8.1   0.134  0.032     29   29   3    
 30 San Antonio                     19-56   0.025   -10.3  0.000  0.051     30   28   6    
</div></pre>
</div>
<div class="tabbertab" title="Points Based">
<pre><div id=data>

                                           -------Rating----------------  ----Rank----            
Rank Team                            W-L     KRS    SRS    S-Ix   WRS       S    W    SOS
========================================================================================
  1 Boston                          52-24   0.963   5.8    1.000  0.927     1    2    25   
  2 Cleveland                       48-29   0.902   5.5    0.984  0.820     2    6    16   
  3 Philadelphia                    49-26   0.895   4.5    0.920  0.871     3    4    21   
  4 Milwaukee                       54-21   0.949   4.1    0.898  1.000     4    1    24   
  5 Memphis                         48-27   0.853   3.9    0.882  0.823     5    5    30   
  6 Denver                          51-24   0.896   3.8    0.879  0.913     6    3    27   
  7 New York                        43-33   0.760   2.9    0.818  0.702     7    8    11   
  8 Sacramento                      45-30   0.764   2.2    0.775  0.752     8    7    26   

                                           -------Rating----------------  ----Rank----            
Rank Team                            W-L     KRS    SRS    S-Ix   WRS       S    W    SOS
========================================================================================
  9 Phoenix                         40-35   0.693   1.9    0.758  0.629     9    10   13   
 10 New Orleans                     38-38   0.630   1.3    0.724  0.535     10   18   29   
 11 Toronto                         38-38   0.641   1.3    0.719  0.562     11   15   12   
 12 Chicago                         36-39   0.621   1.1    0.711  0.531     12   20   9    
 13 Oklahoma City                   37-39   0.618   1.0    0.702  0.533     13   19   18   
 14 Brooklyn                        40-35   0.677   1.0    0.701  0.653     14   9    2    
 15 Golden State                    40-37   0.634   0.5    0.674  0.594     15   13   17   
 16 Dallas                          37-39   0.591   0.4    0.662  0.520     16   21   23   

                                           -------Rating----------------  ----Rank----            
Rank Team                            W-L     KRS    SRS    S-Ix   WRS       S    W    SOS
========================================================================================
 17 Atlanta                         38-38   0.600   0.1    0.645  0.555     17   16   22   
 18 LA Clippers                     40-36   0.620   0.1    0.644  0.596     18   12   28   
 19 Minnesota                       39-37   0.604   -0.2   0.625  0.583     19   14   19   
 20 LA Lakers                       37-38   0.583   -0.3   0.620  0.547     20   17   15   
 21 Washington                      34-42   0.535   -0.5   0.608  0.463     21   23   7    
 22 Miami                           40-36   0.613   -0.7   0.597  0.629     22   11   5    
 23 Utah                            35-40   0.537   -0.8   0.589  0.485     23   22   20   
 24 Orlando                         32-44   0.450   -2.3   0.497  0.403     24   25   10   

                                           -------Rating----------------  ----Rank----            
Rank Team                            W-L     KRS    SRS    S-Ix   WRS       S    W    SOS
========================================================================================
 25 Portland                        32-43   0.443   -2.5   0.483  0.402     25   26   14   
 26 Indiana                         33-43   0.447   -2.8   0.462  0.432     26   24   8    
 27 Charlotte                       26-51   0.267   -5.5   0.297  0.238     27   27   4    
 28 Detroit                         16-59   0.092   -7.3   0.184  0.000     28   30   1    
 29 Houston                         18-58   0.083   -8.1   0.134  0.032     29   29   3    
 30 San Antonio                     19-56   0.025   -10.3  0.000  0.051     30   28   6    
</div></pre>
</div>
<div class="tabbertab" title="Wins Based">
<pre><div id=data>

                                           -------Rating----------------  ----Rank----            
Rank Team                            W-L     KRS    SRS    S-Ix   WRS       S    W    SOS
========================================================================================
  1 Milwaukee                       54-21   0.949   4.1    0.898  1.000     4    1    24   
  2 Boston                          52-24   0.963   5.8    1.000  0.927     1    2    25   
  3 Denver                          51-24   0.896   3.8    0.879  0.913     6    3    27   
  4 Philadelphia                    49-26   0.895   4.5    0.920  0.871     3    4    21   
  5 Memphis                         48-27   0.853   3.9    0.882  0.823     5    5    30   
  6 Cleveland                       48-29   0.902   5.5    0.984  0.820     2    6    16   
  7 Sacramento                      45-30   0.764   2.2    0.775  0.752     8    7    26   
  8 New York                        43-33   0.760   2.9    0.818  0.702     7    8    11   

                                           -------Rating----------------  ----Rank----            
Rank Team                            W-L     KRS    SRS    S-Ix   WRS       S    W    SOS
========================================================================================
  9 Brooklyn                        40-35   0.677   1.0    0.701  0.653     14   9    2    
 10 Phoenix                         40-35   0.693   1.9    0.758  0.629     9    10   13   
 11 Miami                           40-36   0.613   -0.7   0.597  0.629     22   11   5    
 12 LA Clippers                     40-36   0.620   0.1    0.644  0.596     18   12   28   
 13 Golden State                    40-37   0.634   0.5    0.674  0.594     15   13   17   
 14 Minnesota                       39-37   0.604   -0.2   0.625  0.583     19   14   19   
 15 Toronto                         38-38   0.641   1.3    0.719  0.562     11   15   12   
 16 Atlanta                         38-38   0.600   0.1    0.645  0.555     17   16   22   

                                           -------Rating----------------  ----Rank----            
Rank Team                            W-L     KRS    SRS    S-Ix   WRS       S    W    SOS
========================================================================================
 17 LA Lakers                       37-38   0.583   -0.3   0.620  0.547     20   17   15   
 18 New Orleans                     38-38   0.630   1.3    0.724  0.535     10   18   29   
 19 Oklahoma City                   37-39   0.618   1.0    0.702  0.533     13   19   18   
 20 Chicago                         36-39   0.621   1.1    0.711  0.531     12   20   9    
 21 Dallas                          37-39   0.591   0.4    0.662  0.520     16   21   23   
 22 Utah                            35-40   0.537   -0.8   0.589  0.485     23   22   20   
 23 Washington                      34-42   0.535   -0.5   0.608  0.463     21   23   7    
 24 Indiana                         33-43   0.447   -2.8   0.462  0.432     26   24   8    

                                           -------Rating----------------  ----Rank----            
Rank Team                            W-L     KRS    SRS    S-Ix   WRS       S    W    SOS
========================================================================================
 25 Orlando                         32-44   0.450   -2.3   0.497  0.403     24   25   10   
 26 Portland                        32-43   0.443   -2.5   0.483  0.402     25   26   14   
 27 Charlotte                       26-51   0.267   -5.5   0.297  0.238     27   27   4    
 28 San Antonio                     19-56   0.025   -10.3  0.000  0.051     30   28   6    
 29 Houston                         18-58   0.083   -8.1   0.134  0.032     29   29   3    
 30 Detroit                         16-59   0.092   -7.3   0.184  0.000     28   30   1    
</div></pre>
</div>
<div class="tabbertab" title="BCS">
<pre><div id=data>

                                           -------Rating----------------  ----Rank----            
Rank Team                            W-L     KRS    SRS    S-Ix   WRS       S    W    SOS
========================================================================================
  1 Boston                          52-24   0.963   5.8    1.000  0.927     1    2    25   
  2 Milwaukee                       54-21   0.949   4.1    0.898  1.000     4    1    24   
  3 Cleveland                       48-29   0.902   5.5    0.984  0.820     2    6    16   
  4 Denver                          51-24   0.896   3.8    0.879  0.913     6    3    27   
  5 Philadelphia                    49-26   0.895   4.5    0.920  0.871     3    4    21   
  6 Memphis                         48-27   0.853   3.9    0.882  0.823     5    5    30   
  7 Sacramento                      45-30   0.764   2.2    0.775  0.752     8    7    26   
  8 New York                        43-33   0.760   2.9    0.818  0.702     7    8    11   

                                           -------Rating----------------  ----Rank----            
Rank Team                            W-L     KRS    SRS    S-Ix   WRS       S    W    SOS
========================================================================================
  9 Phoenix                         40-35   0.693   1.9    0.758  0.629     9    10   13   
 10 Brooklyn                        40-35   0.677   1.0    0.701  0.653     14   9    2    
 11 Toronto                         38-38   0.641   1.3    0.719  0.562     11   15   12   
 12 Golden State                    40-37   0.634   0.5    0.674  0.594     15   13   17   
 13 New Orleans                     38-38   0.630   1.3    0.724  0.535     10   18   29   
 14 Chicago                         36-39   0.621   1.1    0.711  0.531     12   20   9    
 15 LA Clippers                     40-36   0.620   0.1    0.644  0.596     18   12   28   
 16 Oklahoma City                   37-39   0.618   1.0    0.702  0.533     13   19   18   

                                           -------Rating----------------  ----Rank----            
Rank Team                            W-L     KRS    SRS    S-Ix   WRS       S    W    SOS
========================================================================================
 17 Miami                           40-36   0.613   -0.7   0.597  0.629     22   11   5    
 18 Minnesota                       39-37   0.604   -0.2   0.625  0.583     19   14   19   
 19 Atlanta                         38-38   0.600   0.1    0.645  0.555     17   16   22   
 20 Dallas                          37-39   0.591   0.4    0.662  0.520     16   21   23   
 21 LA Lakers                       37-38   0.583   -0.3   0.620  0.547     20   17   15   
 22 Utah                            35-40   0.537   -0.8   0.589  0.485     23   22   20   
 23 Washington                      34-42   0.535   -0.5   0.608  0.463     21   23   7    
 24 Orlando                         32-44   0.450   -2.3   0.497  0.403     24   25   10   

                                           -------Rating----------------  ----Rank----            
Rank Team                            W-L     KRS    SRS    S-Ix   WRS       S    W    SOS
========================================================================================
 25 Indiana                         33-43   0.447   -2.8   0.462  0.432     26   24   8    
 26 Portland                        32-43   0.443   -2.5   0.483  0.402     25   26   14   
 27 Charlotte                       26-51   0.267   -5.5   0.297  0.238     27   27   4    
 28 Detroit                         16-59   0.092   -7.3   0.184  0.000     28   30   1    
 29 Houston                         18-58   0.083   -8.1   0.134  0.032     29   29   3    
 30 San Antonio                     19-56   0.025   -10.3  0.000  0.051     30   28   6    
</div></pre>
</div>
<div class="tabbertab" title="SOS">
<pre><div id=data>

                                           -------Rating----------------  ----Rank----            
Rank Team                            W-L     KRS    SRS    S-Ix   WRS       S    W    SOS
========================================================================================
  1 Detroit                         16-59   0.092   -7.3   0.184  0.000     28   30   1    
  2 Brooklyn                        40-35   0.677   1.0    0.701  0.653     14   9    2    
  3 Houston                         18-58   0.083   -8.1   0.134  0.032     29   29   3    
  4 Charlotte                       26-51   0.267   -5.5   0.297  0.238     27   27   4    
  5 Miami                           40-36   0.613   -0.7   0.597  0.629     22   11   5    
  6 San Antonio                     19-56   0.025   -10.3  0.000  0.051     30   28   6    
  7 Washington                      34-42   0.535   -0.5   0.608  0.463     21   23   7    
  8 Indiana                         33-43   0.447   -2.8   0.462  0.432     26   24   8    

                                           -------Rating----------------  ----Rank----            
Rank Team                            W-L     KRS    SRS    S-Ix   WRS       S    W    SOS
========================================================================================
  9 Chicago                         36-39   0.621   1.1    0.711  0.531     12   20   9    
 10 Orlando                         32-44   0.450   -2.3   0.497  0.403     24   25   10   
 11 New York                        43-33   0.760   2.9    0.818  0.702     7    8    11   
 12 Toronto                         38-38   0.641   1.3    0.719  0.562     11   15   12   
 13 Phoenix                         40-35   0.693   1.9    0.758  0.629     9    10   13   
 14 Portland                        32-43   0.443   -2.5   0.483  0.402     25   26   14   
 15 LA Lakers                       37-38   0.583   -0.3   0.620  0.547     20   17   15   
 16 Cleveland                       48-29   0.902   5.5    0.984  0.820     2    6    16   

                                           -------Rating----------------  ----Rank----            
Rank Team                            W-L     KRS    SRS    S-Ix   WRS       S    W    SOS
========================================================================================
 17 Golden State                    40-37   0.634   0.5    0.674  0.594     15   13   17   
 18 Oklahoma City                   37-39   0.618   1.0    0.702  0.533     13   19   18   
 19 Minnesota                       39-37   0.604   -0.2   0.625  0.583     19   14   19   
 20 Utah                            35-40   0.537   -0.8   0.589  0.485     23   22   20   
 21 Philadelphia                    49-26   0.895   4.5    0.920  0.871     3    4    21   
 22 Atlanta                         38-38   0.600   0.1    0.645  0.555     17   16   22   
 23 Dallas                          37-39   0.591   0.4    0.662  0.520     16   21   23   
 24 Milwaukee                       54-21   0.949   4.1    0.898  1.000     4    1    24   

                                           -------Rating----------------  ----Rank----            
Rank Team                            W-L     KRS    SRS    S-Ix   WRS       S    W    SOS
========================================================================================
 25 Boston                          52-24   0.963   5.8    1.000  0.927     1    2    25   
 26 Sacramento                      45-30   0.764   2.2    0.775  0.752     8    7    26   
 27 Denver                          51-24   0.896   3.8    0.879  0.913     6    3    27   
 28 LA Clippers                     40-36   0.620   0.1    0.644  0.596     18   12   28   
 29 New Orleans                     38-38   0.630   1.3    0.724  0.535     10   18   29   
 30 Memphis                         48-27   0.853   3.9    0.882  0.823     5    5    30   
</div></pre>
</div>
	</pre>
	</p>
	</span>
</body>
<body>
<h3>Other links</h3>
<h4>Home</h4>
	<ul>
			<li class="listyle"><a href="https://2skupz.github.io/index.html"> Index</a></li>
	</ul>
</body>
