<html>
<head>
<!-- Global Site Tag (gtag.js) - Google Analytics -->
<title>2023 NBA Rankings</title>
<script type="text/javascript" src="tabber.js">
</script>
<link href="https://fonts.googleapis.com/css?family=Roboto+Slab|Droid+Sans+Mono" rel="stylesheet">
<style>
 body {
			font-family: "Roboto Slab", serif;
			font-size: 12px;
			}
#data {
			font-family: "Droid Sans Mono", serif;
			font-size: 13px;
		}
</style>
<link rel="stylesheet" href="tabbedPage.css" TYPE="text/css" MEDIA="screen">
</head>
<body bgcolor=#fbeec1>
<hr>
<table width=100%>
<tr><td align=left>
<h1 align="center">2023 NBA Rankings</h1>
</td>
</tr></table>
<p>
Standings through 12.21.22
<hr>
<center>
<table width=100% border=1><tr>
<td valign=top>
<div class="tabber">
<div class="tabbertab" title="Ken Power Index">
<pre><div id=data>

                                           -------Rating----------------  ----Rank----            
Rank Team                            W-L     KRS    SRS    S-Ix   WRS       S    W    SOS
========================================================================================
  1 Cleveland                       22-11   0.955   6.3    1.000  0.911     1    3    21   
  2 Boston                          22-10   0.934   5.4    0.941  0.927     2    2    22   
  3 Milwaukee                       22-9    0.922   3.9    0.845  1.000     6    1    17   
  4 Memphis                         19-11   0.847   4.0    0.850  0.843     5    4    20   
  5 New Orleans                     18-12   0.840   4.8    0.903  0.777     3    7    16   
  6 Phoenix                         19-13   0.814   4.7    0.894  0.733     4    8    23   
  7 Brooklyn                        20-12   0.771   2.4    0.748  0.794     9    5    19   
  8 Philadelphia                    18-12   0.763   3.3    0.806  0.720     7    9    27   

                                           -------Rating----------------  ----Rank----            
Rank Team                            W-L     KRS    SRS    S-Ix   WRS       S    W    SOS
========================================================================================
  9 New York                        18-14   0.738   3.0    0.787  0.689     8    10   9    
 10 Sacramento                      17-13   0.704   2.1    0.730  0.678     11   11   24   
 11 Denver                          19-11   0.703   0.4    0.623  0.784     14   6    29   
 12 Dallas                          16-16   0.677   2.4    0.746  0.608     10   15   2    
 13 Utah                            18-16   0.661   1.3    0.676  0.646     12   12   6    
 14 Portland                        17-15   0.630   0.4    0.620  0.640     15   14   15   
 15 LA Clippers                     19-14   0.586   -1.0   0.528  0.645     18   13   30   
 16 Atlanta                         16-16   0.526   -1.0   0.528  0.523     19   16   13   

                                           -------Rating----------------  ----Rank----            
Rank Team                            W-L     KRS    SRS    S-Ix   WRS       S    W    SOS
========================================================================================
 17 Minnesota                       16-16   0.523   -1.1   0.523  0.522     21   17   26   
 18 Toronto                         14-18   0.515   0.5    0.624  0.407     13   22   8    
 19 Indiana                         16-16   0.511   -1.3   0.510  0.513     22   18   25   
 20 Oklahoma City                   14-18   0.495   -1.0   0.530  0.460     17   20   5    
 21 Golden State                    15-18   0.491   -1.1   0.526  0.456     20   21   7    
 22 Chicago                         13-18   0.481   -0.6   0.558  0.404     16   23   3    
 23 Miami                           16-16   0.478   -1.9   0.472  0.483     23   19   28   
 24 LA Lakers                       13-18   0.431   -2.0   0.465  0.398     24   24   14   

                                           -------Rating----------------  ----Rank----            
Rank Team                            W-L     KRS    SRS    S-Ix   WRS       S    W    SOS
========================================================================================
 25 Washington                      12-20   0.345   -2.8   0.416  0.274     25   25   12   
 26 Orlando                         12-21   0.318   -3.1   0.395  0.240     26   26   4    
 27 Houston                          9-22   0.169   -5.7   0.227  0.112     27   28   11   
 28 Detroit                          8-26   0.125   -5.8   0.221  0.029     28   29   1    
 29 San Antonio                     10-20   0.089   -9.3   0.000  0.178     30   27   18   
 30 Charlotte                        8-24   0.074   -7.0   0.147  0.000     29   30   10   
</div></pre>
</div>
<div class="tabbertab" title="Points Based">
<pre><div id=data>

                                           -------Rating----------------  ----Rank----            
Rank Team                            W-L     KRS    SRS    S-Ix   WRS       S    W    SOS
========================================================================================
  1 Cleveland                       22-11   0.955   6.3    1.000  0.911     1    3    21   
  2 Boston                          22-10   0.934   5.4    0.941  0.927     2    2    22   
  3 New Orleans                     18-12   0.840   4.8    0.903  0.777     3    7    16   
  4 Phoenix                         19-13   0.814   4.7    0.894  0.733     4    8    23   
  5 Memphis                         19-11   0.847   4.0    0.850  0.843     5    4    20   
  6 Milwaukee                       22-9    0.922   3.9    0.845  1.000     6    1    17   
  7 Philadelphia                    18-12   0.763   3.3    0.806  0.720     7    9    27   
  8 New York                        18-14   0.738   3.0    0.787  0.689     8    10   9    

                                           -------Rating----------------  ----Rank----            
Rank Team                            W-L     KRS    SRS    S-Ix   WRS       S    W    SOS
========================================================================================
  9 Brooklyn                        20-12   0.771   2.4    0.748  0.794     9    5    19   
 10 Dallas                          16-16   0.677   2.4    0.746  0.608     10   15   2    
 11 Sacramento                      17-13   0.704   2.1    0.730  0.678     11   11   24   
 12 Utah                            18-16   0.661   1.3    0.676  0.646     12   12   6    
 13 Toronto                         14-18   0.515   0.5    0.624  0.407     13   22   8    
 14 Denver                          19-11   0.703   0.4    0.623  0.784     14   6    29   
 15 Portland                        17-15   0.630   0.4    0.620  0.640     15   14   15   
 16 Chicago                         13-18   0.481   -0.6   0.558  0.404     16   23   3    

                                           -------Rating----------------  ----Rank----            
Rank Team                            W-L     KRS    SRS    S-Ix   WRS       S    W    SOS
========================================================================================
 17 Oklahoma City                   14-18   0.495   -1.0   0.530  0.460     17   20   5    
 18 LA Clippers                     19-14   0.586   -1.0   0.528  0.645     18   13   30   
 19 Atlanta                         16-16   0.526   -1.0   0.528  0.523     19   16   13   
 20 Golden State                    15-18   0.491   -1.1   0.526  0.456     20   21   7    
 21 Minnesota                       16-16   0.523   -1.1   0.523  0.522     21   17   26   
 22 Indiana                         16-16   0.511   -1.3   0.510  0.513     22   18   25   
 23 Miami                           16-16   0.478   -1.9   0.472  0.483     23   19   28   
 24 LA Lakers                       13-18   0.431   -2.0   0.465  0.398     24   24   14   

                                           -------Rating----------------  ----Rank----            
Rank Team                            W-L     KRS    SRS    S-Ix   WRS       S    W    SOS
========================================================================================
 25 Washington                      12-20   0.345   -2.8   0.416  0.274     25   25   12   
 26 Orlando                         12-21   0.318   -3.1   0.395  0.240     26   26   4    
 27 Houston                          9-22   0.169   -5.7   0.227  0.112     27   28   11   
 28 Detroit                          8-26   0.125   -5.8   0.221  0.029     28   29   1    
 29 Charlotte                        8-24   0.074   -7.0   0.147  0.000     29   30   10   
 30 San Antonio                     10-20   0.089   -9.3   0.000  0.178     30   27   18   
</div></pre>
</div>
<div class="tabbertab" title="Wins Based">
<pre><div id=data>

                                           -------Rating----------------  ----Rank----            
Rank Team                            W-L     KRS    SRS    S-Ix   WRS       S    W    SOS
========================================================================================
  1 Milwaukee                       22-9    0.922   3.9    0.845  1.000     6    1    17   
  2 Boston                          22-10   0.934   5.4    0.941  0.927     2    2    22   
  3 Cleveland                       22-11   0.955   6.3    1.000  0.911     1    3    21   
  4 Memphis                         19-11   0.847   4.0    0.850  0.843     5    4    20   
  5 Brooklyn                        20-12   0.771   2.4    0.748  0.794     9    5    19   
  6 Denver                          19-11   0.703   0.4    0.623  0.784     14   6    29   
  7 New Orleans                     18-12   0.840   4.8    0.903  0.777     3    7    16   
  8 Phoenix                         19-13   0.814   4.7    0.894  0.733     4    8    23   

                                           -------Rating----------------  ----Rank----            
Rank Team                            W-L     KRS    SRS    S-Ix   WRS       S    W    SOS
========================================================================================
  9 Philadelphia                    18-12   0.763   3.3    0.806  0.720     7    9    27   
 10 New York                        18-14   0.738   3.0    0.787  0.689     8    10   9    
 11 Sacramento                      17-13   0.704   2.1    0.730  0.678     11   11   24   
 12 Utah                            18-16   0.661   1.3    0.676  0.646     12   12   6    
 13 LA Clippers                     19-14   0.586   -1.0   0.528  0.645     18   13   30   
 14 Portland                        17-15   0.630   0.4    0.620  0.640     15   14   15   
 15 Dallas                          16-16   0.677   2.4    0.746  0.608     10   15   2    
 16 Atlanta                         16-16   0.526   -1.0   0.528  0.523     19   16   13   

                                           -------Rating----------------  ----Rank----            
Rank Team                            W-L     KRS    SRS    S-Ix   WRS       S    W    SOS
========================================================================================
 17 Minnesota                       16-16   0.523   -1.1   0.523  0.522     21   17   26   
 18 Indiana                         16-16   0.511   -1.3   0.510  0.513     22   18   25   
 19 Miami                           16-16   0.478   -1.9   0.472  0.483     23   19   28   
 20 Oklahoma City                   14-18   0.495   -1.0   0.530  0.460     17   20   5    
 21 Golden State                    15-18   0.491   -1.1   0.526  0.456     20   21   7    
 22 Toronto                         14-18   0.515   0.5    0.624  0.407     13   22   8    
 23 Chicago                         13-18   0.481   -0.6   0.558  0.404     16   23   3    
 24 LA Lakers                       13-18   0.431   -2.0   0.465  0.398     24   24   14   

                                           -------Rating----------------  ----Rank----            
Rank Team                            W-L     KRS    SRS    S-Ix   WRS       S    W    SOS
========================================================================================
 25 Washington                      12-20   0.345   -2.8   0.416  0.274     25   25   12   
 26 Orlando                         12-21   0.318   -3.1   0.395  0.240     26   26   4    
 27 San Antonio                     10-20   0.089   -9.3   0.000  0.178     30   27   18   
 28 Houston                          9-22   0.169   -5.7   0.227  0.112     27   28   11   
 29 Detroit                          8-26   0.125   -5.8   0.221  0.029     28   29   1    
 30 Charlotte                        8-24   0.074   -7.0   0.147  0.000     29   30   10   
</div></pre>
</div>
<div class="tabbertab" title="BCS">
<pre><div id=data>

                                           -------Rating----------------  ----Rank----            
Rank Team                            W-L     KRS    SRS    S-Ix   WRS       S    W    SOS
========================================================================================
  1 Cleveland                       22-11   0.955   6.3    1.000  0.911     1    3    21   
  2 Boston                          22-10   0.934   5.4    0.941  0.927     2    2    22   
  3 Milwaukee                       22-9    0.922   3.9    0.845  1.000     6    1    17   
  4 Memphis                         19-11   0.847   4.0    0.850  0.843     5    4    20   
  5 New Orleans                     18-12   0.840   4.8    0.903  0.777     3    7    16   
  6 Phoenix                         19-13   0.814   4.7    0.894  0.733     4    8    23   
  7 Brooklyn                        20-12   0.771   2.4    0.748  0.794     9    5    19   
  8 Philadelphia                    18-12   0.763   3.3    0.806  0.720     7    9    27   

                                           -------Rating----------------  ----Rank----            
Rank Team                            W-L     KRS    SRS    S-Ix   WRS       S    W    SOS
========================================================================================
  9 New York                        18-14   0.738   3.0    0.787  0.689     8    10   9    
 10 Sacramento                      17-13   0.704   2.1    0.730  0.678     11   11   24   
 11 Denver                          19-11   0.703   0.4    0.623  0.784     14   6    29   
 12 Dallas                          16-16   0.677   2.4    0.746  0.608     10   15   2    
 13 Utah                            18-16   0.661   1.3    0.676  0.646     12   12   6    
 14 Portland                        17-15   0.630   0.4    0.620  0.640     15   14   15   
 15 LA Clippers                     19-14   0.586   -1.0   0.528  0.645     18   13   30   
 16 Atlanta                         16-16   0.526   -1.0   0.528  0.523     19   16   13   

                                           -------Rating----------------  ----Rank----            
Rank Team                            W-L     KRS    SRS    S-Ix   WRS       S    W    SOS
========================================================================================
 17 Minnesota                       16-16   0.523   -1.1   0.523  0.522     21   17   26   
 18 Toronto                         14-18   0.515   0.5    0.624  0.407     13   22   8    
 19 Indiana                         16-16   0.511   -1.3   0.510  0.513     22   18   25   
 20 Oklahoma City                   14-18   0.495   -1.0   0.530  0.460     17   20   5    
 21 Golden State                    15-18   0.491   -1.1   0.526  0.456     20   21   7    
 22 Chicago                         13-18   0.481   -0.6   0.558  0.404     16   23   3    
 23 Miami                           16-16   0.478   -1.9   0.472  0.483     23   19   28   
 24 LA Lakers                       13-18   0.431   -2.0   0.465  0.398     24   24   14   

                                           -------Rating----------------  ----Rank----            
Rank Team                            W-L     KRS    SRS    S-Ix   WRS       S    W    SOS
========================================================================================
 25 Washington                      12-20   0.345   -2.8   0.416  0.274     25   25   12   
 26 Orlando                         12-21   0.318   -3.1   0.395  0.240     26   26   4    
 27 Houston                          9-22   0.169   -5.7   0.227  0.112     27   28   11   
 28 Detroit                          8-26   0.125   -5.8   0.221  0.029     28   29   1    
 29 San Antonio                     10-20   0.089   -9.3   0.000  0.178     30   27   18   
 30 Charlotte                        8-24   0.074   -7.0   0.147  0.000     29   30   10   
</div></pre>
</div>
<div class="tabbertab" title="SOS">
<pre><div id=data>

                                           -------Rating----------------  ----Rank----            
Rank Team                            W-L     KRS    SRS    S-Ix   WRS       S    W    SOS
========================================================================================
  1 Detroit                          8-26   0.125   -5.8   0.221  0.029     28   29   1    
  2 Dallas                          16-16   0.677   2.4    0.746  0.608     10   15   2    
  3 Chicago                         13-18   0.481   -0.6   0.558  0.404     16   23   3    
  4 Orlando                         12-21   0.318   -3.1   0.395  0.240     26   26   4    
  5 Oklahoma City                   14-18   0.495   -1.0   0.530  0.460     17   20   5    
  6 Utah                            18-16   0.661   1.3    0.676  0.646     12   12   6    
  7 Golden State                    15-18   0.491   -1.1   0.526  0.456     20   21   7    
  8 Toronto                         14-18   0.515   0.5    0.624  0.407     13   22   8    

                                           -------Rating----------------  ----Rank----            
Rank Team                            W-L     KRS    SRS    S-Ix   WRS       S    W    SOS
========================================================================================
  9 New York                        18-14   0.738   3.0    0.787  0.689     8    10   9    
 10 Charlotte                        8-24   0.074   -7.0   0.147  0.000     29   30   10   
 11 Houston                          9-22   0.169   -5.7   0.227  0.112     27   28   11   
 12 Washington                      12-20   0.345   -2.8   0.416  0.274     25   25   12   
 13 Atlanta                         16-16   0.526   -1.0   0.528  0.523     19   16   13   
 14 LA Lakers                       13-18   0.431   -2.0   0.465  0.398     24   24   14   
 15 Portland                        17-15   0.630   0.4    0.620  0.640     15   14   15   
 16 New Orleans                     18-12   0.840   4.8    0.903  0.777     3    7    16   

                                           -------Rating----------------  ----Rank----            
Rank Team                            W-L     KRS    SRS    S-Ix   WRS       S    W    SOS
========================================================================================
 17 Milwaukee                       22-9    0.922   3.9    0.845  1.000     6    1    17   
 18 San Antonio                     10-20   0.089   -9.3   0.000  0.178     30   27   18   
 19 Brooklyn                        20-12   0.771   2.4    0.748  0.794     9    5    19   
 20 Memphis                         19-11   0.847   4.0    0.850  0.843     5    4    20   
 21 Cleveland                       22-11   0.955   6.3    1.000  0.911     1    3    21   
 22 Boston                          22-10   0.934   5.4    0.941  0.927     2    2    22   
 23 Phoenix                         19-13   0.814   4.7    0.894  0.733     4    8    23   
 24 Sacramento                      17-13   0.704   2.1    0.730  0.678     11   11   24   

                                           -------Rating----------------  ----Rank----            
Rank Team                            W-L     KRS    SRS    S-Ix   WRS       S    W    SOS
========================================================================================
 25 Indiana                         16-16   0.511   -1.3   0.510  0.513     22   18   25   
 26 Minnesota                       16-16   0.523   -1.1   0.523  0.522     21   17   26   
 27 Philadelphia                    18-12   0.763   3.3    0.806  0.720     7    9    27   
 28 Miami                           16-16   0.478   -1.9   0.472  0.483     23   19   28   
 29 Denver                          19-11   0.703   0.4    0.623  0.784     14   6    29   
 30 LA Clippers                     19-14   0.586   -1.0   0.528  0.645     18   13   30   
</div></pre>
</div>
	</pre>
	</p>
	</span>
</body>
<body>
<h3>Other links</h3>
<h4>Pro</h4>
	<ul>
			<li class="listyle"><a href="https://2skupz.github.io/nflKpi.html"> NFL</a></li>
			<li class="listyle"><a href="https://2skupz.github.io/nbaKpi.html"> NBA</a></li>
			<li class="listyle"><a href="https://2skupz.github.io/nhlKpi.html"> NHL</a></li>
	</ul>
<h4>Football</h4>
	<ul>
			<li class="listyle"><a href="https://2skupz.github.io/fbD1Rankings.html"> Division I</a></li>
			<li class="listyle"><a href="https://2skupz.github.io/fbFBSRankings.html"> Division I - FBS</a></li>
			<li class="listyle"><a href="https://2skupz.github.io/fbFCSRankings.html"> Division I - FCS</a></li>
			<li class="listyle"><a href="https://2skupz.github.io/fbD2Rankings.html"> Division II</a></li>
			<li class="listyle"><a href="https://2skupz.github.io/fbD3Rankings.html"> Division III</a></li>
	</ul>
<h4>Baseball</h4>
	<ul>
			<li class="listyle"><a href="https://2skupz.github.io/mlbPlayoffOdds.html"> MLB Playoff Odds</a></li>
			<li class="listyle"><a href="https://2skupz.github.io/baseD1Rankings.html"> Division 1</a></li>
			<li class="listyle"><a href="https://2skupz.github.io/baseD1Rankings.html"> Division 2</a></li>
			<li class="listyle"><a href="https://2skupz.github.io/baseD1Rankings.html"> Division 3</a></li>
	</ul>
<h4>Men's College Basketball</h4>
	<ul>
			<li class="listyle"><a href="https://2skupz.github.io/d1MbbRankings.html"> Division 1</a></li>
			<li class="listyle"><a href="https://2skupz.github.io/d2MbbRankings.html"> Division 2</a></li>
			<li class="listyle"><a href="https://2skupz.github.io/d3MbbRankings.html"> Division 3</a></li>
			<li class="listyle"><a href="https://2skupz.github.io/uSportMbbRankings.html"> U Sports</a></li>
	</ul>
<h4>Women's College Basketball</h4>
	<ul>
			<li class="listyle"><a href="https://2skupz.github.io/d1WbbRankings.html"> Division 1</a></li>
			<li class="listyle"><a href="https://2skupz.github.io/d2WbbRankings.html"> Division 2</a></li>
			<li class="listyle"><a href="https://2skupz.github.io/d3WbbRankings.html"> Division 3</a></li>
			<li class="listyle"><a href="https://2skupz.github.io/uSportsWbbRankings.html"> U Sports</a></li>
	</ul>
</body>
