<html>
<head>
<!-- Global Site Tag (gtag.js) - Google Analytics -->
<title>2023 NBA Rankings</title>
<script type="text/javascript" src="tabber.js">
</script>
<link href="https://fonts.googleapis.com/css?family=Roboto+Slab|Droid+Sans+Mono" rel="stylesheet">
<style>
 body {
			font-family: "Roboto Slab", serif;
			font-size: 12px;
			}
#data {
			font-family: "Droid Sans Mono", serif;
			font-size: 13px;
		}
</style>
<link rel="stylesheet" href="tabbedPage.css" TYPE="text/css" MEDIA="screen">
</head>
<body bgcolor=#fbeec1>
<hr>
<table width=100%>
<tr><td align=left>
<h1 align="center">2023 NBA Rankings</h1>
</td>
</tr></table>
<p>
Standings through 03.21.23
<hr>
<center>
<table width=100% border=1><tr>
<td valign=top>
<div class="tabber">
<div class="tabbertab" title="Ken Power Index">
<pre><div id=data>

                                           -------Rating----------------  ----Rank----            
Rank Team                            W-L     KRS    SRS    S-Ix   WRS       S    W    SOS
========================================================================================
  1 Boston                          50-23   0.962   5.5    0.993  0.930     2    2    21   
  2 Milwaukee                       51-20   0.943   3.9    0.886  1.000     4    1    15   
  3 Philadelphia                    48-23   0.924   4.7    0.943  0.905     3    3    26   
  4 Cleveland                       46-28   0.908   5.6    1.000  0.816     1    5    13   
  5 Denver                          48-24   0.861   3.3    0.851  0.870     6    4    30   
  6 Memphis                         44-27   0.832   3.7    0.874  0.790     5    6    25   
  7 New York                        42-31   0.775   3.0    0.826  0.724     7    8    5    
  8 Sacramento                      43-29   0.754   2.1    0.769  0.739     8    7    27   

                                           -------Rating----------------  ----Rank----            
Rank Team                            W-L     KRS    SRS    S-Ix   WRS       S    W    SOS
========================================================================================
  9 Phoenix                         38-33   0.681   1.7    0.743  0.619     9    11   18   
 10 Brooklyn                        39-33   0.672   0.8    0.682  0.662     13   9    2    
 11 Oklahoma City                   36-36   0.643   1.5    0.729  0.558     10   13   14   
 12 Miami                           39-34   0.622   -0.3   0.609  0.634     20   10   8    
 13 Toronto                         35-37   0.615   0.9    0.692  0.538     12   17   6    
 14 Chicago                         34-37   0.614   1.1    0.706  0.522     11   21   9    
 15 Dallas                          36-36   0.605   0.5    0.661  0.549     15   15   16   
 16 Golden State                    37-36   0.602   0.3    0.648  0.556     16   14   22   

                                           -------Rating----------------  ----Rank----            
Rank Team                            W-L     KRS    SRS    S-Ix   WRS       S    W    SOS
========================================================================================
 17 LA Clippers                     38-35   0.602   -0.1   0.624  0.579     19   12   29   
 18 New Orleans                     35-37   0.592   0.7    0.678  0.506     14   22   28   
 19 Atlanta                         36-36   0.585   -0.1   0.627  0.544     17   16   24   
 20 Utah                            35-36   0.574   -0.1   0.625  0.523     18   20   23   
 21 Minnesota                       36-37   0.570   -0.3   0.607  0.533     21   18   19   
 22 LA Lakers                       35-37   0.562   -0.5   0.599  0.524     22   19   20   
 23 Washington                      32-40   0.519   -0.6   0.588  0.450     23   23   4    
 24 Portland                        31-40   0.461   -1.9   0.504  0.417     24   25   17   

                                           -------Rating----------------  ----Rank----            
Rank Team                            W-L     KRS    SRS    S-Ix   WRS       S    W    SOS
========================================================================================
 25 Indiana                         32-40   0.459   -2.3   0.476  0.442     25   24   11   
 26 Orlando                         30-43   0.412   -2.7   0.454  0.370     26   26   12   
 27 Charlotte                       23-50   0.217   -5.8   0.246  0.188     27   27   3    
 28 Houston                         18-54   0.083   -7.7   0.125  0.041     29   29   7    
 29 Detroit                         16-57   0.074   -7.3   0.148  0.000     28   30   1    
 30 San Antonio                     19-53   0.028   -9.5   0.000  0.056     30   28   10   
</div></pre>
</div>
<div class="tabbertab" title="Points Based">
<pre><div id=data>

                                           -------Rating----------------  ----Rank----            
Rank Team                            W-L     KRS    SRS    S-Ix   WRS       S    W    SOS
========================================================================================
  1 Cleveland                       46-28   0.908   5.6    1.000  0.816     1    5    13   
  2 Boston                          50-23   0.962   5.5    0.993  0.930     2    2    21   
  3 Philadelphia                    48-23   0.924   4.7    0.943  0.905     3    3    26   
  4 Milwaukee                       51-20   0.943   3.9    0.886  1.000     4    1    15   
  5 Memphis                         44-27   0.832   3.7    0.874  0.790     5    6    25   
  6 Denver                          48-24   0.861   3.3    0.851  0.870     6    4    30   
  7 New York                        42-31   0.775   3.0    0.826  0.724     7    8    5    
  8 Sacramento                      43-29   0.754   2.1    0.769  0.739     8    7    27   

                                           -------Rating----------------  ----Rank----            
Rank Team                            W-L     KRS    SRS    S-Ix   WRS       S    W    SOS
========================================================================================
  9 Phoenix                         38-33   0.681   1.7    0.743  0.619     9    11   18   
 10 Oklahoma City                   36-36   0.643   1.5    0.729  0.558     10   13   14   
 11 Chicago                         34-37   0.614   1.1    0.706  0.522     11   21   9    
 12 Toronto                         35-37   0.615   0.9    0.692  0.538     12   17   6    
 13 Brooklyn                        39-33   0.672   0.8    0.682  0.662     13   9    2    
 14 New Orleans                     35-37   0.592   0.7    0.678  0.506     14   22   28   
 15 Dallas                          36-36   0.605   0.5    0.661  0.549     15   15   16   
 16 Golden State                    37-36   0.602   0.3    0.648  0.556     16   14   22   

                                           -------Rating----------------  ----Rank----            
Rank Team                            W-L     KRS    SRS    S-Ix   WRS       S    W    SOS
========================================================================================
 17 Atlanta                         36-36   0.585   -0.1   0.627  0.544     17   16   24   
 18 Utah                            35-36   0.574   -0.1   0.625  0.523     18   20   23   
 19 LA Clippers                     38-35   0.602   -0.1   0.624  0.579     19   12   29   
 20 Miami                           39-34   0.622   -0.3   0.609  0.634     20   10   8    
 21 Minnesota                       36-37   0.570   -0.3   0.607  0.533     21   18   19   
 22 LA Lakers                       35-37   0.562   -0.5   0.599  0.524     22   19   20   
 23 Washington                      32-40   0.519   -0.6   0.588  0.450     23   23   4    
 24 Portland                        31-40   0.461   -1.9   0.504  0.417     24   25   17   

                                           -------Rating----------------  ----Rank----            
Rank Team                            W-L     KRS    SRS    S-Ix   WRS       S    W    SOS
========================================================================================
 25 Indiana                         32-40   0.459   -2.3   0.476  0.442     25   24   11   
 26 Orlando                         30-43   0.412   -2.7   0.454  0.370     26   26   12   
 27 Charlotte                       23-50   0.217   -5.8   0.246  0.188     27   27   3    
 28 Detroit                         16-57   0.074   -7.3   0.148  0.000     28   30   1    
 29 Houston                         18-54   0.083   -7.7   0.125  0.041     29   29   7    
 30 San Antonio                     19-53   0.028   -9.5   0.000  0.056     30   28   10   
</div></pre>
</div>
<div class="tabbertab" title="Wins Based">
<pre><div id=data>

                                           -------Rating----------------  ----Rank----            
Rank Team                            W-L     KRS    SRS    S-Ix   WRS       S    W    SOS
========================================================================================
  1 Milwaukee                       51-20   0.943   3.9    0.886  1.000     4    1    15   
  2 Boston                          50-23   0.962   5.5    0.993  0.930     2    2    21   
  3 Philadelphia                    48-23   0.924   4.7    0.943  0.905     3    3    26   
  4 Denver                          48-24   0.861   3.3    0.851  0.870     6    4    30   
  5 Cleveland                       46-28   0.908   5.6    1.000  0.816     1    5    13   
  6 Memphis                         44-27   0.832   3.7    0.874  0.790     5    6    25   
  7 Sacramento                      43-29   0.754   2.1    0.769  0.739     8    7    27   
  8 New York                        42-31   0.775   3.0    0.826  0.724     7    8    5    

                                           -------Rating----------------  ----Rank----            
Rank Team                            W-L     KRS    SRS    S-Ix   WRS       S    W    SOS
========================================================================================
  9 Brooklyn                        39-33   0.672   0.8    0.682  0.662     13   9    2    
 10 Miami                           39-34   0.622   -0.3   0.609  0.634     20   10   8    
 11 Phoenix                         38-33   0.681   1.7    0.743  0.619     9    11   18   
 12 LA Clippers                     38-35   0.602   -0.1   0.624  0.579     19   12   29   
 13 Oklahoma City                   36-36   0.643   1.5    0.729  0.558     10   13   14   
 14 Golden State                    37-36   0.602   0.3    0.648  0.556     16   14   22   
 15 Dallas                          36-36   0.605   0.5    0.661  0.549     15   15   16   
 16 Atlanta                         36-36   0.585   -0.1   0.627  0.544     17   16   24   

                                           -------Rating----------------  ----Rank----            
Rank Team                            W-L     KRS    SRS    S-Ix   WRS       S    W    SOS
========================================================================================
 17 Toronto                         35-37   0.615   0.9    0.692  0.538     12   17   6    
 18 Minnesota                       36-37   0.570   -0.3   0.607  0.533     21   18   19   
 19 LA Lakers                       35-37   0.562   -0.5   0.599  0.524     22   19   20   
 20 Utah                            35-36   0.574   -0.1   0.625  0.523     18   20   23   
 21 Chicago                         34-37   0.614   1.1    0.706  0.522     11   21   9    
 22 New Orleans                     35-37   0.592   0.7    0.678  0.506     14   22   28   
 23 Washington                      32-40   0.519   -0.6   0.588  0.450     23   23   4    
 24 Indiana                         32-40   0.459   -2.3   0.476  0.442     25   24   11   

                                           -------Rating----------------  ----Rank----            
Rank Team                            W-L     KRS    SRS    S-Ix   WRS       S    W    SOS
========================================================================================
 25 Portland                        31-40   0.461   -1.9   0.504  0.417     24   25   17   
 26 Orlando                         30-43   0.412   -2.7   0.454  0.370     26   26   12   
 27 Charlotte                       23-50   0.217   -5.8   0.246  0.188     27   27   3    
 28 San Antonio                     19-53   0.028   -9.5   0.000  0.056     30   28   10   
 29 Houston                         18-54   0.083   -7.7   0.125  0.041     29   29   7    
 30 Detroit                         16-57   0.074   -7.3   0.148  0.000     28   30   1    
</div></pre>
</div>
<div class="tabbertab" title="BCS">
<pre><div id=data>

                                           -------Rating----------------  ----Rank----            
Rank Team                            W-L     KRS    SRS    S-Ix   WRS       S    W    SOS
========================================================================================
  1 Boston                          50-23   0.962   5.5    0.993  0.930     2    2    21   
  2 Milwaukee                       51-20   0.943   3.9    0.886  1.000     4    1    15   
  3 Philadelphia                    48-23   0.924   4.7    0.943  0.905     3    3    26   
  4 Cleveland                       46-28   0.908   5.6    1.000  0.816     1    5    13   
  5 Denver                          48-24   0.861   3.3    0.851  0.870     6    4    30   
  6 Memphis                         44-27   0.832   3.7    0.874  0.790     5    6    25   
  7 New York                        42-31   0.775   3.0    0.826  0.724     7    8    5    
  8 Sacramento                      43-29   0.754   2.1    0.769  0.739     8    7    27   

                                           -------Rating----------------  ----Rank----            
Rank Team                            W-L     KRS    SRS    S-Ix   WRS       S    W    SOS
========================================================================================
  9 Phoenix                         38-33   0.681   1.7    0.743  0.619     9    11   18   
 10 Brooklyn                        39-33   0.672   0.8    0.682  0.662     13   9    2    
 11 Oklahoma City                   36-36   0.643   1.5    0.729  0.558     10   13   14   
 12 Miami                           39-34   0.622   -0.3   0.609  0.634     20   10   8    
 13 Toronto                         35-37   0.615   0.9    0.692  0.538     12   17   6    
 14 Chicago                         34-37   0.614   1.1    0.706  0.522     11   21   9    
 15 Dallas                          36-36   0.605   0.5    0.661  0.549     15   15   16   
 16 Golden State                    37-36   0.602   0.3    0.648  0.556     16   14   22   

                                           -------Rating----------------  ----Rank----            
Rank Team                            W-L     KRS    SRS    S-Ix   WRS       S    W    SOS
========================================================================================
 17 LA Clippers                     38-35   0.602   -0.1   0.624  0.579     19   12   29   
 18 New Orleans                     35-37   0.592   0.7    0.678  0.506     14   22   28   
 19 Atlanta                         36-36   0.585   -0.1   0.627  0.544     17   16   24   
 20 Utah                            35-36   0.574   -0.1   0.625  0.523     18   20   23   
 21 Minnesota                       36-37   0.570   -0.3   0.607  0.533     21   18   19   
 22 LA Lakers                       35-37   0.562   -0.5   0.599  0.524     22   19   20   
 23 Washington                      32-40   0.519   -0.6   0.588  0.450     23   23   4    
 24 Portland                        31-40   0.461   -1.9   0.504  0.417     24   25   17   

                                           -------Rating----------------  ----Rank----            
Rank Team                            W-L     KRS    SRS    S-Ix   WRS       S    W    SOS
========================================================================================
 25 Indiana                         32-40   0.459   -2.3   0.476  0.442     25   24   11   
 26 Orlando                         30-43   0.412   -2.7   0.454  0.370     26   26   12   
 27 Charlotte                       23-50   0.217   -5.8   0.246  0.188     27   27   3    
 28 Houston                         18-54   0.083   -7.7   0.125  0.041     29   29   7    
 29 Detroit                         16-57   0.074   -7.3   0.148  0.000     28   30   1    
 30 San Antonio                     19-53   0.028   -9.5   0.000  0.056     30   28   10   
</div></pre>
</div>
<div class="tabbertab" title="SOS">
<pre><div id=data>

                                           -------Rating----------------  ----Rank----            
Rank Team                            W-L     KRS    SRS    S-Ix   WRS       S    W    SOS
========================================================================================
  1 Detroit                         16-57   0.074   -7.3   0.148  0.000     28   30   1    
  2 Brooklyn                        39-33   0.672   0.8    0.682  0.662     13   9    2    
  3 Charlotte                       23-50   0.217   -5.8   0.246  0.188     27   27   3    
  4 Washington                      32-40   0.519   -0.6   0.588  0.450     23   23   4    
  5 New York                        42-31   0.775   3.0    0.826  0.724     7    8    5    
  6 Toronto                         35-37   0.615   0.9    0.692  0.538     12   17   6    
  7 Houston                         18-54   0.083   -7.7   0.125  0.041     29   29   7    
  8 Miami                           39-34   0.622   -0.3   0.609  0.634     20   10   8    

                                           -------Rating----------------  ----Rank----            
Rank Team                            W-L     KRS    SRS    S-Ix   WRS       S    W    SOS
========================================================================================
  9 Chicago                         34-37   0.614   1.1    0.706  0.522     11   21   9    
 10 San Antonio                     19-53   0.028   -9.5   0.000  0.056     30   28   10   
 11 Indiana                         32-40   0.459   -2.3   0.476  0.442     25   24   11   
 12 Orlando                         30-43   0.412   -2.7   0.454  0.370     26   26   12   
 13 Cleveland                       46-28   0.908   5.6    1.000  0.816     1    5    13   
 14 Oklahoma City                   36-36   0.643   1.5    0.729  0.558     10   13   14   
 15 Milwaukee                       51-20   0.943   3.9    0.886  1.000     4    1    15   
 16 Dallas                          36-36   0.605   0.5    0.661  0.549     15   15   16   

                                           -------Rating----------------  ----Rank----            
Rank Team                            W-L     KRS    SRS    S-Ix   WRS       S    W    SOS
========================================================================================
 17 Portland                        31-40   0.461   -1.9   0.504  0.417     24   25   17   
 18 Phoenix                         38-33   0.681   1.7    0.743  0.619     9    11   18   
 19 Minnesota                       36-37   0.570   -0.3   0.607  0.533     21   18   19   
 20 LA Lakers                       35-37   0.562   -0.5   0.599  0.524     22   19   20   
 21 Boston                          50-23   0.962   5.5    0.993  0.930     2    2    21   
 22 Golden State                    37-36   0.602   0.3    0.648  0.556     16   14   22   
 23 Utah                            35-36   0.574   -0.1   0.625  0.523     18   20   23   
 24 Atlanta                         36-36   0.585   -0.1   0.627  0.544     17   16   24   

                                           -------Rating----------------  ----Rank----            
Rank Team                            W-L     KRS    SRS    S-Ix   WRS       S    W    SOS
========================================================================================
 25 Memphis                         44-27   0.832   3.7    0.874  0.790     5    6    25   
 26 Philadelphia                    48-23   0.924   4.7    0.943  0.905     3    3    26   
 27 Sacramento                      43-29   0.754   2.1    0.769  0.739     8    7    27   
 28 New Orleans                     35-37   0.592   0.7    0.678  0.506     14   22   28   
 29 LA Clippers                     38-35   0.602   -0.1   0.624  0.579     19   12   29   
 30 Denver                          48-24   0.861   3.3    0.851  0.870     6    4    30   
</div></pre>
</div>
	</pre>
	</p>
	</span>
</body>
<body>
<h3>Other links</h3>
<h4>Home</h4>
	<ul>
			<li class="listyle"><a href="https://2skupz.github.io/index.html"> Index</a></li>
	</ul>
</body>
