<html>
<head>
<!-- Global Site Tag (gtag.js) - Google Analytics -->
<title>2023 NBA Rankings</title>
<script type="text/javascript" src="tabber.js">
</script>
<link href="https://fonts.googleapis.com/css?family=Roboto+Slab|Droid+Sans+Mono" rel="stylesheet">
<style>
 body {
			font-family: "Roboto Slab", serif;
			font-size: 12px;
			}
#data {
			font-family: "Droid Sans Mono", serif;
			font-size: 13px;
		}
</style>
<link rel="stylesheet" href="tabbedPage.css" TYPE="text/css" MEDIA="screen">
</head>
<body bgcolor=#fbeec1>
<hr>
<table width=100%>
<tr><td align=left>
<h1 align="center">2023 NBA Rankings</h1>
</td>
</tr></table>
<p>
Standings through 12.22.22
<hr>
<center>
<table width=100% border=1><tr>
<td valign=top>
<div class="tabber">
<div class="tabbertab" title="Ken Power Index">
<pre><div id=data>

                                           -------Rating----------------  ----Rank----            
Rank Team                            W-L     KRS    SRS    S-Ix   WRS       S    W    SOS
========================================================================================
  1 Cleveland                       22-11   0.955   6.3    1.000  0.909     1    3    20   
  2 Boston                          22-10   0.932   5.4    0.939  0.925     2    2    21   
  3 Milwaukee                       22-9    0.922   3.9    0.843  1.000     6    1    17   
  4 Memphis                         19-11   0.846   4.0    0.848  0.843     5    4    18   
  5 New Orleans                     19-12   0.844   4.7    0.893  0.796     3    5    22   
  6 Phoenix                         19-13   0.814   4.7    0.893  0.735     4    8    23   
  7 Brooklyn                        20-12   0.768   2.4    0.744  0.792     9    6    19   
  8 Philadelphia                    18-12   0.761   3.3    0.803  0.719     7    9    27   

                                           -------Rating----------------  ----Rank----            
Rank Team                            W-L     KRS    SRS    S-Ix   WRS       S    W    SOS
========================================================================================
  9 New York                        18-14   0.737   3.0    0.785  0.690     8    10   9    
 10 Sacramento                      17-13   0.702   2.1    0.727  0.678     11   11   24   
 11 Denver                          19-11   0.702   0.5    0.620  0.785     14   7    29   
 12 Dallas                          16-16   0.676   2.4    0.743  0.609     10   15   2    
 13 Utah                            19-16   0.674   1.4    0.679  0.669     12   12   7    
 14 Portland                        17-15   0.629   0.4    0.617  0.641     15   14   16   
 15 LA Clippers                     19-14   0.584   -1.0   0.524  0.645     18   13   30   
 16 Atlanta                         16-16   0.524   -1.0   0.523  0.525     19   16   14   

                                           -------Rating----------------  ----Rank----            
Rank Team                            W-L     KRS    SRS    S-Ix   WRS       S    W    SOS
========================================================================================
 17 Minnesota                       16-16   0.521   -1.1   0.519  0.522     21   17   25   
 18 Toronto                         14-18   0.514   0.5    0.620  0.408     13   22   8    
 19 Indiana                         16-16   0.508   -1.3   0.504  0.512     22   18   26   
 20 Oklahoma City                   14-18   0.493   -1.0   0.525  0.460     17   20   5    
 21 Golden State                    15-18   0.490   -1.1   0.521  0.458     20   21   6    
 22 Chicago                         13-18   0.479   -0.6   0.552  0.405     16   23   3    
 23 Miami                           16-16   0.474   -1.9   0.467  0.481     23   19   28   
 24 LA Lakers                       13-18   0.429   -2.0   0.460  0.398     24   24   15   

                                           -------Rating----------------  ----Rank----            
Rank Team                            W-L     KRS    SRS    S-Ix   WRS       S    W    SOS
========================================================================================
 25 Washington                      12-21   0.327   -2.9   0.402  0.252     25   25   12   
 26 Orlando                         12-21   0.315   -3.1   0.389  0.241     26   26   4    
 27 Houston                          9-22   0.168   -5.7   0.220  0.115     27   28   11   
 28 Detroit                          8-26   0.122   -5.8   0.213  0.032     28   29   1    
 29 San Antonio                     10-21   0.082   -9.1   0.000  0.163     30   27   13   
 30 Charlotte                        8-24   0.069   -7.0   0.138  0.000     29   30   10   
</div></pre>
</div>
<div class="tabbertab" title="Points Based">
<pre><div id=data>

                                           -------Rating----------------  ----Rank----            
Rank Team                            W-L     KRS    SRS    S-Ix   WRS       S    W    SOS
========================================================================================
  1 Cleveland                       22-11   0.955   6.3    1.000  0.909     1    3    20   
  2 Boston                          22-10   0.932   5.4    0.939  0.925     2    2    21   
  3 New Orleans                     19-12   0.844   4.7    0.893  0.796     3    5    22   
  4 Phoenix                         19-13   0.814   4.7    0.893  0.735     4    8    23   
  5 Memphis                         19-11   0.846   4.0    0.848  0.843     5    4    18   
  6 Milwaukee                       22-9    0.922   3.9    0.843  1.000     6    1    17   
  7 Philadelphia                    18-12   0.761   3.3    0.803  0.719     7    9    27   
  8 New York                        18-14   0.737   3.0    0.785  0.690     8    10   9    

                                           -------Rating----------------  ----Rank----            
Rank Team                            W-L     KRS    SRS    S-Ix   WRS       S    W    SOS
========================================================================================
  9 Brooklyn                        20-12   0.768   2.4    0.744  0.792     9    6    19   
 10 Dallas                          16-16   0.676   2.4    0.743  0.609     10   15   2    
 11 Sacramento                      17-13   0.702   2.1    0.727  0.678     11   11   24   
 12 Utah                            19-16   0.674   1.4    0.679  0.669     12   12   7    
 13 Toronto                         14-18   0.514   0.5    0.620  0.408     13   22   8    
 14 Denver                          19-11   0.702   0.5    0.620  0.785     14   7    29   
 15 Portland                        17-15   0.629   0.4    0.617  0.641     15   14   16   
 16 Chicago                         13-18   0.479   -0.6   0.552  0.405     16   23   3    

                                           -------Rating----------------  ----Rank----            
Rank Team                            W-L     KRS    SRS    S-Ix   WRS       S    W    SOS
========================================================================================
 17 Oklahoma City                   14-18   0.493   -1.0   0.525  0.460     17   20   5    
 18 LA Clippers                     19-14   0.584   -1.0   0.524  0.645     18   13   30   
 19 Atlanta                         16-16   0.524   -1.0   0.523  0.525     19   16   14   
 20 Golden State                    15-18   0.490   -1.1   0.521  0.458     20   21   6    
 21 Minnesota                       16-16   0.521   -1.1   0.519  0.522     21   17   25   
 22 Indiana                         16-16   0.508   -1.3   0.504  0.512     22   18   26   
 23 Miami                           16-16   0.474   -1.9   0.467  0.481     23   19   28   
 24 LA Lakers                       13-18   0.429   -2.0   0.460  0.398     24   24   15   

                                           -------Rating----------------  ----Rank----            
Rank Team                            W-L     KRS    SRS    S-Ix   WRS       S    W    SOS
========================================================================================
 25 Washington                      12-21   0.327   -2.9   0.402  0.252     25   25   12   
 26 Orlando                         12-21   0.315   -3.1   0.389  0.241     26   26   4    
 27 Houston                          9-22   0.168   -5.7   0.220  0.115     27   28   11   
 28 Detroit                          8-26   0.122   -5.8   0.213  0.032     28   29   1    
 29 Charlotte                        8-24   0.069   -7.0   0.138  0.000     29   30   10   
 30 San Antonio                     10-21   0.082   -9.1   0.000  0.163     30   27   13   
</div></pre>
</div>
<div class="tabbertab" title="Wins Based">
<pre><div id=data>

                                           -------Rating----------------  ----Rank----            
Rank Team                            W-L     KRS    SRS    S-Ix   WRS       S    W    SOS
========================================================================================
  1 Milwaukee                       22-9    0.922   3.9    0.843  1.000     6    1    17   
  2 Boston                          22-10   0.932   5.4    0.939  0.925     2    2    21   
  3 Cleveland                       22-11   0.955   6.3    1.000  0.909     1    3    20   
  4 Memphis                         19-11   0.846   4.0    0.848  0.843     5    4    18   
  5 New Orleans                     19-12   0.844   4.7    0.893  0.796     3    5    22   
  6 Brooklyn                        20-12   0.768   2.4    0.744  0.792     9    6    19   
  7 Denver                          19-11   0.702   0.5    0.620  0.785     14   7    29   
  8 Phoenix                         19-13   0.814   4.7    0.893  0.735     4    8    23   

                                           -------Rating----------------  ----Rank----            
Rank Team                            W-L     KRS    SRS    S-Ix   WRS       S    W    SOS
========================================================================================
  9 Philadelphia                    18-12   0.761   3.3    0.803  0.719     7    9    27   
 10 New York                        18-14   0.737   3.0    0.785  0.690     8    10   9    
 11 Sacramento                      17-13   0.702   2.1    0.727  0.678     11   11   24   
 12 Utah                            19-16   0.674   1.4    0.679  0.669     12   12   7    
 13 LA Clippers                     19-14   0.584   -1.0   0.524  0.645     18   13   30   
 14 Portland                        17-15   0.629   0.4    0.617  0.641     15   14   16   
 15 Dallas                          16-16   0.676   2.4    0.743  0.609     10   15   2    
 16 Atlanta                         16-16   0.524   -1.0   0.523  0.525     19   16   14   

                                           -------Rating----------------  ----Rank----            
Rank Team                            W-L     KRS    SRS    S-Ix   WRS       S    W    SOS
========================================================================================
 17 Minnesota                       16-16   0.521   -1.1   0.519  0.522     21   17   25   
 18 Indiana                         16-16   0.508   -1.3   0.504  0.512     22   18   26   
 19 Miami                           16-16   0.474   -1.9   0.467  0.481     23   19   28   
 20 Oklahoma City                   14-18   0.493   -1.0   0.525  0.460     17   20   5    
 21 Golden State                    15-18   0.490   -1.1   0.521  0.458     20   21   6    
 22 Toronto                         14-18   0.514   0.5    0.620  0.408     13   22   8    
 23 Chicago                         13-18   0.479   -0.6   0.552  0.405     16   23   3    
 24 LA Lakers                       13-18   0.429   -2.0   0.460  0.398     24   24   15   

                                           -------Rating----------------  ----Rank----            
Rank Team                            W-L     KRS    SRS    S-Ix   WRS       S    W    SOS
========================================================================================
 25 Washington                      12-21   0.327   -2.9   0.402  0.252     25   25   12   
 26 Orlando                         12-21   0.315   -3.1   0.389  0.241     26   26   4    
 27 San Antonio                     10-21   0.082   -9.1   0.000  0.163     30   27   13   
 28 Houston                          9-22   0.168   -5.7   0.220  0.115     27   28   11   
 29 Detroit                          8-26   0.122   -5.8   0.213  0.032     28   29   1    
 30 Charlotte                        8-24   0.069   -7.0   0.138  0.000     29   30   10   
</div></pre>
</div>
<div class="tabbertab" title="BCS">
<pre><div id=data>

                                           -------Rating----------------  ----Rank----            
Rank Team                            W-L     KRS    SRS    S-Ix   WRS       S    W    SOS
========================================================================================
  1 Cleveland                       22-11   0.955   6.3    1.000  0.909     1    3    20   
  2 Boston                          22-10   0.932   5.4    0.939  0.925     2    2    21   
  3 Milwaukee                       22-9    0.922   3.9    0.843  1.000     6    1    17   
  4 Memphis                         19-11   0.846   4.0    0.848  0.843     5    4    18   
  5 New Orleans                     19-12   0.844   4.7    0.893  0.796     3    5    22   
  6 Phoenix                         19-13   0.814   4.7    0.893  0.735     4    8    23   
  7 Brooklyn                        20-12   0.768   2.4    0.744  0.792     9    6    19   
  8 Philadelphia                    18-12   0.761   3.3    0.803  0.719     7    9    27   

                                           -------Rating----------------  ----Rank----            
Rank Team                            W-L     KRS    SRS    S-Ix   WRS       S    W    SOS
========================================================================================
  9 New York                        18-14   0.737   3.0    0.785  0.690     8    10   9    
 10 Sacramento                      17-13   0.702   2.1    0.727  0.678     11   11   24   
 11 Denver                          19-11   0.702   0.5    0.620  0.785     14   7    29   
 12 Dallas                          16-16   0.676   2.4    0.743  0.609     10   15   2    
 13 Utah                            19-16   0.674   1.4    0.679  0.669     12   12   7    
 14 Portland                        17-15   0.629   0.4    0.617  0.641     15   14   16   
 15 LA Clippers                     19-14   0.584   -1.0   0.524  0.645     18   13   30   
 16 Atlanta                         16-16   0.524   -1.0   0.523  0.525     19   16   14   

                                           -------Rating----------------  ----Rank----            
Rank Team                            W-L     KRS    SRS    S-Ix   WRS       S    W    SOS
========================================================================================
 17 Minnesota                       16-16   0.521   -1.1   0.519  0.522     21   17   25   
 18 Toronto                         14-18   0.514   0.5    0.620  0.408     13   22   8    
 19 Indiana                         16-16   0.508   -1.3   0.504  0.512     22   18   26   
 20 Oklahoma City                   14-18   0.493   -1.0   0.525  0.460     17   20   5    
 21 Golden State                    15-18   0.490   -1.1   0.521  0.458     20   21   6    
 22 Chicago                         13-18   0.479   -0.6   0.552  0.405     16   23   3    
 23 Miami                           16-16   0.474   -1.9   0.467  0.481     23   19   28   
 24 LA Lakers                       13-18   0.429   -2.0   0.460  0.398     24   24   15   

                                           -------Rating----------------  ----Rank----            
Rank Team                            W-L     KRS    SRS    S-Ix   WRS       S    W    SOS
========================================================================================
 25 Washington                      12-21   0.327   -2.9   0.402  0.252     25   25   12   
 26 Orlando                         12-21   0.315   -3.1   0.389  0.241     26   26   4    
 27 Houston                          9-22   0.168   -5.7   0.220  0.115     27   28   11   
 28 Detroit                          8-26   0.122   -5.8   0.213  0.032     28   29   1    
 29 San Antonio                     10-21   0.082   -9.1   0.000  0.163     30   27   13   
 30 Charlotte                        8-24   0.069   -7.0   0.138  0.000     29   30   10   
</div></pre>
</div>
<div class="tabbertab" title="SOS">
<pre><div id=data>

                                           -------Rating----------------  ----Rank----            
Rank Team                            W-L     KRS    SRS    S-Ix   WRS       S    W    SOS
========================================================================================
  1 Detroit                          8-26   0.122   -5.8   0.213  0.032     28   29   1    
  2 Dallas                          16-16   0.676   2.4    0.743  0.609     10   15   2    
  3 Chicago                         13-18   0.479   -0.6   0.552  0.405     16   23   3    
  4 Orlando                         12-21   0.315   -3.1   0.389  0.241     26   26   4    
  5 Oklahoma City                   14-18   0.493   -1.0   0.525  0.460     17   20   5    
  6 Golden State                    15-18   0.490   -1.1   0.521  0.458     20   21   6    
  7 Utah                            19-16   0.674   1.4    0.679  0.669     12   12   7    
  8 Toronto                         14-18   0.514   0.5    0.620  0.408     13   22   8    

                                           -------Rating----------------  ----Rank----            
Rank Team                            W-L     KRS    SRS    S-Ix   WRS       S    W    SOS
========================================================================================
  9 New York                        18-14   0.737   3.0    0.785  0.690     8    10   9    
 10 Charlotte                        8-24   0.069   -7.0   0.138  0.000     29   30   10   
 11 Houston                          9-22   0.168   -5.7   0.220  0.115     27   28   11   
 12 Washington                      12-21   0.327   -2.9   0.402  0.252     25   25   12   
 13 San Antonio                     10-21   0.082   -9.1   0.000  0.163     30   27   13   
 14 Atlanta                         16-16   0.524   -1.0   0.523  0.525     19   16   14   
 15 LA Lakers                       13-18   0.429   -2.0   0.460  0.398     24   24   15   
 16 Portland                        17-15   0.629   0.4    0.617  0.641     15   14   16   

                                           -------Rating----------------  ----Rank----            
Rank Team                            W-L     KRS    SRS    S-Ix   WRS       S    W    SOS
========================================================================================
 17 Milwaukee                       22-9    0.922   3.9    0.843  1.000     6    1    17   
 18 Memphis                         19-11   0.846   4.0    0.848  0.843     5    4    18   
 19 Brooklyn                        20-12   0.768   2.4    0.744  0.792     9    6    19   
 20 Cleveland                       22-11   0.955   6.3    1.000  0.909     1    3    20   
 21 Boston                          22-10   0.932   5.4    0.939  0.925     2    2    21   
 22 New Orleans                     19-12   0.844   4.7    0.893  0.796     3    5    22   
 23 Phoenix                         19-13   0.814   4.7    0.893  0.735     4    8    23   
 24 Sacramento                      17-13   0.702   2.1    0.727  0.678     11   11   24   

                                           -------Rating----------------  ----Rank----            
Rank Team                            W-L     KRS    SRS    S-Ix   WRS       S    W    SOS
========================================================================================
 25 Minnesota                       16-16   0.521   -1.1   0.519  0.522     21   17   25   
 26 Indiana                         16-16   0.508   -1.3   0.504  0.512     22   18   26   
 27 Philadelphia                    18-12   0.761   3.3    0.803  0.719     7    9    27   
 28 Miami                           16-16   0.474   -1.9   0.467  0.481     23   19   28   
 29 Denver                          19-11   0.702   0.5    0.620  0.785     14   7    29   
 30 LA Clippers                     19-14   0.584   -1.0   0.524  0.645     18   13   30   
</div></pre>
</div>
	</pre>
	</p>
	</span>
</body>
<body>
<h3>Other links</h3>
<h4>Pro</h4>
	<ul>
			<li class="listyle"><a href="https://2skupz.github.io/nflKpi.html"> NFL</a></li>
			<li class="listyle"><a href="https://2skupz.github.io/nbaKpi.html"> NBA</a></li>
			<li class="listyle"><a href="https://2skupz.github.io/nhlKpi.html"> NHL</a></li>
	</ul>
<h4>Football</h4>
	<ul>
			<li class="listyle"><a href="https://2skupz.github.io/fbD1Rankings.html"> Division I</a></li>
			<li class="listyle"><a href="https://2skupz.github.io/fbFBSRankings.html"> Division I - FBS</a></li>
			<li class="listyle"><a href="https://2skupz.github.io/fbFCSRankings.html"> Division I - FCS</a></li>
			<li class="listyle"><a href="https://2skupz.github.io/fbD2Rankings.html"> Division II</a></li>
			<li class="listyle"><a href="https://2skupz.github.io/fbD3Rankings.html"> Division III</a></li>
	</ul>
<h4>Baseball</h4>
	<ul>
			<li class="listyle"><a href="https://2skupz.github.io/mlbPlayoffOdds.html"> MLB Playoff Odds</a></li>
			<li class="listyle"><a href="https://2skupz.github.io/baseD1Rankings.html"> Division 1</a></li>
			<li class="listyle"><a href="https://2skupz.github.io/baseD1Rankings.html"> Division 2</a></li>
			<li class="listyle"><a href="https://2skupz.github.io/baseD1Rankings.html"> Division 3</a></li>
	</ul>
<h4>Men's College Basketball</h4>
	<ul>
			<li class="listyle"><a href="https://2skupz.github.io/d1MbbRankings.html"> Division 1</a></li>
			<li class="listyle"><a href="https://2skupz.github.io/d2MbbRankings.html"> Division 2</a></li>
			<li class="listyle"><a href="https://2skupz.github.io/d3MbbRankings.html"> Division 3</a></li>
			<li class="listyle"><a href="https://2skupz.github.io/uSportMbbRankings.html"> U Sports</a></li>
	</ul>
<h4>Women's College Basketball</h4>
	<ul>
			<li class="listyle"><a href="https://2skupz.github.io/d1WbbRankings.html"> Division 1</a></li>
			<li class="listyle"><a href="https://2skupz.github.io/d2WbbRankings.html"> Division 2</a></li>
			<li class="listyle"><a href="https://2skupz.github.io/d3WbbRankings.html"> Division 3</a></li>
			<li class="listyle"><a href="https://2skupz.github.io/uSportsWbbRankings.html"> U Sports</a></li>
	</ul>
</body>
