<html>
<head>
<!-- Global Site Tag (gtag.js) - Google Analytics -->
<title>2023 NBA Rankings</title>
<script type="text/javascript" src="tabber.js">
</script>
<link href="https://fonts.googleapis.com/css?family=Roboto+Slab|Droid+Sans+Mono" rel="stylesheet">
<style>
 body {
			font-family: "Roboto Slab", serif;
			font-size: 12px;
			}
#data {
			font-family: "Droid Sans Mono", serif;
			font-size: 13px;
		}
</style>
<link rel="stylesheet" href="tabbedPage.css" TYPE="text/css" MEDIA="screen">
</head>
<body bgcolor=#fbeec1>
<hr>
<table width=100%>
<tr><td align=left>
<h1 align="center">2023 NBA Rankings</h1>
</td>
</tr></table>
<p>
Standings through 03.19.23
<hr>
<center>
<table width=100% border=1><tr>
<td valign=top>
<div class="tabber">
<div class="tabbertab" title="Ken Power Index">
<pre><div id=data>

                                           -------Rating----------------  ----Rank----            
Rank Team                            W-L     KRS    SRS    S-Ix   WRS       S    W    SOS
========================================================================================
  1 Boston                          49-23   0.946   5.2    0.976  0.917     2    3    23   
  2 Milwaukee                       51-20   0.942   3.9    0.884  1.000     4    1    16   
  3 Philadelphia                    48-22   0.937   4.8    0.950  0.924     3    2    27   
  4 Cleveland                       45-28   0.901   5.6    1.000  0.802     1    5    13   
  5 Denver                          48-24   0.858   3.3    0.848  0.868     6    4    30   
  6 Memphis                         43-27   0.824   3.7    0.872  0.777     5    6    25   
  7 New York                        42-30   0.785   3.1    0.831  0.739     7    8    5    
  8 Sacramento                      43-27   0.780   2.5    0.793  0.766     8    7    29   

                                           -------Rating----------------  ----Rank----            
Rank Team                            W-L     KRS    SRS    S-Ix   WRS       S    W    SOS
========================================================================================
  9 Phoenix                         38-33   0.677   1.7    0.737  0.616     9    11   18   
 10 Brooklyn                        39-32   0.675   0.8    0.676  0.673     13   9    3    
 11 Oklahoma City                   35-36   0.631   1.5    0.723  0.539     10   15   14   
 12 Miami                           39-34   0.615   -0.3   0.600  0.631     19   10   9    
 13 Toronto                         35-37   0.610   0.9    0.686  0.534     12   16   6    
 14 Dallas                          36-35   0.606   0.5    0.655  0.557     14   13   20   
 15 LA Clippers                     38-34   0.604   -0.1   0.617  0.592     17   12   28   
 16 Chicago                         33-37   0.596   1.0    0.693  0.499     11   21   11   

                                           -------Rating----------------  ----Rank----            
Rank Team                            W-L     KRS    SRS    S-Ix   WRS       S    W    SOS
========================================================================================
 17 Golden State                    36-36   0.590   0.2    0.635  0.545     16   14   15   
 18 New Orleans                     34-37   0.571   0.4    0.649  0.494     15   22   24   
 19 Atlanta                         35-36   0.566   -0.4   0.599  0.533     20   17   21   
 20 LA Lakers                       35-37   0.557   -0.5   0.592  0.522     21   18   19   
 21 Utah                            34-36   0.555   -0.2   0.608  0.502     18   20   26   
 22 Minnesota                       35-37   0.552   -0.5   0.591  0.513     22   19   22   
 23 Washington                      32-39   0.526   -0.5   0.589  0.462     23   23   4    
 24 Indiana                         32-39   0.465   -2.2   0.473  0.457     25   24   8    

                                           -------Rating----------------  ----Rank----            
Rank Team                            W-L     KRS    SRS    S-Ix   WRS       S    W    SOS
========================================================================================
 25 Portland                        31-40   0.453   -1.9   0.493  0.413     24   25   17   
 26 Orlando                         29-43   0.390   -2.8   0.431  0.350     26   26   12   
 27 Charlotte                       22-50   0.192   -6.0   0.220  0.165     27   27   2    
 28 Houston                         18-53   0.076   -7.6   0.110  0.042     29   29   7    
 29 Detroit                         16-56   0.074   -7.0   0.148  0.000     28   30   1    
 30 San Antonio                     19-52   0.029   -9.2   0.000  0.058     30   28   10   
</div></pre>
</div>
<div class="tabbertab" title="Points Based">
<pre><div id=data>

                                           -------Rating----------------  ----Rank----            
Rank Team                            W-L     KRS    SRS    S-Ix   WRS       S    W    SOS
========================================================================================
  1 Cleveland                       45-28   0.901   5.6    1.000  0.802     1    5    13   
  2 Boston                          49-23   0.946   5.2    0.976  0.917     2    3    23   
  3 Philadelphia                    48-22   0.937   4.8    0.950  0.924     3    2    27   
  4 Milwaukee                       51-20   0.942   3.9    0.884  1.000     4    1    16   
  5 Memphis                         43-27   0.824   3.7    0.872  0.777     5    6    25   
  6 Denver                          48-24   0.858   3.3    0.848  0.868     6    4    30   
  7 New York                        42-30   0.785   3.1    0.831  0.739     7    8    5    
  8 Sacramento                      43-27   0.780   2.5    0.793  0.766     8    7    29   

                                           -------Rating----------------  ----Rank----            
Rank Team                            W-L     KRS    SRS    S-Ix   WRS       S    W    SOS
========================================================================================
  9 Phoenix                         38-33   0.677   1.7    0.737  0.616     9    11   18   
 10 Oklahoma City                   35-36   0.631   1.5    0.723  0.539     10   15   14   
 11 Chicago                         33-37   0.596   1.0    0.693  0.499     11   21   11   
 12 Toronto                         35-37   0.610   0.9    0.686  0.534     12   16   6    
 13 Brooklyn                        39-32   0.675   0.8    0.676  0.673     13   9    3    
 14 Dallas                          36-35   0.606   0.5    0.655  0.557     14   13   20   
 15 New Orleans                     34-37   0.571   0.4    0.649  0.494     15   22   24   
 16 Golden State                    36-36   0.590   0.2    0.635  0.545     16   14   15   

                                           -------Rating----------------  ----Rank----            
Rank Team                            W-L     KRS    SRS    S-Ix   WRS       S    W    SOS
========================================================================================
 17 LA Clippers                     38-34   0.604   -0.1   0.617  0.592     17   12   28   
 18 Utah                            34-36   0.555   -0.2   0.608  0.502     18   20   26   
 19 Miami                           39-34   0.615   -0.3   0.600  0.631     19   10   9    
 20 Atlanta                         35-36   0.566   -0.4   0.599  0.533     20   17   21   
 21 LA Lakers                       35-37   0.557   -0.5   0.592  0.522     21   18   19   
 22 Minnesota                       35-37   0.552   -0.5   0.591  0.513     22   19   22   
 23 Washington                      32-39   0.526   -0.5   0.589  0.462     23   23   4    
 24 Portland                        31-40   0.453   -1.9   0.493  0.413     24   25   17   

                                           -------Rating----------------  ----Rank----            
Rank Team                            W-L     KRS    SRS    S-Ix   WRS       S    W    SOS
========================================================================================
 25 Indiana                         32-39   0.465   -2.2   0.473  0.457     25   24   8    
 26 Orlando                         29-43   0.390   -2.8   0.431  0.350     26   26   12   
 27 Charlotte                       22-50   0.192   -6.0   0.220  0.165     27   27   2    
 28 Detroit                         16-56   0.074   -7.0   0.148  0.000     28   30   1    
 29 Houston                         18-53   0.076   -7.6   0.110  0.042     29   29   7    
 30 San Antonio                     19-52   0.029   -9.2   0.000  0.058     30   28   10   
</div></pre>
</div>
<div class="tabbertab" title="Wins Based">
<pre><div id=data>

                                           -------Rating----------------  ----Rank----            
Rank Team                            W-L     KRS    SRS    S-Ix   WRS       S    W    SOS
========================================================================================
  1 Milwaukee                       51-20   0.942   3.9    0.884  1.000     4    1    16   
  2 Philadelphia                    48-22   0.937   4.8    0.950  0.924     3    2    27   
  3 Boston                          49-23   0.946   5.2    0.976  0.917     2    3    23   
  4 Denver                          48-24   0.858   3.3    0.848  0.868     6    4    30   
  5 Cleveland                       45-28   0.901   5.6    1.000  0.802     1    5    13   
  6 Memphis                         43-27   0.824   3.7    0.872  0.777     5    6    25   
  7 Sacramento                      43-27   0.780   2.5    0.793  0.766     8    7    29   
  8 New York                        42-30   0.785   3.1    0.831  0.739     7    8    5    

                                           -------Rating----------------  ----Rank----            
Rank Team                            W-L     KRS    SRS    S-Ix   WRS       S    W    SOS
========================================================================================
  9 Brooklyn                        39-32   0.675   0.8    0.676  0.673     13   9    3    
 10 Miami                           39-34   0.615   -0.3   0.600  0.631     19   10   9    
 11 Phoenix                         38-33   0.677   1.7    0.737  0.616     9    11   18   
 12 LA Clippers                     38-34   0.604   -0.1   0.617  0.592     17   12   28   
 13 Dallas                          36-35   0.606   0.5    0.655  0.557     14   13   20   
 14 Golden State                    36-36   0.590   0.2    0.635  0.545     16   14   15   
 15 Oklahoma City                   35-36   0.631   1.5    0.723  0.539     10   15   14   
 16 Toronto                         35-37   0.610   0.9    0.686  0.534     12   16   6    

                                           -------Rating----------------  ----Rank----            
Rank Team                            W-L     KRS    SRS    S-Ix   WRS       S    W    SOS
========================================================================================
 17 Atlanta                         35-36   0.566   -0.4   0.599  0.533     20   17   21   
 18 LA Lakers                       35-37   0.557   -0.5   0.592  0.522     21   18   19   
 19 Minnesota                       35-37   0.552   -0.5   0.591  0.513     22   19   22   
 20 Utah                            34-36   0.555   -0.2   0.608  0.502     18   20   26   
 21 Chicago                         33-37   0.596   1.0    0.693  0.499     11   21   11   
 22 New Orleans                     34-37   0.571   0.4    0.649  0.494     15   22   24   
 23 Washington                      32-39   0.526   -0.5   0.589  0.462     23   23   4    
 24 Indiana                         32-39   0.465   -2.2   0.473  0.457     25   24   8    

                                           -------Rating----------------  ----Rank----            
Rank Team                            W-L     KRS    SRS    S-Ix   WRS       S    W    SOS
========================================================================================
 25 Portland                        31-40   0.453   -1.9   0.493  0.413     24   25   17   
 26 Orlando                         29-43   0.390   -2.8   0.431  0.350     26   26   12   
 27 Charlotte                       22-50   0.192   -6.0   0.220  0.165     27   27   2    
 28 San Antonio                     19-52   0.029   -9.2   0.000  0.058     30   28   10   
 29 Houston                         18-53   0.076   -7.6   0.110  0.042     29   29   7    
 30 Detroit                         16-56   0.074   -7.0   0.148  0.000     28   30   1    
</div></pre>
</div>
<div class="tabbertab" title="BCS">
<pre><div id=data>

                                           -------Rating----------------  ----Rank----            
Rank Team                            W-L     KRS    SRS    S-Ix   WRS       S    W    SOS
========================================================================================
  1 Boston                          49-23   0.946   5.2    0.976  0.917     2    3    23   
  2 Milwaukee                       51-20   0.942   3.9    0.884  1.000     4    1    16   
  3 Philadelphia                    48-22   0.937   4.8    0.950  0.924     3    2    27   
  4 Cleveland                       45-28   0.901   5.6    1.000  0.802     1    5    13   
  5 Denver                          48-24   0.858   3.3    0.848  0.868     6    4    30   
  6 Memphis                         43-27   0.824   3.7    0.872  0.777     5    6    25   
  7 New York                        42-30   0.785   3.1    0.831  0.739     7    8    5    
  8 Sacramento                      43-27   0.780   2.5    0.793  0.766     8    7    29   

                                           -------Rating----------------  ----Rank----            
Rank Team                            W-L     KRS    SRS    S-Ix   WRS       S    W    SOS
========================================================================================
  9 Phoenix                         38-33   0.677   1.7    0.737  0.616     9    11   18   
 10 Brooklyn                        39-32   0.675   0.8    0.676  0.673     13   9    3    
 11 Oklahoma City                   35-36   0.631   1.5    0.723  0.539     10   15   14   
 12 Miami                           39-34   0.615   -0.3   0.600  0.631     19   10   9    
 13 Toronto                         35-37   0.610   0.9    0.686  0.534     12   16   6    
 14 Dallas                          36-35   0.606   0.5    0.655  0.557     14   13   20   
 15 LA Clippers                     38-34   0.604   -0.1   0.617  0.592     17   12   28   
 16 Chicago                         33-37   0.596   1.0    0.693  0.499     11   21   11   

                                           -------Rating----------------  ----Rank----            
Rank Team                            W-L     KRS    SRS    S-Ix   WRS       S    W    SOS
========================================================================================
 17 Golden State                    36-36   0.590   0.2    0.635  0.545     16   14   15   
 18 New Orleans                     34-37   0.571   0.4    0.649  0.494     15   22   24   
 19 Atlanta                         35-36   0.566   -0.4   0.599  0.533     20   17   21   
 20 LA Lakers                       35-37   0.557   -0.5   0.592  0.522     21   18   19   
 21 Utah                            34-36   0.555   -0.2   0.608  0.502     18   20   26   
 22 Minnesota                       35-37   0.552   -0.5   0.591  0.513     22   19   22   
 23 Washington                      32-39   0.526   -0.5   0.589  0.462     23   23   4    
 24 Indiana                         32-39   0.465   -2.2   0.473  0.457     25   24   8    

                                           -------Rating----------------  ----Rank----            
Rank Team                            W-L     KRS    SRS    S-Ix   WRS       S    W    SOS
========================================================================================
 25 Portland                        31-40   0.453   -1.9   0.493  0.413     24   25   17   
 26 Orlando                         29-43   0.390   -2.8   0.431  0.350     26   26   12   
 27 Charlotte                       22-50   0.192   -6.0   0.220  0.165     27   27   2    
 28 Houston                         18-53   0.076   -7.6   0.110  0.042     29   29   7    
 29 Detroit                         16-56   0.074   -7.0   0.148  0.000     28   30   1    
 30 San Antonio                     19-52   0.029   -9.2   0.000  0.058     30   28   10   
</div></pre>
</div>
<div class="tabbertab" title="SOS">
<pre><div id=data>

                                           -------Rating----------------  ----Rank----            
Rank Team                            W-L     KRS    SRS    S-Ix   WRS       S    W    SOS
========================================================================================
  1 Detroit                         16-56   0.074   -7.0   0.148  0.000     28   30   1    
  2 Charlotte                       22-50   0.192   -6.0   0.220  0.165     27   27   2    
  3 Brooklyn                        39-32   0.675   0.8    0.676  0.673     13   9    3    
  4 Washington                      32-39   0.526   -0.5   0.589  0.462     23   23   4    
  5 New York                        42-30   0.785   3.1    0.831  0.739     7    8    5    
  6 Toronto                         35-37   0.610   0.9    0.686  0.534     12   16   6    
  7 Houston                         18-53   0.076   -7.6   0.110  0.042     29   29   7    
  8 Indiana                         32-39   0.465   -2.2   0.473  0.457     25   24   8    

                                           -------Rating----------------  ----Rank----            
Rank Team                            W-L     KRS    SRS    S-Ix   WRS       S    W    SOS
========================================================================================
  9 Miami                           39-34   0.615   -0.3   0.600  0.631     19   10   9    
 10 San Antonio                     19-52   0.029   -9.2   0.000  0.058     30   28   10   
 11 Chicago                         33-37   0.596   1.0    0.693  0.499     11   21   11   
 12 Orlando                         29-43   0.390   -2.8   0.431  0.350     26   26   12   
 13 Cleveland                       45-28   0.901   5.6    1.000  0.802     1    5    13   
 14 Oklahoma City                   35-36   0.631   1.5    0.723  0.539     10   15   14   
 15 Golden State                    36-36   0.590   0.2    0.635  0.545     16   14   15   
 16 Milwaukee                       51-20   0.942   3.9    0.884  1.000     4    1    16   

                                           -------Rating----------------  ----Rank----            
Rank Team                            W-L     KRS    SRS    S-Ix   WRS       S    W    SOS
========================================================================================
 17 Portland                        31-40   0.453   -1.9   0.493  0.413     24   25   17   
 18 Phoenix                         38-33   0.677   1.7    0.737  0.616     9    11   18   
 19 LA Lakers                       35-37   0.557   -0.5   0.592  0.522     21   18   19   
 20 Dallas                          36-35   0.606   0.5    0.655  0.557     14   13   20   
 21 Atlanta                         35-36   0.566   -0.4   0.599  0.533     20   17   21   
 22 Minnesota                       35-37   0.552   -0.5   0.591  0.513     22   19   22   
 23 Boston                          49-23   0.946   5.2    0.976  0.917     2    3    23   
 24 New Orleans                     34-37   0.571   0.4    0.649  0.494     15   22   24   

                                           -------Rating----------------  ----Rank----            
Rank Team                            W-L     KRS    SRS    S-Ix   WRS       S    W    SOS
========================================================================================
 25 Memphis                         43-27   0.824   3.7    0.872  0.777     5    6    25   
 26 Utah                            34-36   0.555   -0.2   0.608  0.502     18   20   26   
 27 Philadelphia                    48-22   0.937   4.8    0.950  0.924     3    2    27   
 28 LA Clippers                     38-34   0.604   -0.1   0.617  0.592     17   12   28   
 29 Sacramento                      43-27   0.780   2.5    0.793  0.766     8    7    29   
 30 Denver                          48-24   0.858   3.3    0.848  0.868     6    4    30   
</div></pre>
</div>
	</pre>
	</p>
	</span>
</body>
<body>
<h3>Other links</h3>
<h4>Home</h4>
	<ul>
			<li class="listyle"><a href="https://2skupz.github.io/index.html"> Index</a></li>
	</ul>
</body>
