<html>
<head>
<!-- Global Site Tag (gtag.js) - Google Analytics -->
<title>2023 NBA Rankings</title>
<script type="text/javascript" src="tabber.js">
</script>
<link href="https://fonts.googleapis.com/css?family=Roboto+Slab|Droid+Sans+Mono" rel="stylesheet">
<style>
 body {
			font-family: "Roboto Slab", serif;
			font-size: 12px;
			}
#data {
			font-family: "Droid Sans Mono", serif;
			font-size: 13px;
		}
</style>
<link rel="stylesheet" href="tabbedPage.css" TYPE="text/css" MEDIA="screen">
</head>
<body bgcolor=#fbeec1>
<hr>
<table width=100%>
<tr><td align=left>
<h1 align="center">2023 NBA Rankings</h1>
</td>
</tr></table>
<p>
Standings through 12.19.22
<hr>
<center>
<table width=100% border=1><tr>
<td valign=top>
<div class="tabber">
<div class="tabbertab" title="Ken Power Index">
<pre><div id=data>

                                           -------Rating----------------  ----Rank----            
Rank Team                            W-L     KRS    SRS    S-Ix   WRS       S    W    SOS
========================================================================================
  1 Boston                          22-9    0.949   5.7    0.974  0.923     2    2    21   
  2 Milwaukee                       22-8    0.933   4.1    0.865  1.000     6    1    22   
  3 Cleveland                       21-11   0.917   6.1    1.000  0.833     1    4    24   
  4 Memphis                         19-10   0.870   4.5    0.893  0.847     5    3    23   
  5 Phoenix                         19-12   0.847   5.1    0.935  0.760     3    5    17   
  6 New Orleans                     18-12   0.836   5.0    0.922  0.749     4    6    10   
  7 Philadelphia                    17-12   0.728   2.9    0.788  0.668     7    10   25   
  8 New York                        17-13   0.710   2.3    0.746  0.673     8    9    7    

                                           -------Rating----------------  ----Rank----            
Rank Team                            W-L     KRS    SRS    S-Ix   WRS       S    W    SOS
========================================================================================
  9 Brooklyn                        19-12   0.705   1.4    0.692  0.718     11   7    20   
 10 Sacramento                      16-13   0.677   2.0    0.728  0.626     10   12   16   
 11 Denver                          18-11   0.650   -0.1   0.591  0.709     16   8    30   
 12 Portland                        17-14   0.643   0.5    0.632  0.655     14   11   15   
 13 Dallas                          15-16   0.643   2.2    0.745  0.540     9    15   2    
 14 Utah                            17-16   0.639   1.1    0.672  0.607     12   13   4    
 15 Golden State                    15-16   0.570   0.9    0.655  0.485     13   19   9    
 16 LA Clippers                     18-14   0.552   -1.4   0.505  0.599     21   14   29   

                                           -------Rating----------------  ----Rank----            
Rank Team                            W-L     KRS    SRS    S-Ix   WRS       S    W    SOS
========================================================================================
 17 Atlanta                         16-15   0.530   -1.1   0.529  0.531     19   16   14   
 18 Minnesota                       16-15   0.530   -1.0   0.531  0.528     18   17   26   
 19 Miami                           16-15   0.496   -1.5   0.499  0.493     22   18   27   
 20 Toronto                         13-18   0.465   0.1    0.602  0.328     15   23   12   
 21 Oklahoma City                   13-18   0.459   -1.2   0.521  0.397     20   22   6    
 22 Indiana                         15-16   0.457   -1.8   0.484  0.430     24   20   28   
 23 LA Lakers                       13-17   0.443   -1.7   0.487  0.400     23   21   18   
 24 Chicago                         11-18   0.415   -1.0   0.535  0.294     17   24   3    

                                           -------Rating----------------  ----Rank----            
Rank Team                            W-L     KRS    SRS    S-Ix   WRS       S    W    SOS
========================================================================================
 25 Washington                      11-20   0.293   -3.2   0.390  0.196     25   25   19   
 26 Orlando                         11-21   0.287   -3.2   0.388  0.186     26   26   5    
 27 Houston                          9-21   0.189   -5.5   0.239  0.139     28   28   8    
 28 Detroit                          8-24   0.153   -5.3   0.256  0.050     27   29   1    
 29 Charlotte                        8-23   0.085   -6.6   0.169  0.000     29   30   11   
 30 San Antonio                     10-20   0.084   -9.2   0.000  0.168     30   27   13   
</div></pre>
</div>
<div class="tabbertab" title="Points Based">
<pre><div id=data>

                                           -------Rating----------------  ----Rank----            
Rank Team                            W-L     KRS    SRS    S-Ix   WRS       S    W    SOS
========================================================================================
  1 Cleveland                       21-11   0.917   6.1    1.000  0.833     1    4    24   
  2 Boston                          22-9    0.949   5.7    0.974  0.923     2    2    21   
  3 Phoenix                         19-12   0.847   5.1    0.935  0.760     3    5    17   
  4 New Orleans                     18-12   0.836   5.0    0.922  0.749     4    6    10   
  5 Memphis                         19-10   0.870   4.5    0.893  0.847     5    3    23   
  6 Milwaukee                       22-8    0.933   4.1    0.865  1.000     6    1    22   
  7 Philadelphia                    17-12   0.728   2.9    0.788  0.668     7    10   25   
  8 New York                        17-13   0.710   2.3    0.746  0.673     8    9    7    

                                           -------Rating----------------  ----Rank----            
Rank Team                            W-L     KRS    SRS    S-Ix   WRS       S    W    SOS
========================================================================================
  9 Dallas                          15-16   0.643   2.2    0.745  0.540     9    15   2    
 10 Sacramento                      16-13   0.677   2.0    0.728  0.626     10   12   16   
 11 Brooklyn                        19-12   0.705   1.4    0.692  0.718     11   7    20   
 12 Utah                            17-16   0.639   1.1    0.672  0.607     12   13   4    
 13 Golden State                    15-16   0.570   0.9    0.655  0.485     13   19   9    
 14 Portland                        17-14   0.643   0.5    0.632  0.655     14   11   15   
 15 Toronto                         13-18   0.465   0.1    0.602  0.328     15   23   12   
 16 Denver                          18-11   0.650   -0.1   0.591  0.709     16   8    30   

                                           -------Rating----------------  ----Rank----            
Rank Team                            W-L     KRS    SRS    S-Ix   WRS       S    W    SOS
========================================================================================
 17 Chicago                         11-18   0.415   -1.0   0.535  0.294     17   24   3    
 18 Minnesota                       16-15   0.530   -1.0   0.531  0.528     18   17   26   
 19 Atlanta                         16-15   0.530   -1.1   0.529  0.531     19   16   14   
 20 Oklahoma City                   13-18   0.459   -1.2   0.521  0.397     20   22   6    
 21 LA Clippers                     18-14   0.552   -1.4   0.505  0.599     21   14   29   
 22 Miami                           16-15   0.496   -1.5   0.499  0.493     22   18   27   
 23 LA Lakers                       13-17   0.443   -1.7   0.487  0.400     23   21   18   
 24 Indiana                         15-16   0.457   -1.8   0.484  0.430     24   20   28   

                                           -------Rating----------------  ----Rank----            
Rank Team                            W-L     KRS    SRS    S-Ix   WRS       S    W    SOS
========================================================================================
 25 Washington                      11-20   0.293   -3.2   0.390  0.196     25   25   19   
 26 Orlando                         11-21   0.287   -3.2   0.388  0.186     26   26   5    
 27 Detroit                          8-24   0.153   -5.3   0.256  0.050     27   29   1    
 28 Houston                          9-21   0.189   -5.5   0.239  0.139     28   28   8    
 29 Charlotte                        8-23   0.085   -6.6   0.169  0.000     29   30   11   
 30 San Antonio                     10-20   0.084   -9.2   0.000  0.168     30   27   13   
</div></pre>
</div>
<div class="tabbertab" title="Wins Based">
<pre><div id=data>

                                           -------Rating----------------  ----Rank----            
Rank Team                            W-L     KRS    SRS    S-Ix   WRS       S    W    SOS
========================================================================================
  1 Milwaukee                       22-8    0.933   4.1    0.865  1.000     6    1    22   
  2 Boston                          22-9    0.949   5.7    0.974  0.923     2    2    21   
  3 Memphis                         19-10   0.870   4.5    0.893  0.847     5    3    23   
  4 Cleveland                       21-11   0.917   6.1    1.000  0.833     1    4    24   
  5 Phoenix                         19-12   0.847   5.1    0.935  0.760     3    5    17   
  6 New Orleans                     18-12   0.836   5.0    0.922  0.749     4    6    10   
  7 Brooklyn                        19-12   0.705   1.4    0.692  0.718     11   7    20   
  8 Denver                          18-11   0.650   -0.1   0.591  0.709     16   8    30   

                                           -------Rating----------------  ----Rank----            
Rank Team                            W-L     KRS    SRS    S-Ix   WRS       S    W    SOS
========================================================================================
  9 New York                        17-13   0.710   2.3    0.746  0.673     8    9    7    
 10 Philadelphia                    17-12   0.728   2.9    0.788  0.668     7    10   25   
 11 Portland                        17-14   0.643   0.5    0.632  0.655     14   11   15   
 12 Sacramento                      16-13   0.677   2.0    0.728  0.626     10   12   16   
 13 Utah                            17-16   0.639   1.1    0.672  0.607     12   13   4    
 14 LA Clippers                     18-14   0.552   -1.4   0.505  0.599     21   14   29   
 15 Dallas                          15-16   0.643   2.2    0.745  0.540     9    15   2    
 16 Atlanta                         16-15   0.530   -1.1   0.529  0.531     19   16   14   

                                           -------Rating----------------  ----Rank----            
Rank Team                            W-L     KRS    SRS    S-Ix   WRS       S    W    SOS
========================================================================================
 17 Minnesota                       16-15   0.530   -1.0   0.531  0.528     18   17   26   
 18 Miami                           16-15   0.496   -1.5   0.499  0.493     22   18   27   
 19 Golden State                    15-16   0.570   0.9    0.655  0.485     13   19   9    
 20 Indiana                         15-16   0.457   -1.8   0.484  0.430     24   20   28   
 21 LA Lakers                       13-17   0.443   -1.7   0.487  0.400     23   21   18   
 22 Oklahoma City                   13-18   0.459   -1.2   0.521  0.397     20   22   6    
 23 Toronto                         13-18   0.465   0.1    0.602  0.328     15   23   12   
 24 Chicago                         11-18   0.415   -1.0   0.535  0.294     17   24   3    

                                           -------Rating----------------  ----Rank----            
Rank Team                            W-L     KRS    SRS    S-Ix   WRS       S    W    SOS
========================================================================================
 25 Washington                      11-20   0.293   -3.2   0.390  0.196     25   25   19   
 26 Orlando                         11-21   0.287   -3.2   0.388  0.186     26   26   5    
 27 San Antonio                     10-20   0.084   -9.2   0.000  0.168     30   27   13   
 28 Houston                          9-21   0.189   -5.5   0.239  0.139     28   28   8    
 29 Detroit                          8-24   0.153   -5.3   0.256  0.050     27   29   1    
 30 Charlotte                        8-23   0.085   -6.6   0.169  0.000     29   30   11   
</div></pre>
</div>
<div class="tabbertab" title="BCS">
<pre><div id=data>

                                           -------Rating----------------  ----Rank----            
Rank Team                            W-L     KRS    SRS    S-Ix   WRS       S    W    SOS
========================================================================================
  1 Boston                          22-9    0.949   5.7    0.974  0.923     2    2    21   
  2 Milwaukee                       22-8    0.933   4.1    0.865  1.000     6    1    22   
  3 Cleveland                       21-11   0.917   6.1    1.000  0.833     1    4    24   
  4 Memphis                         19-10   0.870   4.5    0.893  0.847     5    3    23   
  5 Phoenix                         19-12   0.847   5.1    0.935  0.760     3    5    17   
  6 New Orleans                     18-12   0.836   5.0    0.922  0.749     4    6    10   
  7 Philadelphia                    17-12   0.728   2.9    0.788  0.668     7    10   25   
  8 New York                        17-13   0.710   2.3    0.746  0.673     8    9    7    

                                           -------Rating----------------  ----Rank----            
Rank Team                            W-L     KRS    SRS    S-Ix   WRS       S    W    SOS
========================================================================================
  9 Brooklyn                        19-12   0.705   1.4    0.692  0.718     11   7    20   
 10 Sacramento                      16-13   0.677   2.0    0.728  0.626     10   12   16   
 11 Denver                          18-11   0.650   -0.1   0.591  0.709     16   8    30   
 12 Portland                        17-14   0.643   0.5    0.632  0.655     14   11   15   
 13 Dallas                          15-16   0.643   2.2    0.745  0.540     9    15   2    
 14 Utah                            17-16   0.639   1.1    0.672  0.607     12   13   4    
 15 Golden State                    15-16   0.570   0.9    0.655  0.485     13   19   9    
 16 LA Clippers                     18-14   0.552   -1.4   0.505  0.599     21   14   29   

                                           -------Rating----------------  ----Rank----            
Rank Team                            W-L     KRS    SRS    S-Ix   WRS       S    W    SOS
========================================================================================
 17 Atlanta                         16-15   0.530   -1.1   0.529  0.531     19   16   14   
 18 Minnesota                       16-15   0.530   -1.0   0.531  0.528     18   17   26   
 19 Miami                           16-15   0.496   -1.5   0.499  0.493     22   18   27   
 20 Toronto                         13-18   0.465   0.1    0.602  0.328     15   23   12   
 21 Oklahoma City                   13-18   0.459   -1.2   0.521  0.397     20   22   6    
 22 Indiana                         15-16   0.457   -1.8   0.484  0.430     24   20   28   
 23 LA Lakers                       13-17   0.443   -1.7   0.487  0.400     23   21   18   
 24 Chicago                         11-18   0.415   -1.0   0.535  0.294     17   24   3    

                                           -------Rating----------------  ----Rank----            
Rank Team                            W-L     KRS    SRS    S-Ix   WRS       S    W    SOS
========================================================================================
 25 Washington                      11-20   0.293   -3.2   0.390  0.196     25   25   19   
 26 Orlando                         11-21   0.287   -3.2   0.388  0.186     26   26   5    
 27 Houston                          9-21   0.189   -5.5   0.239  0.139     28   28   8    
 28 Detroit                          8-24   0.153   -5.3   0.256  0.050     27   29   1    
 29 Charlotte                        8-23   0.085   -6.6   0.169  0.000     29   30   11   
 30 San Antonio                     10-20   0.084   -9.2   0.000  0.168     30   27   13   
</div></pre>
</div>
<div class="tabbertab" title="SOS">
<pre><div id=data>

                                           -------Rating----------------  ----Rank----            
Rank Team                            W-L     KRS    SRS    S-Ix   WRS       S    W    SOS
========================================================================================
  1 Detroit                          8-24   0.153   -5.3   0.256  0.050     27   29   1    
  2 Dallas                          15-16   0.643   2.2    0.745  0.540     9    15   2    
  3 Chicago                         11-18   0.415   -1.0   0.535  0.294     17   24   3    
  4 Utah                            17-16   0.639   1.1    0.672  0.607     12   13   4    
  5 Orlando                         11-21   0.287   -3.2   0.388  0.186     26   26   5    
  6 Oklahoma City                   13-18   0.459   -1.2   0.521  0.397     20   22   6    
  7 New York                        17-13   0.710   2.3    0.746  0.673     8    9    7    
  8 Houston                          9-21   0.189   -5.5   0.239  0.139     28   28   8    

                                           -------Rating----------------  ----Rank----            
Rank Team                            W-L     KRS    SRS    S-Ix   WRS       S    W    SOS
========================================================================================
  9 Golden State                    15-16   0.570   0.9    0.655  0.485     13   19   9    
 10 New Orleans                     18-12   0.836   5.0    0.922  0.749     4    6    10   
 11 Charlotte                        8-23   0.085   -6.6   0.169  0.000     29   30   11   
 12 Toronto                         13-18   0.465   0.1    0.602  0.328     15   23   12   
 13 San Antonio                     10-20   0.084   -9.2   0.000  0.168     30   27   13   
 14 Atlanta                         16-15   0.530   -1.1   0.529  0.531     19   16   14   
 15 Portland                        17-14   0.643   0.5    0.632  0.655     14   11   15   
 16 Sacramento                      16-13   0.677   2.0    0.728  0.626     10   12   16   

                                           -------Rating----------------  ----Rank----            
Rank Team                            W-L     KRS    SRS    S-Ix   WRS       S    W    SOS
========================================================================================
 17 Phoenix                         19-12   0.847   5.1    0.935  0.760     3    5    17   
 18 LA Lakers                       13-17   0.443   -1.7   0.487  0.400     23   21   18   
 19 Washington                      11-20   0.293   -3.2   0.390  0.196     25   25   19   
 20 Brooklyn                        19-12   0.705   1.4    0.692  0.718     11   7    20   
 21 Boston                          22-9    0.949   5.7    0.974  0.923     2    2    21   
 22 Milwaukee                       22-8    0.933   4.1    0.865  1.000     6    1    22   
 23 Memphis                         19-10   0.870   4.5    0.893  0.847     5    3    23   
 24 Cleveland                       21-11   0.917   6.1    1.000  0.833     1    4    24   

                                           -------Rating----------------  ----Rank----            
Rank Team                            W-L     KRS    SRS    S-Ix   WRS       S    W    SOS
========================================================================================
 25 Philadelphia                    17-12   0.728   2.9    0.788  0.668     7    10   25   
 26 Minnesota                       16-15   0.530   -1.0   0.531  0.528     18   17   26   
 27 Miami                           16-15   0.496   -1.5   0.499  0.493     22   18   27   
 28 Indiana                         15-16   0.457   -1.8   0.484  0.430     24   20   28   
 29 LA Clippers                     18-14   0.552   -1.4   0.505  0.599     21   14   29   
 30 Denver                          18-11   0.650   -0.1   0.591  0.709     16   8    30   
</div></pre>
</div>
	</pre>
	</p>
	</span>
</body>
<body>
<h3>Other links</h3>
<h4>Pro</h4>
	<ul>
			<li class="listyle"><a href="https://2skupz.github.io/nflKpi.html"> NFL</a></li>
			<li class="listyle"><a href="https://2skupz.github.io/nbaKpi.html"> NBA</a></li>
			<li class="listyle"><a href="https://2skupz.github.io/nhlKpi.html"> NHL</a></li>
	</ul>
<h4>Football</h4>
	<ul>
			<li class="listyle"><a href="https://2skupz.github.io/fbD1Rankings.html"> Division I</a></li>
			<li class="listyle"><a href="https://2skupz.github.io/fbFBSRankings.html"> Division I - FBS</a></li>
			<li class="listyle"><a href="https://2skupz.github.io/fbFCSRankings.html"> Division I - FCS</a></li>
			<li class="listyle"><a href="https://2skupz.github.io/fbD2Rankings.html"> Division II</a></li>
			<li class="listyle"><a href="https://2skupz.github.io/fbD3Rankings.html"> Division III</a></li>
	</ul>
<h4>Baseball</h4>
	<ul>
			<li class="listyle"><a href="https://2skupz.github.io/mlbPlayoffOdds.html"> MLB Playoff Odds</a></li>
			<li class="listyle"><a href="https://2skupz.github.io/baseD1Rankings.html"> Division 1</a></li>
			<li class="listyle"><a href="https://2skupz.github.io/baseD1Rankings.html"> Division 2</a></li>
			<li class="listyle"><a href="https://2skupz.github.io/baseD1Rankings.html"> Division 3</a></li>
	</ul>
<h4>Men's College Basketball</h4>
	<ul>
			<li class="listyle"><a href="https://2skupz.github.io/d1MbbRankings.html"> Division 1</a></li>
			<li class="listyle"><a href="https://2skupz.github.io/d2MbbRankings.html"> Division 2</a></li>
			<li class="listyle"><a href="https://2skupz.github.io/d3MbbRankings.html"> Division 3</a></li>
			<li class="listyle"><a href="https://2skupz.github.io/uSportMbbRankings.html"> U Sports</a></li>
	</ul>
<h4>Women's College Basketball</h4>
	<ul>
			<li class="listyle"><a href="https://2skupz.github.io/d1WbbRankings.html"> Division 1</a></li>
			<li class="listyle"><a href="https://2skupz.github.io/d2WbbRankings.html"> Division 2</a></li>
			<li class="listyle"><a href="https://2skupz.github.io/d3WbbRankings.html"> Division 3</a></li>
			<li class="listyle"><a href="https://2skupz.github.io/uSportsWbbRankings.html"> U Sports</a></li>
	</ul>
</body>
