<html>
<head>
<!-- Global Site Tag (gtag.js) - Google Analytics -->
<title>2023 NBA Rankings</title>
<script type="text/javascript" src="tabber.js">
</script>
<link href="https://fonts.googleapis.com/css?family=Roboto+Slab|Droid+Sans+Mono" rel="stylesheet">
<style>
 body {
			font-family: "Roboto Slab", serif;
			font-size: 12px;
			}
#data {
			font-family: "Droid Sans Mono", serif;
			font-size: 13px;
		}
</style>
<link rel="stylesheet" href="tabbedPage.css" TYPE="text/css" MEDIA="screen">
</head>
<body bgcolor=#fbeec1>
<hr>
<table width=100%>
<tr><td align=left>
<h1 align="center">2023 NBA Rankings</h1>
</td>
</tr></table>
<p>
Standings through 03.25.23
<hr>
<center>
<table width=100% border=1><tr>
<td valign=top>
<div class="tabber">
<div class="tabbertab" title="Ken Power Index">
<pre><div id=data>

                                           -------Rating----------------  ----Rank----            
Rank Team                            W-L     KRS    SRS    S-Ix   WRS       S    W    SOS
========================================================================================
  1 Boston                          51-23   0.972   5.7    1.000  0.945     1    2    23   
  2 Milwaukee                       53-21   0.950   4.2    0.900  1.000     4    1    22   
  3 Cleveland                       47-28   0.912   5.6    0.990  0.834     2    5    12   
  4 Philadelphia                    49-25   0.904   4.5    0.924  0.884     3    4    24   
  5 Denver                          50-24   0.887   3.8    0.875  0.900     6    3    28   
  6 Memphis                         46-27   0.845   3.9    0.884  0.805     5    6    30   
  7 Sacramento                      45-29   0.773   2.3    0.778  0.768     8    7    26   
  8 New York                        42-33   0.752   2.7    0.806  0.697     7    8    8    

                                           -------Rating----------------  ----Rank----            
Rank Team                            W-L     KRS    SRS    S-Ix   WRS       S    W    SOS
========================================================================================
  9 Brooklyn                        40-34   0.690   1.2    0.709  0.670     11   9    2    
 10 Phoenix                         39-35   0.681   1.7    0.745  0.618     9    11   14   
 11 Golden State                    39-36   0.628   0.4    0.662  0.595     15   12   18   
 12 New Orleans                     37-37   0.621   1.1    0.706  0.537     12   18   29   
 13 Miami                           40-35   0.621   -0.5   0.599  0.643     21   10   5    
 14 Oklahoma City                   36-38   0.621   1.1    0.704  0.538     13   17   15   
 15 Chicago                         35-38   0.620   1.2    0.709  0.531     10   20   7    
 16 Toronto                         36-38   0.617   1.0    0.698  0.536     14   19   13   

                                           -------Rating----------------  ----Rank----            
Rank Team                            W-L     KRS    SRS    S-Ix   WRS       S    W    SOS
========================================================================================
 17 LA Clippers                     39-36   0.606   -0.1   0.628  0.585     18   13   27   
 18 Atlanta                         37-37   0.593   0.1    0.637  0.548     17   16   25   
 19 LA Lakers                       37-37   0.591   -0.2   0.621  0.562     19   14   17   
 20 Dallas                          36-38   0.587   0.3    0.650  0.525     16   21   19   
 21 Minnesota                       37-37   0.582   -0.4   0.610  0.553     20   15   20   
 22 Utah                            35-39   0.544   -0.7   0.591  0.497     22   22   21   
 23 Washington                      33-41   0.521   -0.7   0.586  0.457     23   23   10   
 24 Portland                        32-41   0.464   -2.1   0.500  0.427     24   25   16   

                                           -------Rating----------------  ----Rank----            
Rank Team                            W-L     KRS    SRS    S-Ix   WRS       S    W    SOS
========================================================================================
 25 Indiana                         33-42   0.456   -2.6   0.467  0.445     26   24   6    
 26 Orlando                         31-43   0.432   -2.5   0.470  0.394     25   26   11   
 27 Charlotte                       24-51   0.233   -5.8   0.262  0.204     27   27   3    
 28 Houston                         18-56   0.083   -7.9   0.126  0.041     29   29   4    
 29 Detroit                         16-58   0.078   -7.5   0.155  0.000     28   30   1    
 30 San Antonio                     19-55   0.027   -9.9   0.000  0.053     30   28   9    
</div></pre>
</div>
<div class="tabbertab" title="Points Based">
<pre><div id=data>

                                           -------Rating----------------  ----Rank----            
Rank Team                            W-L     KRS    SRS    S-Ix   WRS       S    W    SOS
========================================================================================
  1 Boston                          51-23   0.972   5.7    1.000  0.945     1    2    23   
  2 Cleveland                       47-28   0.912   5.6    0.990  0.834     2    5    12   
  3 Philadelphia                    49-25   0.904   4.5    0.924  0.884     3    4    24   
  4 Milwaukee                       53-21   0.950   4.2    0.900  1.000     4    1    22   
  5 Memphis                         46-27   0.845   3.9    0.884  0.805     5    6    30   
  6 Denver                          50-24   0.887   3.8    0.875  0.900     6    3    28   
  7 New York                        42-33   0.752   2.7    0.806  0.697     7    8    8    
  8 Sacramento                      45-29   0.773   2.3    0.778  0.768     8    7    26   

                                           -------Rating----------------  ----Rank----            
Rank Team                            W-L     KRS    SRS    S-Ix   WRS       S    W    SOS
========================================================================================
  9 Phoenix                         39-35   0.681   1.7    0.745  0.618     9    11   14   
 10 Chicago                         35-38   0.620   1.2    0.709  0.531     10   20   7    
 11 Brooklyn                        40-34   0.690   1.2    0.709  0.670     11   9    2    
 12 New Orleans                     37-37   0.621   1.1    0.706  0.537     12   18   29   
 13 Oklahoma City                   36-38   0.621   1.1    0.704  0.538     13   17   15   
 14 Toronto                         36-38   0.617   1.0    0.698  0.536     14   19   13   
 15 Golden State                    39-36   0.628   0.4    0.662  0.595     15   12   18   
 16 Dallas                          36-38   0.587   0.3    0.650  0.525     16   21   19   

                                           -------Rating----------------  ----Rank----            
Rank Team                            W-L     KRS    SRS    S-Ix   WRS       S    W    SOS
========================================================================================
 17 Atlanta                         37-37   0.593   0.1    0.637  0.548     17   16   25   
 18 LA Clippers                     39-36   0.606   -0.1   0.628  0.585     18   13   27   
 19 LA Lakers                       37-37   0.591   -0.2   0.621  0.562     19   14   17   
 20 Minnesota                       37-37   0.582   -0.4   0.610  0.553     20   15   20   
 21 Miami                           40-35   0.621   -0.5   0.599  0.643     21   10   5    
 22 Utah                            35-39   0.544   -0.7   0.591  0.497     22   22   21   
 23 Washington                      33-41   0.521   -0.7   0.586  0.457     23   23   10   
 24 Portland                        32-41   0.464   -2.1   0.500  0.427     24   25   16   

                                           -------Rating----------------  ----Rank----            
Rank Team                            W-L     KRS    SRS    S-Ix   WRS       S    W    SOS
========================================================================================
 25 Orlando                         31-43   0.432   -2.5   0.470  0.394     25   26   11   
 26 Indiana                         33-42   0.456   -2.6   0.467  0.445     26   24   6    
 27 Charlotte                       24-51   0.233   -5.8   0.262  0.204     27   27   3    
 28 Detroit                         16-58   0.078   -7.5   0.155  0.000     28   30   1    
 29 Houston                         18-56   0.083   -7.9   0.126  0.041     29   29   4    
 30 San Antonio                     19-55   0.027   -9.9   0.000  0.053     30   28   9    
</div></pre>
</div>
<div class="tabbertab" title="Wins Based">
<pre><div id=data>

                                           -------Rating----------------  ----Rank----            
Rank Team                            W-L     KRS    SRS    S-Ix   WRS       S    W    SOS
========================================================================================
  1 Milwaukee                       53-21   0.950   4.2    0.900  1.000     4    1    22   
  2 Boston                          51-23   0.972   5.7    1.000  0.945     1    2    23   
  3 Denver                          50-24   0.887   3.8    0.875  0.900     6    3    28   
  4 Philadelphia                    49-25   0.904   4.5    0.924  0.884     3    4    24   
  5 Cleveland                       47-28   0.912   5.6    0.990  0.834     2    5    12   
  6 Memphis                         46-27   0.845   3.9    0.884  0.805     5    6    30   
  7 Sacramento                      45-29   0.773   2.3    0.778  0.768     8    7    26   
  8 New York                        42-33   0.752   2.7    0.806  0.697     7    8    8    

                                           -------Rating----------------  ----Rank----            
Rank Team                            W-L     KRS    SRS    S-Ix   WRS       S    W    SOS
========================================================================================
  9 Brooklyn                        40-34   0.690   1.2    0.709  0.670     11   9    2    
 10 Miami                           40-35   0.621   -0.5   0.599  0.643     21   10   5    
 11 Phoenix                         39-35   0.681   1.7    0.745  0.618     9    11   14   
 12 Golden State                    39-36   0.628   0.4    0.662  0.595     15   12   18   
 13 LA Clippers                     39-36   0.606   -0.1   0.628  0.585     18   13   27   
 14 LA Lakers                       37-37   0.591   -0.2   0.621  0.562     19   14   17   
 15 Minnesota                       37-37   0.582   -0.4   0.610  0.553     20   15   20   
 16 Atlanta                         37-37   0.593   0.1    0.637  0.548     17   16   25   

                                           -------Rating----------------  ----Rank----            
Rank Team                            W-L     KRS    SRS    S-Ix   WRS       S    W    SOS
========================================================================================
 17 Oklahoma City                   36-38   0.621   1.1    0.704  0.538     13   17   15   
 18 New Orleans                     37-37   0.621   1.1    0.706  0.537     12   18   29   
 19 Toronto                         36-38   0.617   1.0    0.698  0.536     14   19   13   
 20 Chicago                         35-38   0.620   1.2    0.709  0.531     10   20   7    
 21 Dallas                          36-38   0.587   0.3    0.650  0.525     16   21   19   
 22 Utah                            35-39   0.544   -0.7   0.591  0.497     22   22   21   
 23 Washington                      33-41   0.521   -0.7   0.586  0.457     23   23   10   
 24 Indiana                         33-42   0.456   -2.6   0.467  0.445     26   24   6    

                                           -------Rating----------------  ----Rank----            
Rank Team                            W-L     KRS    SRS    S-Ix   WRS       S    W    SOS
========================================================================================
 25 Portland                        32-41   0.464   -2.1   0.500  0.427     24   25   16   
 26 Orlando                         31-43   0.432   -2.5   0.470  0.394     25   26   11   
 27 Charlotte                       24-51   0.233   -5.8   0.262  0.204     27   27   3    
 28 San Antonio                     19-55   0.027   -9.9   0.000  0.053     30   28   9    
 29 Houston                         18-56   0.083   -7.9   0.126  0.041     29   29   4    
 30 Detroit                         16-58   0.078   -7.5   0.155  0.000     28   30   1    
</div></pre>
</div>
<div class="tabbertab" title="BCS">
<pre><div id=data>

                                           -------Rating----------------  ----Rank----            
Rank Team                            W-L     KRS    SRS    S-Ix   WRS       S    W    SOS
========================================================================================
  1 Boston                          51-23   0.972   5.7    1.000  0.945     1    2    23   
  2 Milwaukee                       53-21   0.950   4.2    0.900  1.000     4    1    22   
  3 Cleveland                       47-28   0.912   5.6    0.990  0.834     2    5    12   
  4 Philadelphia                    49-25   0.904   4.5    0.924  0.884     3    4    24   
  5 Denver                          50-24   0.887   3.8    0.875  0.900     6    3    28   
  6 Memphis                         46-27   0.845   3.9    0.884  0.805     5    6    30   
  7 Sacramento                      45-29   0.773   2.3    0.778  0.768     8    7    26   
  8 New York                        42-33   0.752   2.7    0.806  0.697     7    8    8    

                                           -------Rating----------------  ----Rank----            
Rank Team                            W-L     KRS    SRS    S-Ix   WRS       S    W    SOS
========================================================================================
  9 Brooklyn                        40-34   0.690   1.2    0.709  0.670     11   9    2    
 10 Phoenix                         39-35   0.681   1.7    0.745  0.618     9    11   14   
 11 Golden State                    39-36   0.628   0.4    0.662  0.595     15   12   18   
 12 New Orleans                     37-37   0.621   1.1    0.706  0.537     12   18   29   
 13 Miami                           40-35   0.621   -0.5   0.599  0.643     21   10   5    
 14 Oklahoma City                   36-38   0.621   1.1    0.704  0.538     13   17   15   
 15 Chicago                         35-38   0.620   1.2    0.709  0.531     10   20   7    
 16 Toronto                         36-38   0.617   1.0    0.698  0.536     14   19   13   

                                           -------Rating----------------  ----Rank----            
Rank Team                            W-L     KRS    SRS    S-Ix   WRS       S    W    SOS
========================================================================================
 17 LA Clippers                     39-36   0.606   -0.1   0.628  0.585     18   13   27   
 18 Atlanta                         37-37   0.593   0.1    0.637  0.548     17   16   25   
 19 LA Lakers                       37-37   0.591   -0.2   0.621  0.562     19   14   17   
 20 Dallas                          36-38   0.587   0.3    0.650  0.525     16   21   19   
 21 Minnesota                       37-37   0.582   -0.4   0.610  0.553     20   15   20   
 22 Utah                            35-39   0.544   -0.7   0.591  0.497     22   22   21   
 23 Washington                      33-41   0.521   -0.7   0.586  0.457     23   23   10   
 24 Portland                        32-41   0.464   -2.1   0.500  0.427     24   25   16   

                                           -------Rating----------------  ----Rank----            
Rank Team                            W-L     KRS    SRS    S-Ix   WRS       S    W    SOS
========================================================================================
 25 Indiana                         33-42   0.456   -2.6   0.467  0.445     26   24   6    
 26 Orlando                         31-43   0.432   -2.5   0.470  0.394     25   26   11   
 27 Charlotte                       24-51   0.233   -5.8   0.262  0.204     27   27   3    
 28 Houston                         18-56   0.083   -7.9   0.126  0.041     29   29   4    
 29 Detroit                         16-58   0.078   -7.5   0.155  0.000     28   30   1    
 30 San Antonio                     19-55   0.027   -9.9   0.000  0.053     30   28   9    
</div></pre>
</div>
<div class="tabbertab" title="SOS">
<pre><div id=data>

                                           -------Rating----------------  ----Rank----            
Rank Team                            W-L     KRS    SRS    S-Ix   WRS       S    W    SOS
========================================================================================
  1 Detroit                         16-58   0.078   -7.5   0.155  0.000     28   30   1    
  2 Brooklyn                        40-34   0.690   1.2    0.709  0.670     11   9    2    
  3 Charlotte                       24-51   0.233   -5.8   0.262  0.204     27   27   3    
  4 Houston                         18-56   0.083   -7.9   0.126  0.041     29   29   4    
  5 Miami                           40-35   0.621   -0.5   0.599  0.643     21   10   5    
  6 Indiana                         33-42   0.456   -2.6   0.467  0.445     26   24   6    
  7 Chicago                         35-38   0.620   1.2    0.709  0.531     10   20   7    
  8 New York                        42-33   0.752   2.7    0.806  0.697     7    8    8    

                                           -------Rating----------------  ----Rank----            
Rank Team                            W-L     KRS    SRS    S-Ix   WRS       S    W    SOS
========================================================================================
  9 San Antonio                     19-55   0.027   -9.9   0.000  0.053     30   28   9    
 10 Washington                      33-41   0.521   -0.7   0.586  0.457     23   23   10   
 11 Orlando                         31-43   0.432   -2.5   0.470  0.394     25   26   11   
 12 Cleveland                       47-28   0.912   5.6    0.990  0.834     2    5    12   
 13 Toronto                         36-38   0.617   1.0    0.698  0.536     14   19   13   
 14 Phoenix                         39-35   0.681   1.7    0.745  0.618     9    11   14   
 15 Oklahoma City                   36-38   0.621   1.1    0.704  0.538     13   17   15   
 16 Portland                        32-41   0.464   -2.1   0.500  0.427     24   25   16   

                                           -------Rating----------------  ----Rank----            
Rank Team                            W-L     KRS    SRS    S-Ix   WRS       S    W    SOS
========================================================================================
 17 LA Lakers                       37-37   0.591   -0.2   0.621  0.562     19   14   17   
 18 Golden State                    39-36   0.628   0.4    0.662  0.595     15   12   18   
 19 Dallas                          36-38   0.587   0.3    0.650  0.525     16   21   19   
 20 Minnesota                       37-37   0.582   -0.4   0.610  0.553     20   15   20   
 21 Utah                            35-39   0.544   -0.7   0.591  0.497     22   22   21   
 22 Milwaukee                       53-21   0.950   4.2    0.900  1.000     4    1    22   
 23 Boston                          51-23   0.972   5.7    1.000  0.945     1    2    23   
 24 Philadelphia                    49-25   0.904   4.5    0.924  0.884     3    4    24   

                                           -------Rating----------------  ----Rank----            
Rank Team                            W-L     KRS    SRS    S-Ix   WRS       S    W    SOS
========================================================================================
 25 Atlanta                         37-37   0.593   0.1    0.637  0.548     17   16   25   
 26 Sacramento                      45-29   0.773   2.3    0.778  0.768     8    7    26   
 27 LA Clippers                     39-36   0.606   -0.1   0.628  0.585     18   13   27   
 28 Denver                          50-24   0.887   3.8    0.875  0.900     6    3    28   
 29 New Orleans                     37-37   0.621   1.1    0.706  0.537     12   18   29   
 30 Memphis                         46-27   0.845   3.9    0.884  0.805     5    6    30   
</div></pre>
</div>
	</pre>
	</p>
	</span>
</body>
<body>
<h3>Other links</h3>
<h4>Home</h4>
	<ul>
			<li class="listyle"><a href="https://2skupz.github.io/index.html"> Index</a></li>
	</ul>
</body>
