<html>
<head>
<!-- Global Site Tag (gtag.js) - Google Analytics -->
<title>2023 NBA Rankings</title>
<script type="text/javascript" src="tabber.js">
</script>
<link href="https://fonts.googleapis.com/css?family=Roboto+Slab|Droid+Sans+Mono" rel="stylesheet">
<style>
 body {
			font-family: "Roboto Slab", serif;
			font-size: 12px;
			}
#data {
			font-family: "Droid Sans Mono", serif;
			font-size: 13px;
		}
</style>
<link rel="stylesheet" href="tabbedPage.css" TYPE="text/css" MEDIA="screen">
</head>
<body bgcolor=#fbeec1>
<hr>
<table width=100%>
<tr><td align=left>
<h1 align="center">2023 NBA Rankings</h1>
</td>
</tr></table>
<p>
Standings through 03.17.23
<hr>
<center>
<table width=100% border=1><tr>
<td valign=top>
<div class="tabber">
<div class="tabbertab" title="Ken Power Index">
<pre><div id=data>

                                           -------Rating----------------  ----Rank----            
Rank Team                            W-L     KRS    SRS    S-Ix   WRS       S    W    SOS
========================================================================================
  1 Boston                          49-22   0.963   5.3    0.982  0.944     2    2    24   
  2 Milwaukee                       50-20   0.942   3.8    0.883  1.000     4    1    16   
  3 Philadelphia                    47-22   0.930   4.7    0.939  0.922     3    3    25   
  4 Cleveland                       45-28   0.903   5.6    1.000  0.806     1    5    13   
  5 Denver                          47-23   0.865   3.4    0.853  0.876     6    4    30   
  6 Memphis                         42-27   0.816   3.5    0.864  0.768     5    6    26   
  7 New York                        41-30   0.778   3.0    0.829  0.727     7    8    7    
  8 Sacramento                      42-27   0.772   2.4    0.786  0.758     8    7    29   

                                           -------Rating----------------  ----Rank----            
Rank Team                            W-L     KRS    SRS    S-Ix   WRS       S    W    SOS
========================================================================================
  9 Phoenix                         38-32   0.690   1.8    0.746  0.634     9    11   21   
 10 Brooklyn                        39-31   0.686   0.8    0.685  0.688     12   9    4    
 11 Miami                           38-33   0.629   -0.2   0.614  0.644     19   10   3    
 12 Oklahoma City                   34-36   0.624   1.4    0.724  0.524     10   18   15   
 13 Dallas                          36-35   0.609   0.5    0.660  0.557     14   14   22   
 14 LA Clippers                     37-33   0.608   -0.2   0.618  0.599     18   12   27   
 15 Toronto                         34-36   0.605   0.8    0.682  0.529     13   16   8    
 16 Golden State                    36-35   0.604   0.3    0.651  0.557     16   13   20   

                                           -------Rating----------------  ----Rank----            
Rank Team                            W-L     KRS    SRS    S-Ix   WRS       S    W    SOS
========================================================================================
 17 Atlanta                         35-35   0.588   -0.1   0.621  0.555     17   15   14   
 18 Chicago                         32-37   0.586   0.9    0.687  0.484     11   21   9    
 19 New Orleans                     33-37   0.569   0.4    0.652  0.485     15   20   18   
 20 Minnesota                       35-36   0.568   -0.3   0.610  0.526     20   17   23   
 21 LA Lakers                       34-37   0.553   -0.5   0.595  0.510     23   19   17   
 22 Utah                            33-36   0.544   -0.3   0.608  0.481     21   22   28   
 23 Washington                      32-38   0.540   -0.3   0.607  0.473     22   23   5    
 24 Indiana                         32-38   0.480   -2.0   0.494  0.465     25   24   11   

                                           -------Rating----------------  ----Rank----            
Rank Team                            W-L     KRS    SRS    S-Ix   WRS       S    W    SOS
========================================================================================
 25 Portland                        31-39   0.469   -1.7   0.514  0.424     24   25   19   
 26 Orlando                         28-42   0.390   -2.9   0.437  0.344     26   26   12   
 27 Charlotte                       22-50   0.198   -5.9   0.233  0.162     27   27   2    
 28 Houston                         18-52   0.085   -7.6   0.125  0.044     29   28   6    
 29 Detroit                         16-55   0.083   -6.9   0.167  0.000     28   30   1    
 30 San Antonio                     18-52   0.015   -9.5   0.000  0.029     30   29   10   
</div></pre>
</div>
<div class="tabbertab" title="Points Based">
<pre><div id=data>

                                           -------Rating----------------  ----Rank----            
Rank Team                            W-L     KRS    SRS    S-Ix   WRS       S    W    SOS
========================================================================================
  1 Cleveland                       45-28   0.903   5.6    1.000  0.806     1    5    13   
  2 Boston                          49-22   0.963   5.3    0.982  0.944     2    2    24   
  3 Philadelphia                    47-22   0.930   4.7    0.939  0.922     3    3    25   
  4 Milwaukee                       50-20   0.942   3.8    0.883  1.000     4    1    16   
  5 Memphis                         42-27   0.816   3.5    0.864  0.768     5    6    26   
  6 Denver                          47-23   0.865   3.4    0.853  0.876     6    4    30   
  7 New York                        41-30   0.778   3.0    0.829  0.727     7    8    7    
  8 Sacramento                      42-27   0.772   2.4    0.786  0.758     8    7    29   

                                           -------Rating----------------  ----Rank----            
Rank Team                            W-L     KRS    SRS    S-Ix   WRS       S    W    SOS
========================================================================================
  9 Phoenix                         38-32   0.690   1.8    0.746  0.634     9    11   21   
 10 Oklahoma City                   34-36   0.624   1.4    0.724  0.524     10   18   15   
 11 Chicago                         32-37   0.586   0.9    0.687  0.484     11   21   9    
 12 Brooklyn                        39-31   0.686   0.8    0.685  0.688     12   9    4    
 13 Toronto                         34-36   0.605   0.8    0.682  0.529     13   16   8    
 14 Dallas                          36-35   0.609   0.5    0.660  0.557     14   14   22   
 15 New Orleans                     33-37   0.569   0.4    0.652  0.485     15   20   18   
 16 Golden State                    36-35   0.604   0.3    0.651  0.557     16   13   20   

                                           -------Rating----------------  ----Rank----            
Rank Team                            W-L     KRS    SRS    S-Ix   WRS       S    W    SOS
========================================================================================
 17 Atlanta                         35-35   0.588   -0.1   0.621  0.555     17   15   14   
 18 LA Clippers                     37-33   0.608   -0.2   0.618  0.599     18   12   27   
 19 Miami                           38-33   0.629   -0.2   0.614  0.644     19   10   3    
 20 Minnesota                       35-36   0.568   -0.3   0.610  0.526     20   17   23   
 21 Utah                            33-36   0.544   -0.3   0.608  0.481     21   22   28   
 22 Washington                      32-38   0.540   -0.3   0.607  0.473     22   23   5    
 23 LA Lakers                       34-37   0.553   -0.5   0.595  0.510     23   19   17   
 24 Portland                        31-39   0.469   -1.7   0.514  0.424     24   25   19   

                                           -------Rating----------------  ----Rank----            
Rank Team                            W-L     KRS    SRS    S-Ix   WRS       S    W    SOS
========================================================================================
 25 Indiana                         32-38   0.480   -2.0   0.494  0.465     25   24   11   
 26 Orlando                         28-42   0.390   -2.9   0.437  0.344     26   26   12   
 27 Charlotte                       22-50   0.198   -5.9   0.233  0.162     27   27   2    
 28 Detroit                         16-55   0.083   -6.9   0.167  0.000     28   30   1    
 29 Houston                         18-52   0.085   -7.6   0.125  0.044     29   28   6    
 30 San Antonio                     18-52   0.015   -9.5   0.000  0.029     30   29   10   
</div></pre>
</div>
<div class="tabbertab" title="Wins Based">
<pre><div id=data>

                                           -------Rating----------------  ----Rank----            
Rank Team                            W-L     KRS    SRS    S-Ix   WRS       S    W    SOS
========================================================================================
  1 Milwaukee                       50-20   0.942   3.8    0.883  1.000     4    1    16   
  2 Boston                          49-22   0.963   5.3    0.982  0.944     2    2    24   
  3 Philadelphia                    47-22   0.930   4.7    0.939  0.922     3    3    25   
  4 Denver                          47-23   0.865   3.4    0.853  0.876     6    4    30   
  5 Cleveland                       45-28   0.903   5.6    1.000  0.806     1    5    13   
  6 Memphis                         42-27   0.816   3.5    0.864  0.768     5    6    26   
  7 Sacramento                      42-27   0.772   2.4    0.786  0.758     8    7    29   
  8 New York                        41-30   0.778   3.0    0.829  0.727     7    8    7    

                                           -------Rating----------------  ----Rank----            
Rank Team                            W-L     KRS    SRS    S-Ix   WRS       S    W    SOS
========================================================================================
  9 Brooklyn                        39-31   0.686   0.8    0.685  0.688     12   9    4    
 10 Miami                           38-33   0.629   -0.2   0.614  0.644     19   10   3    
 11 Phoenix                         38-32   0.690   1.8    0.746  0.634     9    11   21   
 12 LA Clippers                     37-33   0.608   -0.2   0.618  0.599     18   12   27   
 13 Golden State                    36-35   0.604   0.3    0.651  0.557     16   13   20   
 14 Dallas                          36-35   0.609   0.5    0.660  0.557     14   14   22   
 15 Atlanta                         35-35   0.588   -0.1   0.621  0.555     17   15   14   
 16 Toronto                         34-36   0.605   0.8    0.682  0.529     13   16   8    

                                           -------Rating----------------  ----Rank----            
Rank Team                            W-L     KRS    SRS    S-Ix   WRS       S    W    SOS
========================================================================================
 17 Minnesota                       35-36   0.568   -0.3   0.610  0.526     20   17   23   
 18 Oklahoma City                   34-36   0.624   1.4    0.724  0.524     10   18   15   
 19 LA Lakers                       34-37   0.553   -0.5   0.595  0.510     23   19   17   
 20 New Orleans                     33-37   0.569   0.4    0.652  0.485     15   20   18   
 21 Chicago                         32-37   0.586   0.9    0.687  0.484     11   21   9    
 22 Utah                            33-36   0.544   -0.3   0.608  0.481     21   22   28   
 23 Washington                      32-38   0.540   -0.3   0.607  0.473     22   23   5    
 24 Indiana                         32-38   0.480   -2.0   0.494  0.465     25   24   11   

                                           -------Rating----------------  ----Rank----            
Rank Team                            W-L     KRS    SRS    S-Ix   WRS       S    W    SOS
========================================================================================
 25 Portland                        31-39   0.469   -1.7   0.514  0.424     24   25   19   
 26 Orlando                         28-42   0.390   -2.9   0.437  0.344     26   26   12   
 27 Charlotte                       22-50   0.198   -5.9   0.233  0.162     27   27   2    
 28 Houston                         18-52   0.085   -7.6   0.125  0.044     29   28   6    
 29 San Antonio                     18-52   0.015   -9.5   0.000  0.029     30   29   10   
 30 Detroit                         16-55   0.083   -6.9   0.167  0.000     28   30   1    
</div></pre>
</div>
<div class="tabbertab" title="BCS">
<pre><div id=data>

                                           -------Rating----------------  ----Rank----            
Rank Team                            W-L     KRS    SRS    S-Ix   WRS       S    W    SOS
========================================================================================
  1 Boston                          49-22   0.963   5.3    0.982  0.944     2    2    24   
  2 Milwaukee                       50-20   0.942   3.8    0.883  1.000     4    1    16   
  3 Philadelphia                    47-22   0.930   4.7    0.939  0.922     3    3    25   
  4 Cleveland                       45-28   0.903   5.6    1.000  0.806     1    5    13   
  5 Denver                          47-23   0.865   3.4    0.853  0.876     6    4    30   
  6 Memphis                         42-27   0.816   3.5    0.864  0.768     5    6    26   
  7 New York                        41-30   0.778   3.0    0.829  0.727     7    8    7    
  8 Sacramento                      42-27   0.772   2.4    0.786  0.758     8    7    29   

                                           -------Rating----------------  ----Rank----            
Rank Team                            W-L     KRS    SRS    S-Ix   WRS       S    W    SOS
========================================================================================
  9 Phoenix                         38-32   0.690   1.8    0.746  0.634     9    11   21   
 10 Brooklyn                        39-31   0.686   0.8    0.685  0.688     12   9    4    
 11 Miami                           38-33   0.629   -0.2   0.614  0.644     19   10   3    
 12 Oklahoma City                   34-36   0.624   1.4    0.724  0.524     10   18   15   
 13 Dallas                          36-35   0.609   0.5    0.660  0.557     14   14   22   
 14 LA Clippers                     37-33   0.608   -0.2   0.618  0.599     18   12   27   
 15 Toronto                         34-36   0.605   0.8    0.682  0.529     13   16   8    
 16 Golden State                    36-35   0.604   0.3    0.651  0.557     16   13   20   

                                           -------Rating----------------  ----Rank----            
Rank Team                            W-L     KRS    SRS    S-Ix   WRS       S    W    SOS
========================================================================================
 17 Atlanta                         35-35   0.588   -0.1   0.621  0.555     17   15   14   
 18 Chicago                         32-37   0.586   0.9    0.687  0.484     11   21   9    
 19 New Orleans                     33-37   0.569   0.4    0.652  0.485     15   20   18   
 20 Minnesota                       35-36   0.568   -0.3   0.610  0.526     20   17   23   
 21 LA Lakers                       34-37   0.553   -0.5   0.595  0.510     23   19   17   
 22 Utah                            33-36   0.544   -0.3   0.608  0.481     21   22   28   
 23 Washington                      32-38   0.540   -0.3   0.607  0.473     22   23   5    
 24 Indiana                         32-38   0.480   -2.0   0.494  0.465     25   24   11   

                                           -------Rating----------------  ----Rank----            
Rank Team                            W-L     KRS    SRS    S-Ix   WRS       S    W    SOS
========================================================================================
 25 Portland                        31-39   0.469   -1.7   0.514  0.424     24   25   19   
 26 Orlando                         28-42   0.390   -2.9   0.437  0.344     26   26   12   
 27 Charlotte                       22-50   0.198   -5.9   0.233  0.162     27   27   2    
 28 Houston                         18-52   0.085   -7.6   0.125  0.044     29   28   6    
 29 Detroit                         16-55   0.083   -6.9   0.167  0.000     28   30   1    
 30 San Antonio                     18-52   0.015   -9.5   0.000  0.029     30   29   10   
</div></pre>
</div>
<div class="tabbertab" title="SOS">
<pre><div id=data>

                                           -------Rating----------------  ----Rank----            
Rank Team                            W-L     KRS    SRS    S-Ix   WRS       S    W    SOS
========================================================================================
  1 Detroit                         16-55   0.083   -6.9   0.167  0.000     28   30   1    
  2 Charlotte                       22-50   0.198   -5.9   0.233  0.162     27   27   2    
  3 Miami                           38-33   0.629   -0.2   0.614  0.644     19   10   3    
  4 Brooklyn                        39-31   0.686   0.8    0.685  0.688     12   9    4    
  5 Washington                      32-38   0.540   -0.3   0.607  0.473     22   23   5    
  6 Houston                         18-52   0.085   -7.6   0.125  0.044     29   28   6    
  7 New York                        41-30   0.778   3.0    0.829  0.727     7    8    7    
  8 Toronto                         34-36   0.605   0.8    0.682  0.529     13   16   8    

                                           -------Rating----------------  ----Rank----            
Rank Team                            W-L     KRS    SRS    S-Ix   WRS       S    W    SOS
========================================================================================
  9 Chicago                         32-37   0.586   0.9    0.687  0.484     11   21   9    
 10 San Antonio                     18-52   0.015   -9.5   0.000  0.029     30   29   10   
 11 Indiana                         32-38   0.480   -2.0   0.494  0.465     25   24   11   
 12 Orlando                         28-42   0.390   -2.9   0.437  0.344     26   26   12   
 13 Cleveland                       45-28   0.903   5.6    1.000  0.806     1    5    13   
 14 Atlanta                         35-35   0.588   -0.1   0.621  0.555     17   15   14   
 15 Oklahoma City                   34-36   0.624   1.4    0.724  0.524     10   18   15   
 16 Milwaukee                       50-20   0.942   3.8    0.883  1.000     4    1    16   

                                           -------Rating----------------  ----Rank----            
Rank Team                            W-L     KRS    SRS    S-Ix   WRS       S    W    SOS
========================================================================================
 17 LA Lakers                       34-37   0.553   -0.5   0.595  0.510     23   19   17   
 18 New Orleans                     33-37   0.569   0.4    0.652  0.485     15   20   18   
 19 Portland                        31-39   0.469   -1.7   0.514  0.424     24   25   19   
 20 Golden State                    36-35   0.604   0.3    0.651  0.557     16   13   20   
 21 Phoenix                         38-32   0.690   1.8    0.746  0.634     9    11   21   
 22 Dallas                          36-35   0.609   0.5    0.660  0.557     14   14   22   
 23 Minnesota                       35-36   0.568   -0.3   0.610  0.526     20   17   23   
 24 Boston                          49-22   0.963   5.3    0.982  0.944     2    2    24   

                                           -------Rating----------------  ----Rank----            
Rank Team                            W-L     KRS    SRS    S-Ix   WRS       S    W    SOS
========================================================================================
 25 Philadelphia                    47-22   0.930   4.7    0.939  0.922     3    3    25   
 26 Memphis                         42-27   0.816   3.5    0.864  0.768     5    6    26   
 27 LA Clippers                     37-33   0.608   -0.2   0.618  0.599     18   12   27   
 28 Utah                            33-36   0.544   -0.3   0.608  0.481     21   22   28   
 29 Sacramento                      42-27   0.772   2.4    0.786  0.758     8    7    29   
 30 Denver                          47-23   0.865   3.4    0.853  0.876     6    4    30   
</div></pre>
</div>
	</pre>
	</p>
	</span>
</body>
<body>
<h3>Other links</h3>
<h4>Home</h4>
	<ul>
			<li class="listyle"><a href="https://2skupz.github.io/index.html"> Index</a></li>
	</ul>
</body>
