<html>
<head>
<!-- Global Site Tag (gtag.js) - Google Analytics -->
<title>2024 NBA Rankings</title>
<script type="text/javascript" src="tabber.js">
</script>
<link href="https://fonts.googleapis.com/css?family=Roboto+Slab|Droid+Sans+Mono" rel="stylesheet">
<style>
 body {
			font-family: "Roboto Slab", serif;
			font-size: 12px;
			}
#data {
			font-family: "Droid Sans Mono", serif;
			font-size: 13px;
		}
</style>
<link rel="stylesheet" href="tabbedPage.css" TYPE="text/css" MEDIA="screen">
</head>
<body bgcolor=#fbeec1>
<hr>
<table width=100%>
<tr><td align=left>
<h1 align="center">2024 NBA Rankings</h1>
</td>
</tr></table>
<p>
Standings through 11.19.23
<hr>
<center>
<table width=100% border=1><tr>
<td valign=top>
<div class="tabber">
<div class="tabbertab" title="Ken Power Index">
<pre><div id=data>

                                           -------Rating----------------  ----Rank----            
Rank Team                            W-L     KRS    SRS    S-Ix   WRS       S    W    SOS
========================================================================================
  1 Boston                          11-2    1.000   13.83  1.000  1.000     1    1    4    
  2 Philadelphia                    10-3    0.860   10.21  0.858  0.862     2    2    8    
  3 Minnesota                        9-3    0.780   6.75   0.723  0.837     4    3    11   
  4 Oklahoma City                   10-4    0.753   8.12   0.777  0.730     3    5    19   
  5 Denver                           9-4    0.702   5.56   0.677  0.728     6    6    17   
  6 New York                         8-5    0.664   6.11   0.698  0.630     5    8    15   
  7 Milwaukee                        9-4    0.656   2.80   0.568  0.743     9    4    12   
  8 Sacramento                       8-4    0.600   1.45   0.516  0.684     14   7    21   

                                           -------Rating----------------  ----Rank----            
Rank Team                            W-L     KRS    SRS    S-Ix   WRS       S    W    SOS
========================================================================================
  9 Indiana                          7-5    0.580   2.27   0.548  0.611     11   9    13   
 10 Cleveland                        7-6    0.566   2.44   0.554  0.578     10   12   3    
 11 Orlando                          8-5    0.555   1.33   0.511  0.599     15   11   25   
 12 Atlanta                          6-6    0.552   3.21   0.585  0.519     8    16   9    
 13 Houston                          6-5    0.545   2.20   0.545  0.545     12   15   24   
 14 Golden State                     6-8    0.544   3.23   0.585  0.503     7    17   1    
 15 Dallas                           9-5    0.539   0.27   0.470  0.608     17   10   27   
 16 Toronto                          6-7    0.508   1.55   0.520  0.496     13   20   5    

                                           -------Rating----------------  ----Rank----            
Rank Team                            W-L     KRS    SRS    S-Ix   WRS       S    W    SOS
========================================================================================
 17 Brooklyn                         6-7    0.494   0.77   0.489  0.498     16   19   6    
 18 Miami                            8-5    0.482   -1.74  0.391  0.574     21   13   26   
 19 New Orleans                      6-7    0.460   -1.01  0.419  0.500     20   18   2    
 20 Phoenix                          7-6    0.446   -0.71  0.431  0.461     19   21   29   
 21 LA Lakers                        8-6    0.445   -3.06  0.339  0.551     22   14   23   
 22 LA Clippers                      4-7    0.348   -0.34  0.446  0.250     18   23   28   
 23 Chicago                          5-9    0.315   -3.13  0.336  0.294     23   22   14   
 24 Utah                             4-9    0.191   -6.44  0.207  0.175     24   24   22   

                                           -------Rating----------------  ----Rank----            
Rank Team                            W-L     KRS    SRS    S-Ix   WRS       S    W    SOS
========================================================================================
 25 Charlotte                        3-9    0.107   -9.56  0.085  0.130     28   26   18   
 26 Detroit                          2-12   0.103   -6.49  0.205  0.000     25   30   16   
 27 Washington                       2-10   0.102   -8.11  0.142  0.063     26   28   10   
 28 San Antonio                      3-10   0.083   -11.73 0.000  0.165     30   25   7    
 29 Memphis                          3-10   0.076   -8.72  0.118  0.033     27   29   30   
 30 Portland                         3-10   0.050   -11.06 0.026  0.074     29   27   20   
</div></pre>
</div>
<div class="tabbertab" title="Points Based">
<pre><div id=data>

                                           -------Rating----------------  ----Rank----            
Rank Team                            W-L     KRS    SRS    S-Ix   WRS       S    W    SOS
========================================================================================
  1 Boston                          11-2    1.000   13.83  1.000  1.000     1    1    4    
  2 Philadelphia                    10-3    0.860   10.21  0.858  0.862     2    2    8    
  3 Oklahoma City                   10-4    0.753   8.12   0.777  0.730     3    5    19   
  4 Minnesota                        9-3    0.780   6.75   0.723  0.837     4    3    11   
  5 New York                         8-5    0.664   6.11   0.698  0.630     5    8    15   
  6 Denver                           9-4    0.702   5.56   0.677  0.728     6    6    17   
  7 Golden State                     6-8    0.544   3.23   0.585  0.503     7    17   1    
  8 Atlanta                          6-6    0.552   3.21   0.585  0.519     8    16   9    

                                           -------Rating----------------  ----Rank----            
Rank Team                            W-L     KRS    SRS    S-Ix   WRS       S    W    SOS
========================================================================================
  9 Milwaukee                        9-4    0.656   2.80   0.568  0.743     9    4    12   
 10 Cleveland                        7-6    0.566   2.44   0.554  0.578     10   12   3    
 11 Indiana                          7-5    0.580   2.27   0.548  0.611     11   9    13   
 12 Houston                          6-5    0.545   2.20   0.545  0.545     12   15   24   
 13 Toronto                          6-7    0.508   1.55   0.520  0.496     13   20   5    
 14 Sacramento                       8-4    0.600   1.45   0.516  0.684     14   7    21   
 15 Orlando                          8-5    0.555   1.33   0.511  0.599     15   11   25   
 16 Brooklyn                         6-7    0.494   0.77   0.489  0.498     16   19   6    

                                           -------Rating----------------  ----Rank----            
Rank Team                            W-L     KRS    SRS    S-Ix   WRS       S    W    SOS
========================================================================================
 17 Dallas                           9-5    0.539   0.27   0.470  0.608     17   10   27   
 18 LA Clippers                      4-7    0.348   -0.34  0.446  0.250     18   23   28   
 19 Phoenix                          7-6    0.446   -0.71  0.431  0.461     19   21   29   
 20 New Orleans                      6-7    0.460   -1.01  0.419  0.500     20   18   2    
 21 Miami                            8-5    0.482   -1.74  0.391  0.574     21   13   26   
 22 LA Lakers                        8-6    0.445   -3.06  0.339  0.551     22   14   23   
 23 Chicago                          5-9    0.315   -3.13  0.336  0.294     23   22   14   
 24 Utah                             4-9    0.191   -6.44  0.207  0.175     24   24   22   

                                           -------Rating----------------  ----Rank----            
Rank Team                            W-L     KRS    SRS    S-Ix   WRS       S    W    SOS
========================================================================================
 25 Detroit                          2-12   0.103   -6.49  0.205  0.000     25   30   16   
 26 Washington                       2-10   0.102   -8.11  0.142  0.063     26   28   10   
 27 Memphis                          3-10   0.076   -8.72  0.118  0.033     27   29   30   
 28 Charlotte                        3-9    0.107   -9.56  0.085  0.130     28   26   18   
 29 Portland                         3-10   0.050   -11.06 0.026  0.074     29   27   20   
 30 San Antonio                      3-10   0.083   -11.73 0.000  0.165     30   25   7    
</div></pre>
</div>
<div class="tabbertab" title="Wins Based">
<pre><div id=data>

                                           -------Rating----------------  ----Rank----            
Rank Team                            W-L     KRS    SRS    S-Ix   WRS       S    W    SOS
========================================================================================
  1 Boston                          11-2    1.000   13.83  1.000  1.000     1    1    4    
  2 Philadelphia                    10-3    0.860   10.21  0.858  0.862     2    2    8    
  3 Minnesota                        9-3    0.780   6.75   0.723  0.837     4    3    11   
  4 Milwaukee                        9-4    0.656   2.80   0.568  0.743     9    4    12   
  5 Oklahoma City                   10-4    0.753   8.12   0.777  0.730     3    5    19   
  6 Denver                           9-4    0.702   5.56   0.677  0.728     6    6    17   
  7 Sacramento                       8-4    0.600   1.45   0.516  0.684     14   7    21   
  8 New York                         8-5    0.664   6.11   0.698  0.630     5    8    15   

                                           -------Rating----------------  ----Rank----            
Rank Team                            W-L     KRS    SRS    S-Ix   WRS       S    W    SOS
========================================================================================
  9 Indiana                          7-5    0.580   2.27   0.548  0.611     11   9    13   
 10 Dallas                           9-5    0.539   0.27   0.470  0.608     17   10   27   
 11 Orlando                          8-5    0.555   1.33   0.511  0.599     15   11   25   
 12 Cleveland                        7-6    0.566   2.44   0.554  0.578     10   12   3    
 13 Miami                            8-5    0.482   -1.74  0.391  0.574     21   13   26   
 14 LA Lakers                        8-6    0.445   -3.06  0.339  0.551     22   14   23   
 15 Houston                          6-5    0.545   2.20   0.545  0.545     12   15   24   
 16 Atlanta                          6-6    0.552   3.21   0.585  0.519     8    16   9    

                                           -------Rating----------------  ----Rank----            
Rank Team                            W-L     KRS    SRS    S-Ix   WRS       S    W    SOS
========================================================================================
 17 Golden State                     6-8    0.544   3.23   0.585  0.503     7    17   1    
 18 New Orleans                      6-7    0.460   -1.01  0.419  0.500     20   18   2    
 19 Brooklyn                         6-7    0.494   0.77   0.489  0.498     16   19   6    
 20 Toronto                          6-7    0.508   1.55   0.520  0.496     13   20   5    
 21 Phoenix                          7-6    0.446   -0.71  0.431  0.461     19   21   29   
 22 Chicago                          5-9    0.315   -3.13  0.336  0.294     23   22   14   
 23 LA Clippers                      4-7    0.348   -0.34  0.446  0.250     18   23   28   
 24 Utah                             4-9    0.191   -6.44  0.207  0.175     24   24   22   

                                           -------Rating----------------  ----Rank----            
Rank Team                            W-L     KRS    SRS    S-Ix   WRS       S    W    SOS
========================================================================================
 25 San Antonio                      3-10   0.083   -11.73 0.000  0.165     30   25   7    
 26 Charlotte                        3-9    0.107   -9.56  0.085  0.130     28   26   18   
 27 Portland                         3-10   0.050   -11.06 0.026  0.074     29   27   20   
 28 Washington                       2-10   0.102   -8.11  0.142  0.063     26   28   10   
 29 Memphis                          3-10   0.076   -8.72  0.118  0.033     27   29   30   
 30 Detroit                          2-12   0.103   -6.49  0.205  0.000     25   30   16   
</div></pre>
</div>
<div class="tabbertab" title="BCS">
<pre><div id=data>

                                           -------Rating----------------  ----Rank----            
Rank Team                            W-L     KRS    SRS    S-Ix   WRS       S    W    SOS
========================================================================================
  1 Boston                          11-2    1.000   13.83  1.000  1.000     1    1    4    
  2 Philadelphia                    10-3    0.860   10.21  0.858  0.862     2    2    8    
  3 Minnesota                        9-3    0.780   6.75   0.723  0.837     4    3    11   
  4 Oklahoma City                   10-4    0.753   8.12   0.777  0.730     3    5    19   
  5 Denver                           9-4    0.702   5.56   0.677  0.728     6    6    17   
  6 New York                         8-5    0.664   6.11   0.698  0.630     5    8    15   
  7 Milwaukee                        9-4    0.656   2.80   0.568  0.743     9    4    12   
  8 Sacramento                       8-4    0.600   1.45   0.516  0.684     14   7    21   

                                           -------Rating----------------  ----Rank----            
Rank Team                            W-L     KRS    SRS    S-Ix   WRS       S    W    SOS
========================================================================================
  9 Indiana                          7-5    0.580   2.27   0.548  0.611     11   9    13   
 10 Cleveland                        7-6    0.566   2.44   0.554  0.578     10   12   3    
 11 Orlando                          8-5    0.555   1.33   0.511  0.599     15   11   25   
 12 Atlanta                          6-6    0.552   3.21   0.585  0.519     8    16   9    
 13 Houston                          6-5    0.545   2.20   0.545  0.545     12   15   24   
 14 Golden State                     6-8    0.544   3.23   0.585  0.503     7    17   1    
 15 Dallas                           9-5    0.539   0.27   0.470  0.608     17   10   27   
 16 Toronto                          6-7    0.508   1.55   0.520  0.496     13   20   5    

                                           -------Rating----------------  ----Rank----            
Rank Team                            W-L     KRS    SRS    S-Ix   WRS       S    W    SOS
========================================================================================
 17 Brooklyn                         6-7    0.494   0.77   0.489  0.498     16   19   6    
 18 Miami                            8-5    0.482   -1.74  0.391  0.574     21   13   26   
 19 New Orleans                      6-7    0.460   -1.01  0.419  0.500     20   18   2    
 20 Phoenix                          7-6    0.446   -0.71  0.431  0.461     19   21   29   
 21 LA Lakers                        8-6    0.445   -3.06  0.339  0.551     22   14   23   
 22 LA Clippers                      4-7    0.348   -0.34  0.446  0.250     18   23   28   
 23 Chicago                          5-9    0.315   -3.13  0.336  0.294     23   22   14   
 24 Utah                             4-9    0.191   -6.44  0.207  0.175     24   24   22   

                                           -------Rating----------------  ----Rank----            
Rank Team                            W-L     KRS    SRS    S-Ix   WRS       S    W    SOS
========================================================================================
 25 Charlotte                        3-9    0.107   -9.56  0.085  0.130     28   26   18   
 26 Detroit                          2-12   0.103   -6.49  0.205  0.000     25   30   16   
 27 Washington                       2-10   0.102   -8.11  0.142  0.063     26   28   10   
 28 San Antonio                      3-10   0.083   -11.73 0.000  0.165     30   25   7    
 29 Memphis                          3-10   0.076   -8.72  0.118  0.033     27   29   30   
 30 Portland                         3-10   0.050   -11.06 0.026  0.074     29   27   20   
</div></pre>
</div>
<div class="tabbertab" title="SOS">
<pre><div id=data>

                                           -------Rating----------------  ----Rank----            
Rank Team                            W-L     KRS    SRS    S-Ix   WRS       S    W    SOS
========================================================================================
  1 Golden State                     6-8    0.544   3.23   0.585  0.503     7    17   1    
  2 New Orleans                      6-7    0.460   -1.01  0.419  0.500     20   18   2    
  3 Cleveland                        7-6    0.566   2.44   0.554  0.578     10   12   3    
  4 Boston                          11-2    1.000   13.83  1.000  1.000     1    1    4    
  5 Toronto                          6-7    0.508   1.55   0.520  0.496     13   20   5    
  6 Brooklyn                         6-7    0.494   0.77   0.489  0.498     16   19   6    
  7 San Antonio                      3-10   0.083   -11.73 0.000  0.165     30   25   7    
  8 Philadelphia                    10-3    0.860   10.21  0.858  0.862     2    2    8    

                                           -------Rating----------------  ----Rank----            
Rank Team                            W-L     KRS    SRS    S-Ix   WRS       S    W    SOS
========================================================================================
  9 Atlanta                          6-6    0.552   3.21   0.585  0.519     8    16   9    
 10 Washington                       2-10   0.102   -8.11  0.142  0.063     26   28   10   
 11 Minnesota                        9-3    0.780   6.75   0.723  0.837     4    3    11   
 12 Milwaukee                        9-4    0.656   2.80   0.568  0.743     9    4    12   
 13 Indiana                          7-5    0.580   2.27   0.548  0.611     11   9    13   
 14 Chicago                          5-9    0.315   -3.13  0.336  0.294     23   22   14   
 15 New York                         8-5    0.664   6.11   0.698  0.630     5    8    15   
 16 Detroit                          2-12   0.103   -6.49  0.205  0.000     25   30   16   

                                           -------Rating----------------  ----Rank----            
Rank Team                            W-L     KRS    SRS    S-Ix   WRS       S    W    SOS
========================================================================================
 17 Denver                           9-4    0.702   5.56   0.677  0.728     6    6    17   
 18 Charlotte                        3-9    0.107   -9.56  0.085  0.130     28   26   18   
 19 Oklahoma City                   10-4    0.753   8.12   0.777  0.730     3    5    19   
 20 Portland                         3-10   0.050   -11.06 0.026  0.074     29   27   20   
 21 Sacramento                       8-4    0.600   1.45   0.516  0.684     14   7    21   
 22 Utah                             4-9    0.191   -6.44  0.207  0.175     24   24   22   
 23 LA Lakers                        8-6    0.445   -3.06  0.339  0.551     22   14   23   
 24 Houston                          6-5    0.545   2.20   0.545  0.545     12   15   24   

                                           -------Rating----------------  ----Rank----            
Rank Team                            W-L     KRS    SRS    S-Ix   WRS       S    W    SOS
========================================================================================
 25 Orlando                          8-5    0.555   1.33   0.511  0.599     15   11   25   
 26 Miami                            8-5    0.482   -1.74  0.391  0.574     21   13   26   
 27 Dallas                           9-5    0.539   0.27   0.470  0.608     17   10   27   
 28 LA Clippers                      4-7    0.348   -0.34  0.446  0.250     18   23   28   
 29 Phoenix                          7-6    0.446   -0.71  0.431  0.461     19   21   29   
 30 Memphis                          3-10   0.076   -8.72  0.118  0.033     27   29   30   
</div></pre>
</div>
	</pre>
	</p>
	</span>
</body>
<body>
<h3>Other links</h3>
<h4>Home</h4>
	<ul>
			<li class="listyle"><a href="https://2skupz.github.io/index.html"> Index</a></li>
	</ul>
</body>
