<html>
<head>
<!-- Global Site Tag (gtag.js) - Google Analytics -->
<title>2023 NBA Rankings</title>
<script type="text/javascript" src="tabber.js">
</script>
<link href="https://fonts.googleapis.com/css?family=Roboto+Slab|Droid+Sans+Mono" rel="stylesheet">
<style>
 body {
			font-family: "Roboto Slab", serif;
			font-size: 12px;
			}
#data {
			font-family: "Droid Sans Mono", serif;
			font-size: 13px;
		}
</style>
<link rel="stylesheet" href="tabbedPage.css" TYPE="text/css" MEDIA="screen">
</head>
<body bgcolor=#fbeec1>
<hr>
<table width=100%>
<tr><td align=left>
<h1 align="center">2023 NBA Rankings</h1>
</td>
</tr></table>
<p>
Standings through 01.01.23
<hr>
<center>
<table width=100% border=1><tr>
<td valign=top>
<div class="tabber">
<div class="tabbertab" title="Ken Power Index">
<pre><div id=data>

                                           -------Rating----------------  ----Rank----            
Rank Team                            W-L     KRS    SRS    S-Ix   WRS       S    W    SOS
========================================================================================
  1 Boston                          26-11   1.000   6.0    1.000  1.000     1    1    22   
  2 Memphis                         23-13   0.889   4.6    0.903  0.874     4    4    7    
  3 Brooklyn                        24-12   0.887   3.6    0.837  0.937     5    2    8    
  4 New Orleans                     23-13   0.885   4.6    0.906  0.864     3    5    20   
  5 Cleveland                       23-14   0.864   4.8    0.920  0.808     2    7    23   
  6 Denver                          24-12   0.806   1.8    0.715  0.898     10   3    29   
  7 Philadelphia                    21-14   0.771   3.3    0.818  0.725     6    8    26   
  8 Milwaukee                       23-13   0.771   1.7    0.705  0.838     11   6    17   

                                           -------Rating----------------  ----Rank----            
Rank Team                            W-L     KRS    SRS    S-Ix   WRS       S    W    SOS
========================================================================================
  9 Dallas                          21-16   0.724   2.3    0.747  0.701     8    9    12   
 10 Phoenix                         20-17   0.716   3.1    0.803  0.630     7    12   14   
 11 Sacramento                      19-16   0.664   1.3    0.677  0.651     12   10   15   
 12 New York                        19-18   0.642   2.2    0.738  0.546     9    16   21   
 13 Indiana                         20-17   0.602   -0.4   0.562  0.643     19   11   13   
 14 Utah                            19-20   0.585   0.8    0.643  0.526     13   18   10   
 15 Portland                        18-17   0.578   -0.1   0.582  0.574     16   14   24   
 16 LA Clippers                     21-17   0.577   -0.5   0.556  0.597     20   13   30   

                                           -------Rating----------------  ----Rank----            
Rank Team                            W-L     KRS    SRS    S-Ix   WRS       S    W    SOS
========================================================================================
 17 Golden State                    19-18   0.568   -0.4   0.566  0.571     17   15   11   
 18 Toronto                         16-20   0.538   0.6    0.634  0.442     14   20   3    
 19 Washington                      17-21   0.527   0.2    0.601  0.454     15   19   4    
 20 Miami                           19-18   0.527   -1.1   0.516  0.537     21   17   28   
 21 Chicago                         16-20   0.503   -0.4   0.566  0.440     18   21   2    
 22 Atlanta                         17-19   0.462   -1.4   0.497  0.426     22   22   25   
 23 Oklahoma City                   15-21   0.423   -1.5   0.486  0.361     23   23   9    
 24 Minnesota                       16-21   0.407   -1.9   0.461  0.353     24   24   27   

                                           -------Rating----------------  ----Rank----            
Rank Team                            W-L     KRS    SRS    S-Ix   WRS       S    W    SOS
========================================================================================
 25 LA Lakers                       15-21   0.404   -1.9   0.460  0.348     25   25   19   
 26 Orlando                         13-24   0.222   -4.3   0.294  0.150     26   26   18   
 27 Houston                         10-26   0.105   -6.1   0.170  0.040     28   28   6    
 28 Detroit                         10-29   0.094   -5.9   0.188  0.000     27   30   1    
 29 Charlotte                       10-27   0.086   -6.4   0.153  0.019     29   29   5    
 30 San Antonio                     12-24   0.067   -8.6   0.000  0.134     30   27   16   
</div></pre>
</div>
<div class="tabbertab" title="Points Based">
<pre><div id=data>

                                           -------Rating----------------  ----Rank----            
Rank Team                            W-L     KRS    SRS    S-Ix   WRS       S    W    SOS
========================================================================================
  1 Boston                          26-11   1.000   6.0    1.000  1.000     1    1    22   
  2 Cleveland                       23-14   0.864   4.8    0.920  0.808     2    7    23   
  3 New Orleans                     23-13   0.885   4.6    0.906  0.864     3    5    20   
  4 Memphis                         23-13   0.889   4.6    0.903  0.874     4    4    7    
  5 Brooklyn                        24-12   0.887   3.6    0.837  0.937     5    2    8    
  6 Philadelphia                    21-14   0.771   3.3    0.818  0.725     6    8    26   
  7 Phoenix                         20-17   0.716   3.1    0.803  0.630     7    12   14   
  8 Dallas                          21-16   0.724   2.3    0.747  0.701     8    9    12   

                                           -------Rating----------------  ----Rank----            
Rank Team                            W-L     KRS    SRS    S-Ix   WRS       S    W    SOS
========================================================================================
  9 New York                        19-18   0.642   2.2    0.738  0.546     9    16   21   
 10 Denver                          24-12   0.806   1.8    0.715  0.898     10   3    29   
 11 Milwaukee                       23-13   0.771   1.7    0.705  0.838     11   6    17   
 12 Sacramento                      19-16   0.664   1.3    0.677  0.651     12   10   15   
 13 Utah                            19-20   0.585   0.8    0.643  0.526     13   18   10   
 14 Toronto                         16-20   0.538   0.6    0.634  0.442     14   20   3    
 15 Washington                      17-21   0.527   0.2    0.601  0.454     15   19   4    
 16 Portland                        18-17   0.578   -0.1   0.582  0.574     16   14   24   

                                           -------Rating----------------  ----Rank----            
Rank Team                            W-L     KRS    SRS    S-Ix   WRS       S    W    SOS
========================================================================================
 17 Golden State                    19-18   0.568   -0.4   0.566  0.571     17   15   11   
 18 Chicago                         16-20   0.503   -0.4   0.566  0.440     18   21   2    
 19 Indiana                         20-17   0.602   -0.4   0.562  0.643     19   11   13   
 20 LA Clippers                     21-17   0.577   -0.5   0.556  0.597     20   13   30   
 21 Miami                           19-18   0.527   -1.1   0.516  0.537     21   17   28   
 22 Atlanta                         17-19   0.462   -1.4   0.497  0.426     22   22   25   
 23 Oklahoma City                   15-21   0.423   -1.5   0.486  0.361     23   23   9    
 24 Minnesota                       16-21   0.407   -1.9   0.461  0.353     24   24   27   

                                           -------Rating----------------  ----Rank----            
Rank Team                            W-L     KRS    SRS    S-Ix   WRS       S    W    SOS
========================================================================================
 25 LA Lakers                       15-21   0.404   -1.9   0.460  0.348     25   25   19   
 26 Orlando                         13-24   0.222   -4.3   0.294  0.150     26   26   18   
 27 Detroit                         10-29   0.094   -5.9   0.188  0.000     27   30   1    
 28 Houston                         10-26   0.105   -6.1   0.170  0.040     28   28   6    
 29 Charlotte                       10-27   0.086   -6.4   0.153  0.019     29   29   5    
 30 San Antonio                     12-24   0.067   -8.6   0.000  0.134     30   27   16   
</div></pre>
</div>
<div class="tabbertab" title="Wins Based">
<pre><div id=data>

                                           -------Rating----------------  ----Rank----            
Rank Team                            W-L     KRS    SRS    S-Ix   WRS       S    W    SOS
========================================================================================
  1 Boston                          26-11   1.000   6.0    1.000  1.000     1    1    22   
  2 Brooklyn                        24-12   0.887   3.6    0.837  0.937     5    2    8    
  3 Denver                          24-12   0.806   1.8    0.715  0.898     10   3    29   
  4 Memphis                         23-13   0.889   4.6    0.903  0.874     4    4    7    
  5 New Orleans                     23-13   0.885   4.6    0.906  0.864     3    5    20   
  6 Milwaukee                       23-13   0.771   1.7    0.705  0.838     11   6    17   
  7 Cleveland                       23-14   0.864   4.8    0.920  0.808     2    7    23   
  8 Philadelphia                    21-14   0.771   3.3    0.818  0.725     6    8    26   

                                           -------Rating----------------  ----Rank----            
Rank Team                            W-L     KRS    SRS    S-Ix   WRS       S    W    SOS
========================================================================================
  9 Dallas                          21-16   0.724   2.3    0.747  0.701     8    9    12   
 10 Sacramento                      19-16   0.664   1.3    0.677  0.651     12   10   15   
 11 Indiana                         20-17   0.602   -0.4   0.562  0.643     19   11   13   
 12 Phoenix                         20-17   0.716   3.1    0.803  0.630     7    12   14   
 13 LA Clippers                     21-17   0.577   -0.5   0.556  0.597     20   13   30   
 14 Portland                        18-17   0.578   -0.1   0.582  0.574     16   14   24   
 15 Golden State                    19-18   0.568   -0.4   0.566  0.571     17   15   11   
 16 New York                        19-18   0.642   2.2    0.738  0.546     9    16   21   

                                           -------Rating----------------  ----Rank----            
Rank Team                            W-L     KRS    SRS    S-Ix   WRS       S    W    SOS
========================================================================================
 17 Miami                           19-18   0.527   -1.1   0.516  0.537     21   17   28   
 18 Utah                            19-20   0.585   0.8    0.643  0.526     13   18   10   
 19 Washington                      17-21   0.527   0.2    0.601  0.454     15   19   4    
 20 Toronto                         16-20   0.538   0.6    0.634  0.442     14   20   3    
 21 Chicago                         16-20   0.503   -0.4   0.566  0.440     18   21   2    
 22 Atlanta                         17-19   0.462   -1.4   0.497  0.426     22   22   25   
 23 Oklahoma City                   15-21   0.423   -1.5   0.486  0.361     23   23   9    
 24 Minnesota                       16-21   0.407   -1.9   0.461  0.353     24   24   27   

                                           -------Rating----------------  ----Rank----            
Rank Team                            W-L     KRS    SRS    S-Ix   WRS       S    W    SOS
========================================================================================
 25 LA Lakers                       15-21   0.404   -1.9   0.460  0.348     25   25   19   
 26 Orlando                         13-24   0.222   -4.3   0.294  0.150     26   26   18   
 27 San Antonio                     12-24   0.067   -8.6   0.000  0.134     30   27   16   
 28 Houston                         10-26   0.105   -6.1   0.170  0.040     28   28   6    
 29 Charlotte                       10-27   0.086   -6.4   0.153  0.019     29   29   5    
 30 Detroit                         10-29   0.094   -5.9   0.188  0.000     27   30   1    
</div></pre>
</div>
<div class="tabbertab" title="BCS">
<pre><div id=data>

                                           -------Rating----------------  ----Rank----            
Rank Team                            W-L     KRS    SRS    S-Ix   WRS       S    W    SOS
========================================================================================
  1 Boston                          26-11   1.000   6.0    1.000  1.000     1    1    22   
  2 Memphis                         23-13   0.889   4.6    0.903  0.874     4    4    7    
  3 Brooklyn                        24-12   0.887   3.6    0.837  0.937     5    2    8    
  4 New Orleans                     23-13   0.885   4.6    0.906  0.864     3    5    20   
  5 Cleveland                       23-14   0.864   4.8    0.920  0.808     2    7    23   
  6 Denver                          24-12   0.806   1.8    0.715  0.898     10   3    29   
  7 Philadelphia                    21-14   0.771   3.3    0.818  0.725     6    8    26   
  8 Milwaukee                       23-13   0.771   1.7    0.705  0.838     11   6    17   

                                           -------Rating----------------  ----Rank----            
Rank Team                            W-L     KRS    SRS    S-Ix   WRS       S    W    SOS
========================================================================================
  9 Dallas                          21-16   0.724   2.3    0.747  0.701     8    9    12   
 10 Phoenix                         20-17   0.716   3.1    0.803  0.630     7    12   14   
 11 Sacramento                      19-16   0.664   1.3    0.677  0.651     12   10   15   
 12 New York                        19-18   0.642   2.2    0.738  0.546     9    16   21   
 13 Indiana                         20-17   0.602   -0.4   0.562  0.643     19   11   13   
 14 Utah                            19-20   0.585   0.8    0.643  0.526     13   18   10   
 15 Portland                        18-17   0.578   -0.1   0.582  0.574     16   14   24   
 16 LA Clippers                     21-17   0.577   -0.5   0.556  0.597     20   13   30   

                                           -------Rating----------------  ----Rank----            
Rank Team                            W-L     KRS    SRS    S-Ix   WRS       S    W    SOS
========================================================================================
 17 Golden State                    19-18   0.568   -0.4   0.566  0.571     17   15   11   
 18 Toronto                         16-20   0.538   0.6    0.634  0.442     14   20   3    
 19 Washington                      17-21   0.527   0.2    0.601  0.454     15   19   4    
 20 Miami                           19-18   0.527   -1.1   0.516  0.537     21   17   28   
 21 Chicago                         16-20   0.503   -0.4   0.566  0.440     18   21   2    
 22 Atlanta                         17-19   0.462   -1.4   0.497  0.426     22   22   25   
 23 Oklahoma City                   15-21   0.423   -1.5   0.486  0.361     23   23   9    
 24 Minnesota                       16-21   0.407   -1.9   0.461  0.353     24   24   27   

                                           -------Rating----------------  ----Rank----            
Rank Team                            W-L     KRS    SRS    S-Ix   WRS       S    W    SOS
========================================================================================
 25 LA Lakers                       15-21   0.404   -1.9   0.460  0.348     25   25   19   
 26 Orlando                         13-24   0.222   -4.3   0.294  0.150     26   26   18   
 27 Houston                         10-26   0.105   -6.1   0.170  0.040     28   28   6    
 28 Detroit                         10-29   0.094   -5.9   0.188  0.000     27   30   1    
 29 Charlotte                       10-27   0.086   -6.4   0.153  0.019     29   29   5    
 30 San Antonio                     12-24   0.067   -8.6   0.000  0.134     30   27   16   
</div></pre>
</div>
<div class="tabbertab" title="SOS">
<pre><div id=data>

                                           -------Rating----------------  ----Rank----            
Rank Team                            W-L     KRS    SRS    S-Ix   WRS       S    W    SOS
========================================================================================
  1 Detroit                         10-29   0.094   -5.9   0.188  0.000     27   30   1    
  2 Chicago                         16-20   0.503   -0.4   0.566  0.440     18   21   2    
  3 Toronto                         16-20   0.538   0.6    0.634  0.442     14   20   3    
  4 Washington                      17-21   0.527   0.2    0.601  0.454     15   19   4    
  5 Charlotte                       10-27   0.086   -6.4   0.153  0.019     29   29   5    
  6 Houston                         10-26   0.105   -6.1   0.170  0.040     28   28   6    
  7 Memphis                         23-13   0.889   4.6    0.903  0.874     4    4    7    
  8 Brooklyn                        24-12   0.887   3.6    0.837  0.937     5    2    8    

                                           -------Rating----------------  ----Rank----            
Rank Team                            W-L     KRS    SRS    S-Ix   WRS       S    W    SOS
========================================================================================
  9 Oklahoma City                   15-21   0.423   -1.5   0.486  0.361     23   23   9    
 10 Utah                            19-20   0.585   0.8    0.643  0.526     13   18   10   
 11 Golden State                    19-18   0.568   -0.4   0.566  0.571     17   15   11   
 12 Dallas                          21-16   0.724   2.3    0.747  0.701     8    9    12   
 13 Indiana                         20-17   0.602   -0.4   0.562  0.643     19   11   13   
 14 Phoenix                         20-17   0.716   3.1    0.803  0.630     7    12   14   
 15 Sacramento                      19-16   0.664   1.3    0.677  0.651     12   10   15   
 16 San Antonio                     12-24   0.067   -8.6   0.000  0.134     30   27   16   

                                           -------Rating----------------  ----Rank----            
Rank Team                            W-L     KRS    SRS    S-Ix   WRS       S    W    SOS
========================================================================================
 17 Milwaukee                       23-13   0.771   1.7    0.705  0.838     11   6    17   
 18 Orlando                         13-24   0.222   -4.3   0.294  0.150     26   26   18   
 19 LA Lakers                       15-21   0.404   -1.9   0.460  0.348     25   25   19   
 20 New Orleans                     23-13   0.885   4.6    0.906  0.864     3    5    20   
 21 New York                        19-18   0.642   2.2    0.738  0.546     9    16   21   
 22 Boston                          26-11   1.000   6.0    1.000  1.000     1    1    22   
 23 Cleveland                       23-14   0.864   4.8    0.920  0.808     2    7    23   
 24 Portland                        18-17   0.578   -0.1   0.582  0.574     16   14   24   

                                           -------Rating----------------  ----Rank----            
Rank Team                            W-L     KRS    SRS    S-Ix   WRS       S    W    SOS
========================================================================================
 25 Atlanta                         17-19   0.462   -1.4   0.497  0.426     22   22   25   
 26 Philadelphia                    21-14   0.771   3.3    0.818  0.725     6    8    26   
 27 Minnesota                       16-21   0.407   -1.9   0.461  0.353     24   24   27   
 28 Miami                           19-18   0.527   -1.1   0.516  0.537     21   17   28   
 29 Denver                          24-12   0.806   1.8    0.715  0.898     10   3    29   
 30 LA Clippers                     21-17   0.577   -0.5   0.556  0.597     20   13   30   
</div></pre>
</div>
	</pre>
	</p>
	</span>
</body>
<body>
<h3>Other links</h3>
<h4>Pro</h4>
	<ul>
			<li class="listyle"><a href="https://2skupz.github.io/nflKpi.html"> NFL</a></li>
			<li class="listyle"><a href="https://2skupz.github.io/nbaKpi.html"> NBA</a></li>
			<li class="listyle"><a href="https://2skupz.github.io/nhlKpi.html"> NHL</a></li>
	</ul>
<h4>Football</h4>
	<ul>
			<li class="listyle"><a href="https://2skupz.github.io/fbD1Rankings.html"> Division I</a></li>
			<li class="listyle"><a href="https://2skupz.github.io/fbFBSRankings.html"> Division I - FBS</a></li>
			<li class="listyle"><a href="https://2skupz.github.io/fbFCSRankings.html"> Division I - FCS</a></li>
			<li class="listyle"><a href="https://2skupz.github.io/fbD2Rankings.html"> Division II</a></li>
			<li class="listyle"><a href="https://2skupz.github.io/fbD3Rankings.html"> Division III</a></li>
	</ul>
<h4>Baseball</h4>
	<ul>
			<li class="listyle"><a href="https://2skupz.github.io/mlbPlayoffOdds.html"> MLB Playoff Odds</a></li>
			<li class="listyle"><a href="https://2skupz.github.io/baseD1Rankings.html"> Division 1</a></li>
			<li class="listyle"><a href="https://2skupz.github.io/baseD1Rankings.html"> Division 2</a></li>
			<li class="listyle"><a href="https://2skupz.github.io/baseD1Rankings.html"> Division 3</a></li>
	</ul>
<h4>Men's College Basketball</h4>
	<ul>
			<li class="listyle"><a href="https://2skupz.github.io/d1MbbRankings.html"> Division 1</a></li>
			<li class="listyle"><a href="https://2skupz.github.io/d2MbbRankings.html"> Division 2</a></li>
			<li class="listyle"><a href="https://2skupz.github.io/d3MbbRankings.html"> Division 3</a></li>
			<li class="listyle"><a href="https://2skupz.github.io/uSportMbbRankings.html"> U Sports</a></li>
	</ul>
<h4>Women's College Basketball</h4>
	<ul>
			<li class="listyle"><a href="https://2skupz.github.io/d1WbbRankings.html"> Division 1</a></li>
			<li class="listyle"><a href="https://2skupz.github.io/d2WbbRankings.html"> Division 2</a></li>
			<li class="listyle"><a href="https://2skupz.github.io/d3WbbRankings.html"> Division 3</a></li>
			<li class="listyle"><a href="https://2skupz.github.io/uSportsWbbRankings.html"> U Sports</a></li>
	</ul>
</body>
