<html>
<head>
<!-- Global Site Tag (gtag.js) - Google Analytics -->
<title>2023 NBA Rankings</title>
<script type="text/javascript" src="tabber.js">
</script>
<link href="https://fonts.googleapis.com/css?family=Roboto+Slab|Droid+Sans+Mono" rel="stylesheet">
<style>
 body {
			font-family: "Roboto Slab", serif;
			font-size: 12px;
			}
#data {
			font-family: "Droid Sans Mono", serif;
			font-size: 13px;
		}
</style>
<link rel="stylesheet" href="tabbedPage.css" TYPE="text/css" MEDIA="screen">
</head>
<body bgcolor=#fbeec1>
<hr>
<table width=100%>
<tr><td align=left>
<h1 align="center">2023 NBA Rankings</h1>
</td>
</tr></table>
<p>
Standings through 12.20.22
<hr>
<center>
<table width=100% border=1><tr>
<td valign=top>
<div class="tabber">
<div class="tabbertab" title="Ken Power Index">
<pre><div id=data>

                                           -------Rating----------------  ----Rank----            
Rank Team                            W-L     KRS    SRS    S-Ix   WRS       S    W    SOS
========================================================================================
  1 Boston                          22-9    0.948   5.8    0.972  0.924     2    2    23   
  2 Milwaukee                       22-8    0.933   4.1    0.866  1.000     5    1    21   
  3 Cleveland                       21-11   0.917   6.2    1.000  0.834     1    3    24   
  4 Memphis                         19-11   0.833   4.0    0.857  0.809     6    4    18   
  5 New Orleans                     18-12   0.828   4.9    0.914  0.743     3    6    12   
  6 Phoenix                         19-13   0.807   4.7    0.907  0.706     4    8    22   
  7 New York                        18-13   0.759   3.4    0.817  0.700     7    9    7    
  8 Philadelphia                    17-12   0.728   2.9    0.788  0.669     8    10   25   

                                           -------Rating----------------  ----Rank----            
Rank Team                            W-L     KRS    SRS    S-Ix   WRS       S    W    SOS
========================================================================================
  9 Brooklyn                        19-12   0.707   1.5    0.693  0.721     11   7    19   
 10 Denver                          19-11   0.692   0.5    0.633  0.752     13   5    30   
 11 Sacramento                      16-13   0.667   1.8    0.718  0.617     10   13   20   
 12 Utah                            18-16   0.653   1.3    0.686  0.621     12   12   5    
 13 Dallas                          15-16   0.644   2.3    0.747  0.541     9    15   2    
 14 Portland                        17-14   0.641   0.5    0.632  0.649     14   11   14   
 15 LA Clippers                     18-14   0.550   -1.5   0.503  0.597     21   14   29   
 16 Atlanta                         16-15   0.532   -1.0   0.534  0.531     18   16   11   

                                           -------Rating----------------  ----Rank----            
Rank Team                            W-L     KRS    SRS    S-Ix   WRS       S    W    SOS
========================================================================================
 17 Minnesota                       16-15   0.527   -1.1   0.530  0.523     19   17   26   
 18 Golden State                    15-17   0.517   -0.2   0.583  0.452     16   19   8    
 19 Miami                           16-16   0.464   -1.9   0.477  0.452     24   18   27   
 20 Oklahoma City                   13-18   0.462   -1.1   0.526  0.397     20   22   6    
 21 Toronto                         13-18   0.461   0.0    0.599  0.324     15   24   13   
 22 Indiana                         15-16   0.458   -1.8   0.484  0.432     23   20   28   
 23 Chicago                         12-18   0.448   -0.6   0.559  0.336     17   23   3    
 24 LA Lakers                       13-17   0.444   -1.7   0.488  0.400     22   21   17   

                                           -------Rating----------------  ----Rank----            
Rank Team                            W-L     KRS    SRS    S-Ix   WRS       S    W    SOS
========================================================================================
 25 Washington                      12-20   0.327   -2.9   0.412  0.243     25   25   16   
 26 Orlando                         11-21   0.286   -3.2   0.389  0.183     26   26   4    
 27 Houston                          9-21   0.182   -5.6   0.235  0.130     28   28   9    
 28 Detroit                          8-25   0.137   -5.5   0.245  0.029     27   29   1    
 29 Charlotte                        8-23   0.087   -6.5   0.175  0.000     29   30   10   
 30 San Antonio                     10-20   0.081   -9.2   0.000  0.162     30   27   15   
</div></pre>
</div>
<div class="tabbertab" title="Points Based">
<pre><div id=data>

                                           -------Rating----------------  ----Rank----            
Rank Team                            W-L     KRS    SRS    S-Ix   WRS       S    W    SOS
========================================================================================
  1 Cleveland                       21-11   0.917   6.2    1.000  0.834     1    3    24   
  2 Boston                          22-9    0.948   5.8    0.972  0.924     2    2    23   
  3 New Orleans                     18-12   0.828   4.9    0.914  0.743     3    6    12   
  4 Phoenix                         19-13   0.807   4.7    0.907  0.706     4    8    22   
  5 Milwaukee                       22-8    0.933   4.1    0.866  1.000     5    1    21   
  6 Memphis                         19-11   0.833   4.0    0.857  0.809     6    4    18   
  7 New York                        18-13   0.759   3.4    0.817  0.700     7    9    7    
  8 Philadelphia                    17-12   0.728   2.9    0.788  0.669     8    10   25   

                                           -------Rating----------------  ----Rank----            
Rank Team                            W-L     KRS    SRS    S-Ix   WRS       S    W    SOS
========================================================================================
  9 Dallas                          15-16   0.644   2.3    0.747  0.541     9    15   2    
 10 Sacramento                      16-13   0.667   1.8    0.718  0.617     10   13   20   
 11 Brooklyn                        19-12   0.707   1.5    0.693  0.721     11   7    19   
 12 Utah                            18-16   0.653   1.3    0.686  0.621     12   12   5    
 13 Denver                          19-11   0.692   0.5    0.633  0.752     13   5    30   
 14 Portland                        17-14   0.641   0.5    0.632  0.649     14   11   14   
 15 Toronto                         13-18   0.461   0.0    0.599  0.324     15   24   13   
 16 Golden State                    15-17   0.517   -0.2   0.583  0.452     16   19   8    

                                           -------Rating----------------  ----Rank----            
Rank Team                            W-L     KRS    SRS    S-Ix   WRS       S    W    SOS
========================================================================================
 17 Chicago                         12-18   0.448   -0.6   0.559  0.336     17   23   3    
 18 Atlanta                         16-15   0.532   -1.0   0.534  0.531     18   16   11   
 19 Minnesota                       16-15   0.527   -1.1   0.530  0.523     19   17   26   
 20 Oklahoma City                   13-18   0.462   -1.1   0.526  0.397     20   22   6    
 21 LA Clippers                     18-14   0.550   -1.5   0.503  0.597     21   14   29   
 22 LA Lakers                       13-17   0.444   -1.7   0.488  0.400     22   21   17   
 23 Indiana                         15-16   0.458   -1.8   0.484  0.432     23   20   28   
 24 Miami                           16-16   0.464   -1.9   0.477  0.452     24   18   27   

                                           -------Rating----------------  ----Rank----            
Rank Team                            W-L     KRS    SRS    S-Ix   WRS       S    W    SOS
========================================================================================
 25 Washington                      12-20   0.327   -2.9   0.412  0.243     25   25   16   
 26 Orlando                         11-21   0.286   -3.2   0.389  0.183     26   26   4    
 27 Detroit                          8-25   0.137   -5.5   0.245  0.029     27   29   1    
 28 Houston                          9-21   0.182   -5.6   0.235  0.130     28   28   9    
 29 Charlotte                        8-23   0.087   -6.5   0.175  0.000     29   30   10   
 30 San Antonio                     10-20   0.081   -9.2   0.000  0.162     30   27   15   
</div></pre>
</div>
<div class="tabbertab" title="Wins Based">
<pre><div id=data>

                                           -------Rating----------------  ----Rank----            
Rank Team                            W-L     KRS    SRS    S-Ix   WRS       S    W    SOS
========================================================================================
  1 Milwaukee                       22-8    0.933   4.1    0.866  1.000     5    1    21   
  2 Boston                          22-9    0.948   5.8    0.972  0.924     2    2    23   
  3 Cleveland                       21-11   0.917   6.2    1.000  0.834     1    3    24   
  4 Memphis                         19-11   0.833   4.0    0.857  0.809     6    4    18   
  5 Denver                          19-11   0.692   0.5    0.633  0.752     13   5    30   
  6 New Orleans                     18-12   0.828   4.9    0.914  0.743     3    6    12   
  7 Brooklyn                        19-12   0.707   1.5    0.693  0.721     11   7    19   
  8 Phoenix                         19-13   0.807   4.7    0.907  0.706     4    8    22   

                                           -------Rating----------------  ----Rank----            
Rank Team                            W-L     KRS    SRS    S-Ix   WRS       S    W    SOS
========================================================================================
  9 New York                        18-13   0.759   3.4    0.817  0.700     7    9    7    
 10 Philadelphia                    17-12   0.728   2.9    0.788  0.669     8    10   25   
 11 Portland                        17-14   0.641   0.5    0.632  0.649     14   11   14   
 12 Utah                            18-16   0.653   1.3    0.686  0.621     12   12   5    
 13 Sacramento                      16-13   0.667   1.8    0.718  0.617     10   13   20   
 14 LA Clippers                     18-14   0.550   -1.5   0.503  0.597     21   14   29   
 15 Dallas                          15-16   0.644   2.3    0.747  0.541     9    15   2    
 16 Atlanta                         16-15   0.532   -1.0   0.534  0.531     18   16   11   

                                           -------Rating----------------  ----Rank----            
Rank Team                            W-L     KRS    SRS    S-Ix   WRS       S    W    SOS
========================================================================================
 17 Minnesota                       16-15   0.527   -1.1   0.530  0.523     19   17   26   
 18 Miami                           16-16   0.464   -1.9   0.477  0.452     24   18   27   
 19 Golden State                    15-17   0.517   -0.2   0.583  0.452     16   19   8    
 20 Indiana                         15-16   0.458   -1.8   0.484  0.432     23   20   28   
 21 LA Lakers                       13-17   0.444   -1.7   0.488  0.400     22   21   17   
 22 Oklahoma City                   13-18   0.462   -1.1   0.526  0.397     20   22   6    
 23 Chicago                         12-18   0.448   -0.6   0.559  0.336     17   23   3    
 24 Toronto                         13-18   0.461   0.0    0.599  0.324     15   24   13   

                                           -------Rating----------------  ----Rank----            
Rank Team                            W-L     KRS    SRS    S-Ix   WRS       S    W    SOS
========================================================================================
 25 Washington                      12-20   0.327   -2.9   0.412  0.243     25   25   16   
 26 Orlando                         11-21   0.286   -3.2   0.389  0.183     26   26   4    
 27 San Antonio                     10-20   0.081   -9.2   0.000  0.162     30   27   15   
 28 Houston                          9-21   0.182   -5.6   0.235  0.130     28   28   9    
 29 Detroit                          8-25   0.137   -5.5   0.245  0.029     27   29   1    
 30 Charlotte                        8-23   0.087   -6.5   0.175  0.000     29   30   10   
</div></pre>
</div>
<div class="tabbertab" title="BCS">
<pre><div id=data>

                                           -------Rating----------------  ----Rank----            
Rank Team                            W-L     KRS    SRS    S-Ix   WRS       S    W    SOS
========================================================================================
  1 Boston                          22-9    0.948   5.8    0.972  0.924     2    2    23   
  2 Milwaukee                       22-8    0.933   4.1    0.866  1.000     5    1    21   
  3 Cleveland                       21-11   0.917   6.2    1.000  0.834     1    3    24   
  4 Memphis                         19-11   0.833   4.0    0.857  0.809     6    4    18   
  5 New Orleans                     18-12   0.828   4.9    0.914  0.743     3    6    12   
  6 Phoenix                         19-13   0.807   4.7    0.907  0.706     4    8    22   
  7 New York                        18-13   0.759   3.4    0.817  0.700     7    9    7    
  8 Philadelphia                    17-12   0.728   2.9    0.788  0.669     8    10   25   

                                           -------Rating----------------  ----Rank----            
Rank Team                            W-L     KRS    SRS    S-Ix   WRS       S    W    SOS
========================================================================================
  9 Brooklyn                        19-12   0.707   1.5    0.693  0.721     11   7    19   
 10 Denver                          19-11   0.692   0.5    0.633  0.752     13   5    30   
 11 Sacramento                      16-13   0.667   1.8    0.718  0.617     10   13   20   
 12 Utah                            18-16   0.653   1.3    0.686  0.621     12   12   5    
 13 Dallas                          15-16   0.644   2.3    0.747  0.541     9    15   2    
 14 Portland                        17-14   0.641   0.5    0.632  0.649     14   11   14   
 15 LA Clippers                     18-14   0.550   -1.5   0.503  0.597     21   14   29   
 16 Atlanta                         16-15   0.532   -1.0   0.534  0.531     18   16   11   

                                           -------Rating----------------  ----Rank----            
Rank Team                            W-L     KRS    SRS    S-Ix   WRS       S    W    SOS
========================================================================================
 17 Minnesota                       16-15   0.527   -1.1   0.530  0.523     19   17   26   
 18 Golden State                    15-17   0.517   -0.2   0.583  0.452     16   19   8    
 19 Miami                           16-16   0.464   -1.9   0.477  0.452     24   18   27   
 20 Oklahoma City                   13-18   0.462   -1.1   0.526  0.397     20   22   6    
 21 Toronto                         13-18   0.461   0.0    0.599  0.324     15   24   13   
 22 Indiana                         15-16   0.458   -1.8   0.484  0.432     23   20   28   
 23 Chicago                         12-18   0.448   -0.6   0.559  0.336     17   23   3    
 24 LA Lakers                       13-17   0.444   -1.7   0.488  0.400     22   21   17   

                                           -------Rating----------------  ----Rank----            
Rank Team                            W-L     KRS    SRS    S-Ix   WRS       S    W    SOS
========================================================================================
 25 Washington                      12-20   0.327   -2.9   0.412  0.243     25   25   16   
 26 Orlando                         11-21   0.286   -3.2   0.389  0.183     26   26   4    
 27 Houston                          9-21   0.182   -5.6   0.235  0.130     28   28   9    
 28 Detroit                          8-25   0.137   -5.5   0.245  0.029     27   29   1    
 29 Charlotte                        8-23   0.087   -6.5   0.175  0.000     29   30   10   
 30 San Antonio                     10-20   0.081   -9.2   0.000  0.162     30   27   15   
</div></pre>
</div>
<div class="tabbertab" title="SOS">
<pre><div id=data>

                                           -------Rating----------------  ----Rank----            
Rank Team                            W-L     KRS    SRS    S-Ix   WRS       S    W    SOS
========================================================================================
  1 Detroit                          8-25   0.137   -5.5   0.245  0.029     27   29   1    
  2 Dallas                          15-16   0.644   2.3    0.747  0.541     9    15   2    
  3 Chicago                         12-18   0.448   -0.6   0.559  0.336     17   23   3    
  4 Orlando                         11-21   0.286   -3.2   0.389  0.183     26   26   4    
  5 Utah                            18-16   0.653   1.3    0.686  0.621     12   12   5    
  6 Oklahoma City                   13-18   0.462   -1.1   0.526  0.397     20   22   6    
  7 New York                        18-13   0.759   3.4    0.817  0.700     7    9    7    
  8 Golden State                    15-17   0.517   -0.2   0.583  0.452     16   19   8    

                                           -------Rating----------------  ----Rank----            
Rank Team                            W-L     KRS    SRS    S-Ix   WRS       S    W    SOS
========================================================================================
  9 Houston                          9-21   0.182   -5.6   0.235  0.130     28   28   9    
 10 Charlotte                        8-23   0.087   -6.5   0.175  0.000     29   30   10   
 11 Atlanta                         16-15   0.532   -1.0   0.534  0.531     18   16   11   
 12 New Orleans                     18-12   0.828   4.9    0.914  0.743     3    6    12   
 13 Toronto                         13-18   0.461   0.0    0.599  0.324     15   24   13   
 14 Portland                        17-14   0.641   0.5    0.632  0.649     14   11   14   
 15 San Antonio                     10-20   0.081   -9.2   0.000  0.162     30   27   15   
 16 Washington                      12-20   0.327   -2.9   0.412  0.243     25   25   16   

                                           -------Rating----------------  ----Rank----            
Rank Team                            W-L     KRS    SRS    S-Ix   WRS       S    W    SOS
========================================================================================
 17 LA Lakers                       13-17   0.444   -1.7   0.488  0.400     22   21   17   
 18 Memphis                         19-11   0.833   4.0    0.857  0.809     6    4    18   
 19 Brooklyn                        19-12   0.707   1.5    0.693  0.721     11   7    19   
 20 Sacramento                      16-13   0.667   1.8    0.718  0.617     10   13   20   
 21 Milwaukee                       22-8    0.933   4.1    0.866  1.000     5    1    21   
 22 Phoenix                         19-13   0.807   4.7    0.907  0.706     4    8    22   
 23 Boston                          22-9    0.948   5.8    0.972  0.924     2    2    23   
 24 Cleveland                       21-11   0.917   6.2    1.000  0.834     1    3    24   

                                           -------Rating----------------  ----Rank----            
Rank Team                            W-L     KRS    SRS    S-Ix   WRS       S    W    SOS
========================================================================================
 25 Philadelphia                    17-12   0.728   2.9    0.788  0.669     8    10   25   
 26 Minnesota                       16-15   0.527   -1.1   0.530  0.523     19   17   26   
 27 Miami                           16-16   0.464   -1.9   0.477  0.452     24   18   27   
 28 Indiana                         15-16   0.458   -1.8   0.484  0.432     23   20   28   
 29 LA Clippers                     18-14   0.550   -1.5   0.503  0.597     21   14   29   
 30 Denver                          19-11   0.692   0.5    0.633  0.752     13   5    30   
</div></pre>
</div>
	</pre>
	</p>
	</span>
</body>
<body>
<h3>Other links</h3>
<h4>Pro</h4>
	<ul>
			<li class="listyle"><a href="https://2skupz.github.io/nflKpi.html"> NFL</a></li>
			<li class="listyle"><a href="https://2skupz.github.io/nbaKpi.html"> NBA</a></li>
			<li class="listyle"><a href="https://2skupz.github.io/nhlKpi.html"> NHL</a></li>
	</ul>
<h4>Football</h4>
	<ul>
			<li class="listyle"><a href="https://2skupz.github.io/fbD1Rankings.html"> Division I</a></li>
			<li class="listyle"><a href="https://2skupz.github.io/fbFBSRankings.html"> Division I - FBS</a></li>
			<li class="listyle"><a href="https://2skupz.github.io/fbFCSRankings.html"> Division I - FCS</a></li>
			<li class="listyle"><a href="https://2skupz.github.io/fbD2Rankings.html"> Division II</a></li>
			<li class="listyle"><a href="https://2skupz.github.io/fbD3Rankings.html"> Division III</a></li>
	</ul>
<h4>Baseball</h4>
	<ul>
			<li class="listyle"><a href="https://2skupz.github.io/mlbPlayoffOdds.html"> MLB Playoff Odds</a></li>
			<li class="listyle"><a href="https://2skupz.github.io/baseD1Rankings.html"> Division 1</a></li>
			<li class="listyle"><a href="https://2skupz.github.io/baseD1Rankings.html"> Division 2</a></li>
			<li class="listyle"><a href="https://2skupz.github.io/baseD1Rankings.html"> Division 3</a></li>
	</ul>
<h4>Men's College Basketball</h4>
	<ul>
			<li class="listyle"><a href="https://2skupz.github.io/d1MbbRankings.html"> Division 1</a></li>
			<li class="listyle"><a href="https://2skupz.github.io/d2MbbRankings.html"> Division 2</a></li>
			<li class="listyle"><a href="https://2skupz.github.io/d3MbbRankings.html"> Division 3</a></li>
			<li class="listyle"><a href="https://2skupz.github.io/uSportMbbRankings.html"> U Sports</a></li>
	</ul>
<h4>Women's College Basketball</h4>
	<ul>
			<li class="listyle"><a href="https://2skupz.github.io/d1WbbRankings.html"> Division 1</a></li>
			<li class="listyle"><a href="https://2skupz.github.io/d2WbbRankings.html"> Division 2</a></li>
			<li class="listyle"><a href="https://2skupz.github.io/d3WbbRankings.html"> Division 3</a></li>
			<li class="listyle"><a href="https://2skupz.github.io/uSportsWbbRankings.html"> U Sports</a></li>
	</ul>
</body>
