<html>
<head>
<!-- Global Site Tag (gtag.js) - Google Analytics -->
<title>2023 NBA Rankings</title>
<script type="text/javascript" src="tabber.js">
</script>
<link href="https://fonts.googleapis.com/css?family=Roboto+Slab|Droid+Sans+Mono" rel="stylesheet">
<style>
 body {
			font-family: "Roboto Slab", serif;
			font-size: 12px;
			}
#data {
			font-family: "Droid Sans Mono", serif;
			font-size: 13px;
		}
</style>
<link rel="stylesheet" href="tabbedPage.css" TYPE="text/css" MEDIA="screen">
</head>
<body bgcolor=#fbeec1>
<hr>
<table width=100%>
<tr><td align=left>
<h1 align="center">2023 NBA Rankings</h1>
</td>
</tr></table>
<p>
Standings through 03.03.23
<hr>
<center>
<table width=100% border=1><tr>
<td valign=top>
<div class="tabber">
<div class="tabbertab" title="Ken Power Index">
<pre><div id=data>

                                           -------Rating----------------  ----Rank----            
Rank Team                            W-L     KRS    SRS    S-Ix   WRS       S    W    SOS
========================================================================================
  1 Boston                          45-19   0.977   5.3    0.991  0.963     2    2    20   
  2 Milwaukee                       45-17   0.951   4.0    0.903  1.000     4    1    21   
  3 Denver                          45-19   0.931   4.2    0.920  0.942     3    3    28   
  4 Cleveland                       39-26   0.890   5.4    1.000  0.780     1    6    8    
  5 Philadelphia                    40-22   0.862   3.6    0.882  0.842     6    4    23   
  6 Memphis                         38-24   0.840   3.9    0.898  0.782     5    5    18   
  7 New York                        38-27   0.800   3.3    0.857  0.743     7    7    10   
  8 Sacramento                      37-25   0.745   2.0    0.773  0.717     8    8    30   

                                           -------Rating----------------  ----Rank----            
Rank Team                            W-L     KRS    SRS    S-Ix   WRS       S    W    SOS
========================================================================================
  9 Phoenix                         35-29   0.701   1.8    0.757  0.644     9    10   22   
 10 Brooklyn                        35-28   0.689   0.7    0.687  0.691     14   9    3    
 11 Golden State                    34-30   0.646   0.7    0.688  0.604     13   12   26   
 12 Dallas                          33-31   0.641   0.8    0.694  0.588     12   13   19   
 13 Oklahoma City                   29-34   0.617   1.5    0.741  0.494     10   22   13   
 14 New Orleans                     31-33   0.615   0.8    0.695  0.534     11   18   14   
 15 Atlanta                         32-31   0.612   0.1    0.649  0.576     18   14   17   
 16 Toronto                         31-33   0.601   0.5    0.673  0.530     16   19   15   

                                           -------Rating----------------  ----Rank----            
Rank Team                            W-L     KRS    SRS    S-Ix   WRS       S    W    SOS
========================================================================================
 17 Miami                           33-31   0.599   -0.7   0.591  0.607     21   11   12   
 18 Washington                      30-32   0.599   0.2    0.657  0.541     17   17   9    
 19 Minnesota                       33-32   0.585   -0.3   0.617  0.553     20   15   27   
 20 Chicago                         29-35   0.581   0.6    0.678  0.484     15   23   5    
 21 Utah                            31-33   0.571   -0.2   0.629  0.513     19   20   25   
 22 LA Clippers                     33-33   0.565   -0.8   0.587  0.544     22   16   29   
 23 LA Lakers                       30-34   0.541   -1.0   0.573  0.510     23   21   16   
 24 Portland                        29-34   0.520   -1.1   0.568  0.471     24   24   24   

                                           -------Rating----------------  ----Rank----            
Rank Team                            W-L     KRS    SRS    S-Ix   WRS       S    W    SOS
========================================================================================
 25 Indiana                         28-36   0.476   -2.2   0.496  0.457     25   25   4    
 26 Orlando                         27-37   0.438   -2.6   0.466  0.409     26   26   11   
 27 Charlotte                       20-45   0.229   -5.7   0.261  0.197     27   27   7    
 28 Detroit                         15-48   0.135   -6.7   0.195  0.075     28   28   1    
 29 Houston                         13-49   0.039   -8.5   0.079  0.000     29   30   2    
 30 San Antonio                     16-47   0.034   -9.7   0.000  0.069     30   29   6    
</div></pre>
</div>
<div class="tabbertab" title="Points Based">
<pre><div id=data>

                                           -------Rating----------------  ----Rank----            
Rank Team                            W-L     KRS    SRS    S-Ix   WRS       S    W    SOS
========================================================================================
  1 Cleveland                       39-26   0.890   5.4    1.000  0.780     1    6    8    
  2 Boston                          45-19   0.977   5.3    0.991  0.963     2    2    20   
  3 Denver                          45-19   0.931   4.2    0.920  0.942     3    3    28   
  4 Milwaukee                       45-17   0.951   4.0    0.903  1.000     4    1    21   
  5 Memphis                         38-24   0.840   3.9    0.898  0.782     5    5    18   
  6 Philadelphia                    40-22   0.862   3.6    0.882  0.842     6    4    23   
  7 New York                        38-27   0.800   3.3    0.857  0.743     7    7    10   
  8 Sacramento                      37-25   0.745   2.0    0.773  0.717     8    8    30   

                                           -------Rating----------------  ----Rank----            
Rank Team                            W-L     KRS    SRS    S-Ix   WRS       S    W    SOS
========================================================================================
  9 Phoenix                         35-29   0.701   1.8    0.757  0.644     9    10   22   
 10 Oklahoma City                   29-34   0.617   1.5    0.741  0.494     10   22   13   
 11 New Orleans                     31-33   0.615   0.8    0.695  0.534     11   18   14   
 12 Dallas                          33-31   0.641   0.8    0.694  0.588     12   13   19   
 13 Golden State                    34-30   0.646   0.7    0.688  0.604     13   12   26   
 14 Brooklyn                        35-28   0.689   0.7    0.687  0.691     14   9    3    
 15 Chicago                         29-35   0.581   0.6    0.678  0.484     15   23   5    
 16 Toronto                         31-33   0.601   0.5    0.673  0.530     16   19   15   

                                           -------Rating----------------  ----Rank----            
Rank Team                            W-L     KRS    SRS    S-Ix   WRS       S    W    SOS
========================================================================================
 17 Washington                      30-32   0.599   0.2    0.657  0.541     17   17   9    
 18 Atlanta                         32-31   0.612   0.1    0.649  0.576     18   14   17   
 19 Utah                            31-33   0.571   -0.2   0.629  0.513     19   20   25   
 20 Minnesota                       33-32   0.585   -0.3   0.617  0.553     20   15   27   
 21 Miami                           33-31   0.599   -0.7   0.591  0.607     21   11   12   
 22 LA Clippers                     33-33   0.565   -0.8   0.587  0.544     22   16   29   
 23 LA Lakers                       30-34   0.541   -1.0   0.573  0.510     23   21   16   
 24 Portland                        29-34   0.520   -1.1   0.568  0.471     24   24   24   

                                           -------Rating----------------  ----Rank----            
Rank Team                            W-L     KRS    SRS    S-Ix   WRS       S    W    SOS
========================================================================================
 25 Indiana                         28-36   0.476   -2.2   0.496  0.457     25   25   4    
 26 Orlando                         27-37   0.438   -2.6   0.466  0.409     26   26   11   
 27 Charlotte                       20-45   0.229   -5.7   0.261  0.197     27   27   7    
 28 Detroit                         15-48   0.135   -6.7   0.195  0.075     28   28   1    
 29 Houston                         13-49   0.039   -8.5   0.079  0.000     29   30   2    
 30 San Antonio                     16-47   0.034   -9.7   0.000  0.069     30   29   6    
</div></pre>
</div>
<div class="tabbertab" title="Wins Based">
<pre><div id=data>

                                           -------Rating----------------  ----Rank----            
Rank Team                            W-L     KRS    SRS    S-Ix   WRS       S    W    SOS
========================================================================================
  1 Milwaukee                       45-17   0.951   4.0    0.903  1.000     4    1    21   
  2 Boston                          45-19   0.977   5.3    0.991  0.963     2    2    20   
  3 Denver                          45-19   0.931   4.2    0.920  0.942     3    3    28   
  4 Philadelphia                    40-22   0.862   3.6    0.882  0.842     6    4    23   
  5 Memphis                         38-24   0.840   3.9    0.898  0.782     5    5    18   
  6 Cleveland                       39-26   0.890   5.4    1.000  0.780     1    6    8    
  7 New York                        38-27   0.800   3.3    0.857  0.743     7    7    10   
  8 Sacramento                      37-25   0.745   2.0    0.773  0.717     8    8    30   

                                           -------Rating----------------  ----Rank----            
Rank Team                            W-L     KRS    SRS    S-Ix   WRS       S    W    SOS
========================================================================================
  9 Brooklyn                        35-28   0.689   0.7    0.687  0.691     14   9    3    
 10 Phoenix                         35-29   0.701   1.8    0.757  0.644     9    10   22   
 11 Miami                           33-31   0.599   -0.7   0.591  0.607     21   11   12   
 12 Golden State                    34-30   0.646   0.7    0.688  0.604     13   12   26   
 13 Dallas                          33-31   0.641   0.8    0.694  0.588     12   13   19   
 14 Atlanta                         32-31   0.612   0.1    0.649  0.576     18   14   17   
 15 Minnesota                       33-32   0.585   -0.3   0.617  0.553     20   15   27   
 16 LA Clippers                     33-33   0.565   -0.8   0.587  0.544     22   16   29   

                                           -------Rating----------------  ----Rank----            
Rank Team                            W-L     KRS    SRS    S-Ix   WRS       S    W    SOS
========================================================================================
 17 Washington                      30-32   0.599   0.2    0.657  0.541     17   17   9    
 18 New Orleans                     31-33   0.615   0.8    0.695  0.534     11   18   14   
 19 Toronto                         31-33   0.601   0.5    0.673  0.530     16   19   15   
 20 Utah                            31-33   0.571   -0.2   0.629  0.513     19   20   25   
 21 LA Lakers                       30-34   0.541   -1.0   0.573  0.510     23   21   16   
 22 Oklahoma City                   29-34   0.617   1.5    0.741  0.494     10   22   13   
 23 Chicago                         29-35   0.581   0.6    0.678  0.484     15   23   5    
 24 Portland                        29-34   0.520   -1.1   0.568  0.471     24   24   24   

                                           -------Rating----------------  ----Rank----            
Rank Team                            W-L     KRS    SRS    S-Ix   WRS       S    W    SOS
========================================================================================
 25 Indiana                         28-36   0.476   -2.2   0.496  0.457     25   25   4    
 26 Orlando                         27-37   0.438   -2.6   0.466  0.409     26   26   11   
 27 Charlotte                       20-45   0.229   -5.7   0.261  0.197     27   27   7    
 28 Detroit                         15-48   0.135   -6.7   0.195  0.075     28   28   1    
 29 San Antonio                     16-47   0.034   -9.7   0.000  0.069     30   29   6    
 30 Houston                         13-49   0.039   -8.5   0.079  0.000     29   30   2    
</div></pre>
</div>
<div class="tabbertab" title="BCS">
<pre><div id=data>

                                           -------Rating----------------  ----Rank----            
Rank Team                            W-L     KRS    SRS    S-Ix   WRS       S    W    SOS
========================================================================================
  1 Boston                          45-19   0.977   5.3    0.991  0.963     2    2    20   
  2 Milwaukee                       45-17   0.951   4.0    0.903  1.000     4    1    21   
  3 Denver                          45-19   0.931   4.2    0.920  0.942     3    3    28   
  4 Cleveland                       39-26   0.890   5.4    1.000  0.780     1    6    8    
  5 Philadelphia                    40-22   0.862   3.6    0.882  0.842     6    4    23   
  6 Memphis                         38-24   0.840   3.9    0.898  0.782     5    5    18   
  7 New York                        38-27   0.800   3.3    0.857  0.743     7    7    10   
  8 Sacramento                      37-25   0.745   2.0    0.773  0.717     8    8    30   

                                           -------Rating----------------  ----Rank----            
Rank Team                            W-L     KRS    SRS    S-Ix   WRS       S    W    SOS
========================================================================================
  9 Phoenix                         35-29   0.701   1.8    0.757  0.644     9    10   22   
 10 Brooklyn                        35-28   0.689   0.7    0.687  0.691     14   9    3    
 11 Golden State                    34-30   0.646   0.7    0.688  0.604     13   12   26   
 12 Dallas                          33-31   0.641   0.8    0.694  0.588     12   13   19   
 13 Oklahoma City                   29-34   0.617   1.5    0.741  0.494     10   22   13   
 14 New Orleans                     31-33   0.615   0.8    0.695  0.534     11   18   14   
 15 Atlanta                         32-31   0.612   0.1    0.649  0.576     18   14   17   
 16 Toronto                         31-33   0.601   0.5    0.673  0.530     16   19   15   

                                           -------Rating----------------  ----Rank----            
Rank Team                            W-L     KRS    SRS    S-Ix   WRS       S    W    SOS
========================================================================================
 17 Miami                           33-31   0.599   -0.7   0.591  0.607     21   11   12   
 18 Washington                      30-32   0.599   0.2    0.657  0.541     17   17   9    
 19 Minnesota                       33-32   0.585   -0.3   0.617  0.553     20   15   27   
 20 Chicago                         29-35   0.581   0.6    0.678  0.484     15   23   5    
 21 Utah                            31-33   0.571   -0.2   0.629  0.513     19   20   25   
 22 LA Clippers                     33-33   0.565   -0.8   0.587  0.544     22   16   29   
 23 LA Lakers                       30-34   0.541   -1.0   0.573  0.510     23   21   16   
 24 Portland                        29-34   0.520   -1.1   0.568  0.471     24   24   24   

                                           -------Rating----------------  ----Rank----            
Rank Team                            W-L     KRS    SRS    S-Ix   WRS       S    W    SOS
========================================================================================
 25 Indiana                         28-36   0.476   -2.2   0.496  0.457     25   25   4    
 26 Orlando                         27-37   0.438   -2.6   0.466  0.409     26   26   11   
 27 Charlotte                       20-45   0.229   -5.7   0.261  0.197     27   27   7    
 28 Detroit                         15-48   0.135   -6.7   0.195  0.075     28   28   1    
 29 Houston                         13-49   0.039   -8.5   0.079  0.000     29   30   2    
 30 San Antonio                     16-47   0.034   -9.7   0.000  0.069     30   29   6    
</div></pre>
</div>
<div class="tabbertab" title="SOS">
<pre><div id=data>

                                           -------Rating----------------  ----Rank----            
Rank Team                            W-L     KRS    SRS    S-Ix   WRS       S    W    SOS
========================================================================================
  1 Detroit                         15-48   0.135   -6.7   0.195  0.075     28   28   1    
  2 Houston                         13-49   0.039   -8.5   0.079  0.000     29   30   2    
  3 Brooklyn                        35-28   0.689   0.7    0.687  0.691     14   9    3    
  4 Indiana                         28-36   0.476   -2.2   0.496  0.457     25   25   4    
  5 Chicago                         29-35   0.581   0.6    0.678  0.484     15   23   5    
  6 San Antonio                     16-47   0.034   -9.7   0.000  0.069     30   29   6    
  7 Charlotte                       20-45   0.229   -5.7   0.261  0.197     27   27   7    
  8 Cleveland                       39-26   0.890   5.4    1.000  0.780     1    6    8    

                                           -------Rating----------------  ----Rank----            
Rank Team                            W-L     KRS    SRS    S-Ix   WRS       S    W    SOS
========================================================================================
  9 Washington                      30-32   0.599   0.2    0.657  0.541     17   17   9    
 10 New York                        38-27   0.800   3.3    0.857  0.743     7    7    10   
 11 Orlando                         27-37   0.438   -2.6   0.466  0.409     26   26   11   
 12 Miami                           33-31   0.599   -0.7   0.591  0.607     21   11   12   
 13 Oklahoma City                   29-34   0.617   1.5    0.741  0.494     10   22   13   
 14 New Orleans                     31-33   0.615   0.8    0.695  0.534     11   18   14   
 15 Toronto                         31-33   0.601   0.5    0.673  0.530     16   19   15   
 16 LA Lakers                       30-34   0.541   -1.0   0.573  0.510     23   21   16   

                                           -------Rating----------------  ----Rank----            
Rank Team                            W-L     KRS    SRS    S-Ix   WRS       S    W    SOS
========================================================================================
 17 Atlanta                         32-31   0.612   0.1    0.649  0.576     18   14   17   
 18 Memphis                         38-24   0.840   3.9    0.898  0.782     5    5    18   
 19 Dallas                          33-31   0.641   0.8    0.694  0.588     12   13   19   
 20 Boston                          45-19   0.977   5.3    0.991  0.963     2    2    20   
 21 Milwaukee                       45-17   0.951   4.0    0.903  1.000     4    1    21   
 22 Phoenix                         35-29   0.701   1.8    0.757  0.644     9    10   22   
 23 Philadelphia                    40-22   0.862   3.6    0.882  0.842     6    4    23   
 24 Portland                        29-34   0.520   -1.1   0.568  0.471     24   24   24   

                                           -------Rating----------------  ----Rank----            
Rank Team                            W-L     KRS    SRS    S-Ix   WRS       S    W    SOS
========================================================================================
 25 Utah                            31-33   0.571   -0.2   0.629  0.513     19   20   25   
 26 Golden State                    34-30   0.646   0.7    0.688  0.604     13   12   26   
 27 Minnesota                       33-32   0.585   -0.3   0.617  0.553     20   15   27   
 28 Denver                          45-19   0.931   4.2    0.920  0.942     3    3    28   
 29 LA Clippers                     33-33   0.565   -0.8   0.587  0.544     22   16   29   
 30 Sacramento                      37-25   0.745   2.0    0.773  0.717     8    8    30   
</div></pre>
</div>
	</pre>
	</p>
	</span>
</body>
<body>
<h3>Other links</h3>
<h4>Home</h4>
	<ul>
			<li class="listyle"><a href="https://2skupz.github.io/index.html"> Index</a></li>
	</ul>
</body>
