<html>
<head>
<!-- Global Site Tag (gtag.js) - Google Analytics -->
<title>2023 NBA Rankings</title>
<script type="text/javascript" src="tabber.js">
</script>
<link href="https://fonts.googleapis.com/css?family=Roboto+Slab|Droid+Sans+Mono" rel="stylesheet">
<style>
 body {
			font-family: "Roboto Slab", serif;
			font-size: 12px;
			}
#data {
			font-family: "Droid Sans Mono", serif;
			font-size: 13px;
		}
</style>
<link rel="stylesheet" href="tabbedPage.css" TYPE="text/css" MEDIA="screen">
</head>
<body bgcolor=#fbeec1>
<hr>
<table width=100%>
<tr><td align=left>
<h1 align="center">2023 NBA Rankings</h1>
</td>
</tr></table>
<p>
Standings through 04.18.23
<hr>
<center>
<table width=100% border=1><tr>
<td valign=top>
<div class="tabber">
<div class="tabbertab" title="Ken Power Index">
<pre><div id=data>

                                           -------Rating----------------  ----Rank----            
Rank Team                            W-L     KRS    SRS    S-Ix   WRS       S    W    SOS
========================================================================================
  1 Boston                          59-25   1.000   6.5    1.000  1.000     1    1    25   
  2 Philadelphia                    56-28   0.911   4.7    0.885  0.938     3    3    14   
  3 Milwaukee                       58-25   0.902   3.4    0.809  0.994     4    2    17   
  4 Cleveland                       52-32   0.880   5.3    0.926  0.834     2    5    18   
  5 Denver                          54-29   0.842   3.3    0.804  0.880     6    4    28   
  6 Memphis                         51-32   0.806   3.4    0.807  0.805     5    6    30   
  7 New York                        48-36   0.761   2.9    0.777  0.744     7    8    8    
  8 Sacramento                      50-34   0.757   2.4    0.748  0.767     8    7    29   

                                           -------Rating----------------  ----Rank----            
Rank Team                            W-L     KRS    SRS    S-Ix   WRS       S    W    SOS
========================================================================================
  9 Phoenix                         46-38   0.709   2.1    0.731  0.688     9    9    16   
 10 Golden State                    44-40   0.664   1.5    0.695  0.633     11   14   20   
 11 Brooklyn                        45-39   0.662   0.7    0.646  0.678     14   11   3    
 12 LA Lakers                       45-39   0.649   0.7    0.644  0.654     16   12   22   
 13 Miami                           46-39   0.644   0.1    0.605  0.682     19   10   6    
 14 New Orleans                     42-41   0.641   1.6    0.696  0.586     10   16   27   
 15 Toronto                         41-42   0.640   1.5    0.695  0.585     12   18   12   
 16 LA Clippers                     45-39   0.633   0.3    0.616  0.650     18   13   24   

                                           -------Rating----------------  ----Rank----            
Rank Team                            W-L     KRS    SRS    S-Ix   WRS       S    W    SOS
========================================================================================
 17 Chicago                         41-43   0.624   1.3    0.678  0.570     13   19   13   
 18 Atlanta                         42-43   0.602   0.3    0.618  0.586     17   17   10   
 19 Oklahoma City                   41-43   0.600   0.7    0.644  0.556     15   20   21   
 20 Minnesota                       43-42   0.588   -0.3   0.584  0.592     21   15   23   
 21 Dallas                          38-44   0.546   -0.1   0.592  0.500     20   21   26   
 22 Utah                            37-45   0.510   -1.0   0.538  0.482     22   22   19   
 23 Washington                      35-47   0.490   -1.1   0.535  0.445     23   24   11   
 24 Orlando                         34-48   0.435   -2.4   0.455  0.414     24   25   9    

                                           -------Rating----------------  ----Rank----            
Rank Team                            W-L     KRS    SRS    S-Ix   WRS       S    W    SOS
========================================================================================
 25 Indiana                         35-47   0.434   -2.9   0.423  0.446     25   23   4    
 26 Portland                        33-49   0.369   -4.0   0.358  0.381     26   26   15   
 27 Charlotte                       27-55   0.241   -5.9   0.240  0.241     27   27   2    
 28 Houston                         22-60   0.123   -7.6   0.134  0.111     28   28   5    
 29 Detroit                         17-65   0.064   -7.7   0.128  0.000     29   30   1    
 30 San Antonio                     22-60   0.053   -9.8   0.000  0.105     30   29   7    
</div></pre>
</div>
<div class="tabbertab" title="Points Based">
<pre><div id=data>

                                           -------Rating----------------  ----Rank----            
Rank Team                            W-L     KRS    SRS    S-Ix   WRS       S    W    SOS
========================================================================================
  1 Boston                          59-25   1.000   6.5    1.000  1.000     1    1    25   
  2 Cleveland                       52-32   0.880   5.3    0.926  0.834     2    5    18   
  3 Philadelphia                    56-28   0.911   4.7    0.885  0.938     3    3    14   
  4 Milwaukee                       58-25   0.902   3.4    0.809  0.994     4    2    17   
  5 Memphis                         51-32   0.806   3.4    0.807  0.805     5    6    30   
  6 Denver                          54-29   0.842   3.3    0.804  0.880     6    4    28   
  7 New York                        48-36   0.761   2.9    0.777  0.744     7    8    8    
  8 Sacramento                      50-34   0.757   2.4    0.748  0.767     8    7    29   

                                           -------Rating----------------  ----Rank----            
Rank Team                            W-L     KRS    SRS    S-Ix   WRS       S    W    SOS
========================================================================================
  9 Phoenix                         46-38   0.709   2.1    0.731  0.688     9    9    16   
 10 New Orleans                     42-41   0.641   1.6    0.696  0.586     10   16   27   
 11 Golden State                    44-40   0.664   1.5    0.695  0.633     11   14   20   
 12 Toronto                         41-42   0.640   1.5    0.695  0.585     12   18   12   
 13 Chicago                         41-43   0.624   1.3    0.678  0.570     13   19   13   
 14 Brooklyn                        45-39   0.662   0.7    0.646  0.678     14   11   3    
 15 Oklahoma City                   41-43   0.600   0.7    0.644  0.556     15   20   21   
 16 LA Lakers                       45-39   0.649   0.7    0.644  0.654     16   12   22   

                                           -------Rating----------------  ----Rank----            
Rank Team                            W-L     KRS    SRS    S-Ix   WRS       S    W    SOS
========================================================================================
 17 Atlanta                         42-43   0.602   0.3    0.618  0.586     17   17   10   
 18 LA Clippers                     45-39   0.633   0.3    0.616  0.650     18   13   24   
 19 Miami                           46-39   0.644   0.1    0.605  0.682     19   10   6    
 20 Dallas                          38-44   0.546   -0.1   0.592  0.500     20   21   26   
 21 Minnesota                       43-42   0.588   -0.3   0.584  0.592     21   15   23   
 22 Utah                            37-45   0.510   -1.0   0.538  0.482     22   22   19   
 23 Washington                      35-47   0.490   -1.1   0.535  0.445     23   24   11   
 24 Orlando                         34-48   0.435   -2.4   0.455  0.414     24   25   9    

                                           -------Rating----------------  ----Rank----            
Rank Team                            W-L     KRS    SRS    S-Ix   WRS       S    W    SOS
========================================================================================
 25 Indiana                         35-47   0.434   -2.9   0.423  0.446     25   23   4    
 26 Portland                        33-49   0.369   -4.0   0.358  0.381     26   26   15   
 27 Charlotte                       27-55   0.241   -5.9   0.240  0.241     27   27   2    
 28 Houston                         22-60   0.123   -7.6   0.134  0.111     28   28   5    
 29 Detroit                         17-65   0.064   -7.7   0.128  0.000     29   30   1    
 30 San Antonio                     22-60   0.053   -9.8   0.000  0.105     30   29   7    
</div></pre>
</div>
<div class="tabbertab" title="Wins Based">
<pre><div id=data>

                                           -------Rating----------------  ----Rank----            
Rank Team                            W-L     KRS    SRS    S-Ix   WRS       S    W    SOS
========================================================================================
  1 Boston                          59-25   1.000   6.5    1.000  1.000     1    1    25   
  2 Milwaukee                       58-25   0.902   3.4    0.809  0.994     4    2    17   
  3 Philadelphia                    56-28   0.911   4.7    0.885  0.938     3    3    14   
  4 Denver                          54-29   0.842   3.3    0.804  0.880     6    4    28   
  5 Cleveland                       52-32   0.880   5.3    0.926  0.834     2    5    18   
  6 Memphis                         51-32   0.806   3.4    0.807  0.805     5    6    30   
  7 Sacramento                      50-34   0.757   2.4    0.748  0.767     8    7    29   
  8 New York                        48-36   0.761   2.9    0.777  0.744     7    8    8    

                                           -------Rating----------------  ----Rank----            
Rank Team                            W-L     KRS    SRS    S-Ix   WRS       S    W    SOS
========================================================================================
  9 Phoenix                         46-38   0.709   2.1    0.731  0.688     9    9    16   
 10 Miami                           46-39   0.644   0.1    0.605  0.682     19   10   6    
 11 Brooklyn                        45-39   0.662   0.7    0.646  0.678     14   11   3    
 12 LA Lakers                       45-39   0.649   0.7    0.644  0.654     16   12   22   
 13 LA Clippers                     45-39   0.633   0.3    0.616  0.650     18   13   24   
 14 Golden State                    44-40   0.664   1.5    0.695  0.633     11   14   20   
 15 Minnesota                       43-42   0.588   -0.3   0.584  0.592     21   15   23   
 16 New Orleans                     42-41   0.641   1.6    0.696  0.586     10   16   27   

                                           -------Rating----------------  ----Rank----            
Rank Team                            W-L     KRS    SRS    S-Ix   WRS       S    W    SOS
========================================================================================
 17 Atlanta                         42-43   0.602   0.3    0.618  0.586     17   17   10   
 18 Toronto                         41-42   0.640   1.5    0.695  0.585     12   18   12   
 19 Chicago                         41-43   0.624   1.3    0.678  0.570     13   19   13   
 20 Oklahoma City                   41-43   0.600   0.7    0.644  0.556     15   20   21   
 21 Dallas                          38-44   0.546   -0.1   0.592  0.500     20   21   26   
 22 Utah                            37-45   0.510   -1.0   0.538  0.482     22   22   19   
 23 Indiana                         35-47   0.434   -2.9   0.423  0.446     25   23   4    
 24 Washington                      35-47   0.490   -1.1   0.535  0.445     23   24   11   

                                           -------Rating----------------  ----Rank----            
Rank Team                            W-L     KRS    SRS    S-Ix   WRS       S    W    SOS
========================================================================================
 25 Orlando                         34-48   0.435   -2.4   0.455  0.414     24   25   9    
 26 Portland                        33-49   0.369   -4.0   0.358  0.381     26   26   15   
 27 Charlotte                       27-55   0.241   -5.9   0.240  0.241     27   27   2    
 28 Houston                         22-60   0.123   -7.6   0.134  0.111     28   28   5    
 29 San Antonio                     22-60   0.053   -9.8   0.000  0.105     30   29   7    
 30 Detroit                         17-65   0.064   -7.7   0.128  0.000     29   30   1    
</div></pre>
</div>
<div class="tabbertab" title="BCS">
<pre><div id=data>

                                           -------Rating----------------  ----Rank----            
Rank Team                            W-L     KRS    SRS    S-Ix   WRS       S    W    SOS
========================================================================================
  1 Boston                          59-25   1.000   6.5    1.000  1.000     1    1    25   
  2 Philadelphia                    56-28   0.911   4.7    0.885  0.938     3    3    14   
  3 Milwaukee                       58-25   0.902   3.4    0.809  0.994     4    2    17   
  4 Cleveland                       52-32   0.880   5.3    0.926  0.834     2    5    18   
  5 Denver                          54-29   0.842   3.3    0.804  0.880     6    4    28   
  6 Memphis                         51-32   0.806   3.4    0.807  0.805     5    6    30   
  7 New York                        48-36   0.761   2.9    0.777  0.744     7    8    8    
  8 Sacramento                      50-34   0.757   2.4    0.748  0.767     8    7    29   

                                           -------Rating----------------  ----Rank----            
Rank Team                            W-L     KRS    SRS    S-Ix   WRS       S    W    SOS
========================================================================================
  9 Phoenix                         46-38   0.709   2.1    0.731  0.688     9    9    16   
 10 Golden State                    44-40   0.664   1.5    0.695  0.633     11   14   20   
 11 Brooklyn                        45-39   0.662   0.7    0.646  0.678     14   11   3    
 12 LA Lakers                       45-39   0.649   0.7    0.644  0.654     16   12   22   
 13 Miami                           46-39   0.644   0.1    0.605  0.682     19   10   6    
 14 New Orleans                     42-41   0.641   1.6    0.696  0.586     10   16   27   
 15 Toronto                         41-42   0.640   1.5    0.695  0.585     12   18   12   
 16 LA Clippers                     45-39   0.633   0.3    0.616  0.650     18   13   24   

                                           -------Rating----------------  ----Rank----            
Rank Team                            W-L     KRS    SRS    S-Ix   WRS       S    W    SOS
========================================================================================
 17 Chicago                         41-43   0.624   1.3    0.678  0.570     13   19   13   
 18 Atlanta                         42-43   0.602   0.3    0.618  0.586     17   17   10   
 19 Oklahoma City                   41-43   0.600   0.7    0.644  0.556     15   20   21   
 20 Minnesota                       43-42   0.588   -0.3   0.584  0.592     21   15   23   
 21 Dallas                          38-44   0.546   -0.1   0.592  0.500     20   21   26   
 22 Utah                            37-45   0.510   -1.0   0.538  0.482     22   22   19   
 23 Washington                      35-47   0.490   -1.1   0.535  0.445     23   24   11   
 24 Orlando                         34-48   0.435   -2.4   0.455  0.414     24   25   9    

                                           -------Rating----------------  ----Rank----            
Rank Team                            W-L     KRS    SRS    S-Ix   WRS       S    W    SOS
========================================================================================
 25 Indiana                         35-47   0.434   -2.9   0.423  0.446     25   23   4    
 26 Portland                        33-49   0.369   -4.0   0.358  0.381     26   26   15   
 27 Charlotte                       27-55   0.241   -5.9   0.240  0.241     27   27   2    
 28 Houston                         22-60   0.123   -7.6   0.134  0.111     28   28   5    
 29 Detroit                         17-65   0.064   -7.7   0.128  0.000     29   30   1    
 30 San Antonio                     22-60   0.053   -9.8   0.000  0.105     30   29   7    
</div></pre>
</div>
<div class="tabbertab" title="SOS">
<pre><div id=data>

                                           -------Rating----------------  ----Rank----            
Rank Team                            W-L     KRS    SRS    S-Ix   WRS       S    W    SOS
========================================================================================
  1 Detroit                         17-65   0.064   -7.7   0.128  0.000     29   30   1    
  2 Charlotte                       27-55   0.241   -5.9   0.240  0.241     27   27   2    
  3 Brooklyn                        45-39   0.662   0.7    0.646  0.678     14   11   3    
  4 Indiana                         35-47   0.434   -2.9   0.423  0.446     25   23   4    
  5 Houston                         22-60   0.123   -7.6   0.134  0.111     28   28   5    
  6 Miami                           46-39   0.644   0.1    0.605  0.682     19   10   6    
  7 San Antonio                     22-60   0.053   -9.8   0.000  0.105     30   29   7    
  8 New York                        48-36   0.761   2.9    0.777  0.744     7    8    8    

                                           -------Rating----------------  ----Rank----            
Rank Team                            W-L     KRS    SRS    S-Ix   WRS       S    W    SOS
========================================================================================
  9 Orlando                         34-48   0.435   -2.4   0.455  0.414     24   25   9    
 10 Atlanta                         42-43   0.602   0.3    0.618  0.586     17   17   10   
 11 Washington                      35-47   0.490   -1.1   0.535  0.445     23   24   11   
 12 Toronto                         41-42   0.640   1.5    0.695  0.585     12   18   12   
 13 Chicago                         41-43   0.624   1.3    0.678  0.570     13   19   13   
 14 Philadelphia                    56-28   0.911   4.7    0.885  0.938     3    3    14   
 15 Portland                        33-49   0.369   -4.0   0.358  0.381     26   26   15   
 16 Phoenix                         46-38   0.709   2.1    0.731  0.688     9    9    16   

                                           -------Rating----------------  ----Rank----            
Rank Team                            W-L     KRS    SRS    S-Ix   WRS       S    W    SOS
========================================================================================
 17 Milwaukee                       58-25   0.902   3.4    0.809  0.994     4    2    17   
 18 Cleveland                       52-32   0.880   5.3    0.926  0.834     2    5    18   
 19 Utah                            37-45   0.510   -1.0   0.538  0.482     22   22   19   
 20 Golden State                    44-40   0.664   1.5    0.695  0.633     11   14   20   
 21 Oklahoma City                   41-43   0.600   0.7    0.644  0.556     15   20   21   
 22 LA Lakers                       45-39   0.649   0.7    0.644  0.654     16   12   22   
 23 Minnesota                       43-42   0.588   -0.3   0.584  0.592     21   15   23   
 24 LA Clippers                     45-39   0.633   0.3    0.616  0.650     18   13   24   

                                           -------Rating----------------  ----Rank----            
Rank Team                            W-L     KRS    SRS    S-Ix   WRS       S    W    SOS
========================================================================================
 25 Boston                          59-25   1.000   6.5    1.000  1.000     1    1    25   
 26 Dallas                          38-44   0.546   -0.1   0.592  0.500     20   21   26   
 27 New Orleans                     42-41   0.641   1.6    0.696  0.586     10   16   27   
 28 Denver                          54-29   0.842   3.3    0.804  0.880     6    4    28   
 29 Sacramento                      50-34   0.757   2.4    0.748  0.767     8    7    29   
 30 Memphis                         51-32   0.806   3.4    0.807  0.805     5    6    30   
</div></pre>
</div>
	</pre>
	</p>
	</span>
</body>
<body>
<h3>Other links</h3>
<h4>Home</h4>
	<ul>
			<li class="listyle"><a href="https://2skupz.github.io/index.html"> Index</a></li>
	</ul>
</body>
