<html>
<head>
<!-- Global Site Tag (gtag.js) - Google Analytics -->
<title>2023 NBA Rankings</title>
<script type="text/javascript" src="tabber.js">
</script>
<link href="https://fonts.googleapis.com/css?family=Roboto+Slab|Droid+Sans+Mono" rel="stylesheet">
<style>
 body {
			font-family: "Roboto Slab", serif;
			font-size: 12px;
			}
#data {
			font-family: "Droid Sans Mono", serif;
			font-size: 13px;
		}
</style>
<link rel="stylesheet" href="tabbedPage.css" TYPE="text/css" MEDIA="screen">
</head>
<body bgcolor=#fbeec1>
<hr>
<table width=100%>
<tr><td align=left>
<h1 align="center">2023 NBA Rankings</h1>
</td>
</tr></table>
<p>
Standings through 04.19.23
<hr>
<center>
<table width=100% border=1><tr>
<td valign=top>
<div class="tabber">
<div class="tabbertab" title="Ken Power Index">
<pre><div id=data>

                                           -------Rating----------------  ----Rank----            
Rank Team                            W-L     KRS    SRS    S-Ix   WRS       S    W    SOS
========================================================================================
  1 Boston                          59-25   0.999   6.5    1.000  0.997     1    2    25   
  2 Philadelphia                    56-28   0.910   4.7    0.885  0.935     3    3    14   
  3 Milwaukee                       59-25   0.909   3.6    0.818  1.000     4    1    17   
  4 Cleveland                       52-32   0.879   5.3    0.926  0.831     2    5    20   
  5 Denver                          55-29   0.847   3.4    0.808  0.886     6    4    28   
  6 Memphis                         52-32   0.812   3.5    0.812  0.813     5    6    30   
  7 New York                        48-36   0.760   2.9    0.777  0.742     7    8    8    
  8 Sacramento                      50-34   0.756   2.4    0.748  0.765     8    7    29   

                                           -------Rating----------------  ----Rank----            
Rank Team                            W-L     KRS    SRS    S-Ix   WRS       S    W    SOS
========================================================================================
  9 Phoenix                         46-38   0.709   2.1    0.731  0.686     9    9    16   
 10 Golden State                    44-40   0.663   1.5    0.695  0.631     11   14   22   
 11 Brooklyn                        45-39   0.661   0.7    0.646  0.676     14   10   3    
 12 LA Lakers                       45-40   0.640   0.6    0.639  0.642     16   13   18   
 13 New Orleans                     42-41   0.640   1.6    0.696  0.585     10   15   27   
 14 Toronto                         41-42   0.639   1.5    0.695  0.583     12   17   12   
 15 Miami                           46-40   0.634   -0.1   0.596  0.672     19   11   5    
 16 LA Clippers                     45-39   0.632   0.2    0.616  0.649     18   12   24   

                                           -------Rating----------------  ----Rank----            
Rank Team                            W-L     KRS    SRS    S-Ix   WRS       S    W    SOS
========================================================================================
 17 Chicago                         41-43   0.623   1.3    0.678  0.568     13   19   13   
 18 Atlanta                         42-43   0.601   0.3    0.618  0.584     17   16   10   
 19 Oklahoma City                   41-43   0.599   0.7    0.644  0.554     15   20   23   
 20 Minnesota                       43-43   0.581   -0.3   0.580  0.581     21   18   19   
 21 Dallas                          38-44   0.545   -0.1   0.592  0.499     20   21   26   
 22 Utah                            37-45   0.509   -1.0   0.538  0.480     22   22   21   
 23 Washington                      35-47   0.490   -1.1   0.536  0.444     23   24   11   
 24 Orlando                         34-48   0.434   -2.4   0.455  0.413     24   25   9    

                                           -------Rating----------------  ----Rank----            
Rank Team                            W-L     KRS    SRS    S-Ix   WRS       S    W    SOS
========================================================================================
 25 Indiana                         35-47   0.433   -2.9   0.423  0.444     25   23   4    
 26 Portland                        33-49   0.369   -4.0   0.358  0.380     26   26   15   
 27 Charlotte                       27-55   0.240   -5.9   0.240  0.240     27   27   2    
 28 Houston                         22-60   0.123   -7.6   0.134  0.111     28   28   6    
 29 Detroit                         17-65   0.064   -7.7   0.128  0.000     29   30   1    
 30 San Antonio                     22-60   0.052   -9.8   0.000  0.105     30   29   7    
</div></pre>
</div>
<div class="tabbertab" title="Points Based">
<pre><div id=data>

                                           -------Rating----------------  ----Rank----            
Rank Team                            W-L     KRS    SRS    S-Ix   WRS       S    W    SOS
========================================================================================
  1 Boston                          59-25   0.999   6.5    1.000  0.997     1    2    25   
  2 Cleveland                       52-32   0.879   5.3    0.926  0.831     2    5    20   
  3 Philadelphia                    56-28   0.910   4.7    0.885  0.935     3    3    14   
  4 Milwaukee                       59-25   0.909   3.6    0.818  1.000     4    1    17   
  5 Memphis                         52-32   0.812   3.5    0.812  0.813     5    6    30   
  6 Denver                          55-29   0.847   3.4    0.808  0.886     6    4    28   
  7 New York                        48-36   0.760   2.9    0.777  0.742     7    8    8    
  8 Sacramento                      50-34   0.756   2.4    0.748  0.765     8    7    29   

                                           -------Rating----------------  ----Rank----            
Rank Team                            W-L     KRS    SRS    S-Ix   WRS       S    W    SOS
========================================================================================
  9 Phoenix                         46-38   0.709   2.1    0.731  0.686     9    9    16   
 10 New Orleans                     42-41   0.640   1.6    0.696  0.585     10   15   27   
 11 Golden State                    44-40   0.663   1.5    0.695  0.631     11   14   22   
 12 Toronto                         41-42   0.639   1.5    0.695  0.583     12   17   12   
 13 Chicago                         41-43   0.623   1.3    0.678  0.568     13   19   13   
 14 Brooklyn                        45-39   0.661   0.7    0.646  0.676     14   10   3    
 15 Oklahoma City                   41-43   0.599   0.7    0.644  0.554     15   20   23   
 16 LA Lakers                       45-40   0.640   0.6    0.639  0.642     16   13   18   

                                           -------Rating----------------  ----Rank----            
Rank Team                            W-L     KRS    SRS    S-Ix   WRS       S    W    SOS
========================================================================================
 17 Atlanta                         42-43   0.601   0.3    0.618  0.584     17   16   10   
 18 LA Clippers                     45-39   0.632   0.2    0.616  0.649     18   12   24   
 19 Miami                           46-40   0.634   -0.1   0.596  0.672     19   11   5    
 20 Dallas                          38-44   0.545   -0.1   0.592  0.499     20   21   26   
 21 Minnesota                       43-43   0.581   -0.3   0.580  0.581     21   18   19   
 22 Utah                            37-45   0.509   -1.0   0.538  0.480     22   22   21   
 23 Washington                      35-47   0.490   -1.1   0.536  0.444     23   24   11   
 24 Orlando                         34-48   0.434   -2.4   0.455  0.413     24   25   9    

                                           -------Rating----------------  ----Rank----            
Rank Team                            W-L     KRS    SRS    S-Ix   WRS       S    W    SOS
========================================================================================
 25 Indiana                         35-47   0.433   -2.9   0.423  0.444     25   23   4    
 26 Portland                        33-49   0.369   -4.0   0.358  0.380     26   26   15   
 27 Charlotte                       27-55   0.240   -5.9   0.240  0.240     27   27   2    
 28 Houston                         22-60   0.123   -7.6   0.134  0.111     28   28   6    
 29 Detroit                         17-65   0.064   -7.7   0.128  0.000     29   30   1    
 30 San Antonio                     22-60   0.052   -9.8   0.000  0.105     30   29   7    
</div></pre>
</div>
<div class="tabbertab" title="Wins Based">
<pre><div id=data>

                                           -------Rating----------------  ----Rank----            
Rank Team                            W-L     KRS    SRS    S-Ix   WRS       S    W    SOS
========================================================================================
  1 Milwaukee                       59-25   0.909   3.6    0.818  1.000     4    1    17   
  2 Boston                          59-25   0.999   6.5    1.000  0.997     1    2    25   
  3 Philadelphia                    56-28   0.910   4.7    0.885  0.935     3    3    14   
  4 Denver                          55-29   0.847   3.4    0.808  0.886     6    4    28   
  5 Cleveland                       52-32   0.879   5.3    0.926  0.831     2    5    20   
  6 Memphis                         52-32   0.812   3.5    0.812  0.813     5    6    30   
  7 Sacramento                      50-34   0.756   2.4    0.748  0.765     8    7    29   
  8 New York                        48-36   0.760   2.9    0.777  0.742     7    8    8    

                                           -------Rating----------------  ----Rank----            
Rank Team                            W-L     KRS    SRS    S-Ix   WRS       S    W    SOS
========================================================================================
  9 Phoenix                         46-38   0.709   2.1    0.731  0.686     9    9    16   
 10 Brooklyn                        45-39   0.661   0.7    0.646  0.676     14   10   3    
 11 Miami                           46-40   0.634   -0.1   0.596  0.672     19   11   5    
 12 LA Clippers                     45-39   0.632   0.2    0.616  0.649     18   12   24   
 13 LA Lakers                       45-40   0.640   0.6    0.639  0.642     16   13   18   
 14 Golden State                    44-40   0.663   1.5    0.695  0.631     11   14   22   
 15 New Orleans                     42-41   0.640   1.6    0.696  0.585     10   15   27   
 16 Atlanta                         42-43   0.601   0.3    0.618  0.584     17   16   10   

                                           -------Rating----------------  ----Rank----            
Rank Team                            W-L     KRS    SRS    S-Ix   WRS       S    W    SOS
========================================================================================
 17 Toronto                         41-42   0.639   1.5    0.695  0.583     12   17   12   
 18 Minnesota                       43-43   0.581   -0.3   0.580  0.581     21   18   19   
 19 Chicago                         41-43   0.623   1.3    0.678  0.568     13   19   13   
 20 Oklahoma City                   41-43   0.599   0.7    0.644  0.554     15   20   23   
 21 Dallas                          38-44   0.545   -0.1   0.592  0.499     20   21   26   
 22 Utah                            37-45   0.509   -1.0   0.538  0.480     22   22   21   
 23 Indiana                         35-47   0.433   -2.9   0.423  0.444     25   23   4    
 24 Washington                      35-47   0.490   -1.1   0.536  0.444     23   24   11   

                                           -------Rating----------------  ----Rank----            
Rank Team                            W-L     KRS    SRS    S-Ix   WRS       S    W    SOS
========================================================================================
 25 Orlando                         34-48   0.434   -2.4   0.455  0.413     24   25   9    
 26 Portland                        33-49   0.369   -4.0   0.358  0.380     26   26   15   
 27 Charlotte                       27-55   0.240   -5.9   0.240  0.240     27   27   2    
 28 Houston                         22-60   0.123   -7.6   0.134  0.111     28   28   6    
 29 San Antonio                     22-60   0.052   -9.8   0.000  0.105     30   29   7    
 30 Detroit                         17-65   0.064   -7.7   0.128  0.000     29   30   1    
</div></pre>
</div>
<div class="tabbertab" title="BCS">
<pre><div id=data>

                                           -------Rating----------------  ----Rank----            
Rank Team                            W-L     KRS    SRS    S-Ix   WRS       S    W    SOS
========================================================================================
  1 Boston                          59-25   0.999   6.5    1.000  0.997     1    2    25   
  2 Philadelphia                    56-28   0.910   4.7    0.885  0.935     3    3    14   
  3 Milwaukee                       59-25   0.909   3.6    0.818  1.000     4    1    17   
  4 Cleveland                       52-32   0.879   5.3    0.926  0.831     2    5    20   
  5 Denver                          55-29   0.847   3.4    0.808  0.886     6    4    28   
  6 Memphis                         52-32   0.812   3.5    0.812  0.813     5    6    30   
  7 New York                        48-36   0.760   2.9    0.777  0.742     7    8    8    
  8 Sacramento                      50-34   0.756   2.4    0.748  0.765     8    7    29   

                                           -------Rating----------------  ----Rank----            
Rank Team                            W-L     KRS    SRS    S-Ix   WRS       S    W    SOS
========================================================================================
  9 Phoenix                         46-38   0.709   2.1    0.731  0.686     9    9    16   
 10 Golden State                    44-40   0.663   1.5    0.695  0.631     11   14   22   
 11 Brooklyn                        45-39   0.661   0.7    0.646  0.676     14   10   3    
 12 LA Lakers                       45-40   0.640   0.6    0.639  0.642     16   13   18   
 13 New Orleans                     42-41   0.640   1.6    0.696  0.585     10   15   27   
 14 Toronto                         41-42   0.639   1.5    0.695  0.583     12   17   12   
 15 Miami                           46-40   0.634   -0.1   0.596  0.672     19   11   5    
 16 LA Clippers                     45-39   0.632   0.2    0.616  0.649     18   12   24   

                                           -------Rating----------------  ----Rank----            
Rank Team                            W-L     KRS    SRS    S-Ix   WRS       S    W    SOS
========================================================================================
 17 Chicago                         41-43   0.623   1.3    0.678  0.568     13   19   13   
 18 Atlanta                         42-43   0.601   0.3    0.618  0.584     17   16   10   
 19 Oklahoma City                   41-43   0.599   0.7    0.644  0.554     15   20   23   
 20 Minnesota                       43-43   0.581   -0.3   0.580  0.581     21   18   19   
 21 Dallas                          38-44   0.545   -0.1   0.592  0.499     20   21   26   
 22 Utah                            37-45   0.509   -1.0   0.538  0.480     22   22   21   
 23 Washington                      35-47   0.490   -1.1   0.536  0.444     23   24   11   
 24 Orlando                         34-48   0.434   -2.4   0.455  0.413     24   25   9    

                                           -------Rating----------------  ----Rank----            
Rank Team                            W-L     KRS    SRS    S-Ix   WRS       S    W    SOS
========================================================================================
 25 Indiana                         35-47   0.433   -2.9   0.423  0.444     25   23   4    
 26 Portland                        33-49   0.369   -4.0   0.358  0.380     26   26   15   
 27 Charlotte                       27-55   0.240   -5.9   0.240  0.240     27   27   2    
 28 Houston                         22-60   0.123   -7.6   0.134  0.111     28   28   6    
 29 Detroit                         17-65   0.064   -7.7   0.128  0.000     29   30   1    
 30 San Antonio                     22-60   0.052   -9.8   0.000  0.105     30   29   7    
</div></pre>
</div>
<div class="tabbertab" title="SOS">
<pre><div id=data>

                                           -------Rating----------------  ----Rank----            
Rank Team                            W-L     KRS    SRS    S-Ix   WRS       S    W    SOS
========================================================================================
  1 Detroit                         17-65   0.064   -7.7   0.128  0.000     29   30   1    
  2 Charlotte                       27-55   0.240   -5.9   0.240  0.240     27   27   2    
  3 Brooklyn                        45-39   0.661   0.7    0.646  0.676     14   10   3    
  4 Indiana                         35-47   0.433   -2.9   0.423  0.444     25   23   4    
  5 Miami                           46-40   0.634   -0.1   0.596  0.672     19   11   5    
  6 Houston                         22-60   0.123   -7.6   0.134  0.111     28   28   6    
  7 San Antonio                     22-60   0.052   -9.8   0.000  0.105     30   29   7    
  8 New York                        48-36   0.760   2.9    0.777  0.742     7    8    8    

                                           -------Rating----------------  ----Rank----            
Rank Team                            W-L     KRS    SRS    S-Ix   WRS       S    W    SOS
========================================================================================
  9 Orlando                         34-48   0.434   -2.4   0.455  0.413     24   25   9    
 10 Atlanta                         42-43   0.601   0.3    0.618  0.584     17   16   10   
 11 Washington                      35-47   0.490   -1.1   0.536  0.444     23   24   11   
 12 Toronto                         41-42   0.639   1.5    0.695  0.583     12   17   12   
 13 Chicago                         41-43   0.623   1.3    0.678  0.568     13   19   13   
 14 Philadelphia                    56-28   0.910   4.7    0.885  0.935     3    3    14   
 15 Portland                        33-49   0.369   -4.0   0.358  0.380     26   26   15   
 16 Phoenix                         46-38   0.709   2.1    0.731  0.686     9    9    16   

                                           -------Rating----------------  ----Rank----            
Rank Team                            W-L     KRS    SRS    S-Ix   WRS       S    W    SOS
========================================================================================
 17 Milwaukee                       59-25   0.909   3.6    0.818  1.000     4    1    17   
 18 LA Lakers                       45-40   0.640   0.6    0.639  0.642     16   13   18   
 19 Minnesota                       43-43   0.581   -0.3   0.580  0.581     21   18   19   
 20 Cleveland                       52-32   0.879   5.3    0.926  0.831     2    5    20   
 21 Utah                            37-45   0.509   -1.0   0.538  0.480     22   22   21   
 22 Golden State                    44-40   0.663   1.5    0.695  0.631     11   14   22   
 23 Oklahoma City                   41-43   0.599   0.7    0.644  0.554     15   20   23   
 24 LA Clippers                     45-39   0.632   0.2    0.616  0.649     18   12   24   

                                           -------Rating----------------  ----Rank----            
Rank Team                            W-L     KRS    SRS    S-Ix   WRS       S    W    SOS
========================================================================================
 25 Boston                          59-25   0.999   6.5    1.000  0.997     1    2    25   
 26 Dallas                          38-44   0.545   -0.1   0.592  0.499     20   21   26   
 27 New Orleans                     42-41   0.640   1.6    0.696  0.585     10   15   27   
 28 Denver                          55-29   0.847   3.4    0.808  0.886     6    4    28   
 29 Sacramento                      50-34   0.756   2.4    0.748  0.765     8    7    29   
 30 Memphis                         52-32   0.812   3.5    0.812  0.813     5    6    30   
</div></pre>
</div>
	</pre>
	</p>
	</span>
</body>
<body>
<h3>Other links</h3>
<h4>Home</h4>
	<ul>
			<li class="listyle"><a href="https://2skupz.github.io/index.html"> Index</a></li>
	</ul>
</body>
