<html>
<head>
<!-- Global Site Tag (gtag.js) - Google Analytics -->
<title>2023 NBA Rankings</title>
<script type="text/javascript" src="tabber.js">
</script>
<link href="https://fonts.googleapis.com/css?family=Roboto+Slab|Droid+Sans+Mono" rel="stylesheet">
<style>
 body {
			font-family: "Roboto Slab", serif;
			font-size: 12px;
			}
#data {
			font-family: "Droid Sans Mono", serif;
			font-size: 13px;
		}
</style>
<link rel="stylesheet" href="tabbedPage.css" TYPE="text/css" MEDIA="screen">
</head>
<body bgcolor=#fbeec1>
<hr>
<table width=100%>
<tr><td align=left>
<h1 align="center">2023 NBA Rankings</h1>
</td>
</tr></table>
<p>
Standings through 04.17.23
<hr>
<center>
<table width=100% border=1><tr>
<td valign=top>
<div class="tabber">
<div class="tabbertab" title="Ken Power Index">
<pre><div id=data>

                                           -------Rating----------------  ----Rank----            
Rank Team                            W-L     KRS    SRS    S-Ix   WRS       S    W    SOS
========================================================================================
  1 Boston                          58-25   0.999   6.5    1.000  0.998     1    2    24   
  2 Philadelphia                    56-28   0.916   4.7    0.889  0.943     3    3    14   
  3 Milwaukee                       58-25   0.907   3.4    0.813  1.000     4    1    17   
  4 Cleveland                       51-32   0.874   5.2    0.920  0.827     2    5    21   
  5 Denver                          54-29   0.847   3.3    0.808  0.885     6    4    28   
  6 Memphis                         51-32   0.810   3.4    0.810  0.810     5    6    30   
  7 New York                        48-35   0.775   3.1    0.791  0.760     7    8    11   
  8 Sacramento                      50-34   0.761   2.4    0.751  0.772     8    7    29   

                                           -------Rating----------------  ----Rank----            
Rank Team                            W-L     KRS    SRS    S-Ix   WRS       S    W    SOS
========================================================================================
  9 Phoenix                         45-38   0.703   2.0    0.726  0.680     9    11   16   
 10 Golden State                    44-40   0.667   1.5    0.698  0.636     11   14   19   
 11 Brooklyn                        45-39   0.665   0.7    0.649  0.682     14   10   3    
 12 LA Lakers                       45-39   0.652   0.7    0.647  0.658     16   13   22   
 13 Miami                           46-39   0.647   0.1    0.608  0.686     19   9    6    
 14 LA Clippers                     45-38   0.646   0.4    0.627  0.666     17   12   25   
 15 New Orleans                     42-41   0.644   1.6    0.699  0.590     10   17   27   
 16 Toronto                         41-42   0.643   1.5    0.698  0.588     12   18   10   

                                           -------Rating----------------  ----Rank----            
Rank Team                            W-L     KRS    SRS    S-Ix   WRS       S    W    SOS
========================================================================================
 17 Chicago                         41-43   0.627   1.3    0.681  0.573     13   19   13   
 18 Atlanta                         42-42   0.611   0.4    0.625  0.597     18   15   12   
 19 Oklahoma City                   41-43   0.603   0.7    0.647  0.559     15   20   20   
 20 Minnesota                       43-42   0.591   -0.3   0.586  0.595     21   16   23   
 21 Dallas                          38-44   0.549   -0.1   0.595  0.503     20   21   26   
 22 Utah                            37-45   0.512   -1.0   0.540  0.485     22   22   18   
 23 Washington                      35-47   0.493   -1.1   0.538  0.448     23   23   9    
 24 Orlando                         34-48   0.437   -2.4   0.457  0.417     24   25   8    

                                           -------Rating----------------  ----Rank----            
Rank Team                            W-L     KRS    SRS    S-Ix   WRS       S    W    SOS
========================================================================================
 25 Indiana                         35-47   0.436   -2.9   0.425  0.448     25   24   4    
 26 Portland                        33-49   0.371   -4.0   0.360  0.383     26   26   15   
 27 Charlotte                       27-55   0.242   -5.9   0.241  0.242     27   27   2    
 28 Houston                         22-60   0.124   -7.6   0.135  0.112     28   28   5    
 29 Detroit                         17-65   0.064   -7.7   0.128  0.000     29   30   1    
 30 San Antonio                     22-60   0.053   -9.8   0.000  0.106     30   29   7    
</div></pre>
</div>
<div class="tabbertab" title="Points Based">
<pre><div id=data>

                                           -------Rating----------------  ----Rank----            
Rank Team                            W-L     KRS    SRS    S-Ix   WRS       S    W    SOS
========================================================================================
  1 Boston                          58-25   0.999   6.5    1.000  0.998     1    2    24   
  2 Cleveland                       51-32   0.874   5.2    0.920  0.827     2    5    21   
  3 Philadelphia                    56-28   0.916   4.7    0.889  0.943     3    3    14   
  4 Milwaukee                       58-25   0.907   3.4    0.813  1.000     4    1    17   
  5 Memphis                         51-32   0.810   3.4    0.810  0.810     5    6    30   
  6 Denver                          54-29   0.847   3.3    0.808  0.885     6    4    28   
  7 New York                        48-35   0.775   3.1    0.791  0.760     7    8    11   
  8 Sacramento                      50-34   0.761   2.4    0.751  0.772     8    7    29   

                                           -------Rating----------------  ----Rank----            
Rank Team                            W-L     KRS    SRS    S-Ix   WRS       S    W    SOS
========================================================================================
  9 Phoenix                         45-38   0.703   2.0    0.726  0.680     9    11   16   
 10 New Orleans                     42-41   0.644   1.6    0.699  0.590     10   17   27   
 11 Golden State                    44-40   0.667   1.5    0.698  0.636     11   14   19   
 12 Toronto                         41-42   0.643   1.5    0.698  0.588     12   18   10   
 13 Chicago                         41-43   0.627   1.3    0.681  0.573     13   19   13   
 14 Brooklyn                        45-39   0.665   0.7    0.649  0.682     14   10   3    
 15 Oklahoma City                   41-43   0.603   0.7    0.647  0.559     15   20   20   
 16 LA Lakers                       45-39   0.652   0.7    0.647  0.658     16   13   22   

                                           -------Rating----------------  ----Rank----            
Rank Team                            W-L     KRS    SRS    S-Ix   WRS       S    W    SOS
========================================================================================
 17 LA Clippers                     45-38   0.646   0.4    0.627  0.666     17   12   25   
 18 Atlanta                         42-42   0.611   0.4    0.625  0.597     18   15   12   
 19 Miami                           46-39   0.647   0.1    0.608  0.686     19   9    6    
 20 Dallas                          38-44   0.549   -0.1   0.595  0.503     20   21   26   
 21 Minnesota                       43-42   0.591   -0.3   0.586  0.595     21   16   23   
 22 Utah                            37-45   0.512   -1.0   0.540  0.485     22   22   18   
 23 Washington                      35-47   0.493   -1.1   0.538  0.448     23   23   9    
 24 Orlando                         34-48   0.437   -2.4   0.457  0.417     24   25   8    

                                           -------Rating----------------  ----Rank----            
Rank Team                            W-L     KRS    SRS    S-Ix   WRS       S    W    SOS
========================================================================================
 25 Indiana                         35-47   0.436   -2.9   0.425  0.448     25   24   4    
 26 Portland                        33-49   0.371   -4.0   0.360  0.383     26   26   15   
 27 Charlotte                       27-55   0.242   -5.9   0.241  0.242     27   27   2    
 28 Houston                         22-60   0.124   -7.6   0.135  0.112     28   28   5    
 29 Detroit                         17-65   0.064   -7.7   0.128  0.000     29   30   1    
 30 San Antonio                     22-60   0.053   -9.8   0.000  0.106     30   29   7    
</div></pre>
</div>
<div class="tabbertab" title="Wins Based">
<pre><div id=data>

                                           -------Rating----------------  ----Rank----            
Rank Team                            W-L     KRS    SRS    S-Ix   WRS       S    W    SOS
========================================================================================
  1 Milwaukee                       58-25   0.907   3.4    0.813  1.000     4    1    17   
  2 Boston                          58-25   0.999   6.5    1.000  0.998     1    2    24   
  3 Philadelphia                    56-28   0.916   4.7    0.889  0.943     3    3    14   
  4 Denver                          54-29   0.847   3.3    0.808  0.885     6    4    28   
  5 Cleveland                       51-32   0.874   5.2    0.920  0.827     2    5    21   
  6 Memphis                         51-32   0.810   3.4    0.810  0.810     5    6    30   
  7 Sacramento                      50-34   0.761   2.4    0.751  0.772     8    7    29   
  8 New York                        48-35   0.775   3.1    0.791  0.760     7    8    11   

                                           -------Rating----------------  ----Rank----            
Rank Team                            W-L     KRS    SRS    S-Ix   WRS       S    W    SOS
========================================================================================
  9 Miami                           46-39   0.647   0.1    0.608  0.686     19   9    6    
 10 Brooklyn                        45-39   0.665   0.7    0.649  0.682     14   10   3    
 11 Phoenix                         45-38   0.703   2.0    0.726  0.680     9    11   16   
 12 LA Clippers                     45-38   0.646   0.4    0.627  0.666     17   12   25   
 13 LA Lakers                       45-39   0.652   0.7    0.647  0.658     16   13   22   
 14 Golden State                    44-40   0.667   1.5    0.698  0.636     11   14   19   
 15 Atlanta                         42-42   0.611   0.4    0.625  0.597     18   15   12   
 16 Minnesota                       43-42   0.591   -0.3   0.586  0.595     21   16   23   

                                           -------Rating----------------  ----Rank----            
Rank Team                            W-L     KRS    SRS    S-Ix   WRS       S    W    SOS
========================================================================================
 17 New Orleans                     42-41   0.644   1.6    0.699  0.590     10   17   27   
 18 Toronto                         41-42   0.643   1.5    0.698  0.588     12   18   10   
 19 Chicago                         41-43   0.627   1.3    0.681  0.573     13   19   13   
 20 Oklahoma City                   41-43   0.603   0.7    0.647  0.559     15   20   20   
 21 Dallas                          38-44   0.549   -0.1   0.595  0.503     20   21   26   
 22 Utah                            37-45   0.512   -1.0   0.540  0.485     22   22   18   
 23 Washington                      35-47   0.493   -1.1   0.538  0.448     23   23   9    
 24 Indiana                         35-47   0.436   -2.9   0.425  0.448     25   24   4    

                                           -------Rating----------------  ----Rank----            
Rank Team                            W-L     KRS    SRS    S-Ix   WRS       S    W    SOS
========================================================================================
 25 Orlando                         34-48   0.437   -2.4   0.457  0.417     24   25   8    
 26 Portland                        33-49   0.371   -4.0   0.360  0.383     26   26   15   
 27 Charlotte                       27-55   0.242   -5.9   0.241  0.242     27   27   2    
 28 Houston                         22-60   0.124   -7.6   0.135  0.112     28   28   5    
 29 San Antonio                     22-60   0.053   -9.8   0.000  0.106     30   29   7    
 30 Detroit                         17-65   0.064   -7.7   0.128  0.000     29   30   1    
</div></pre>
</div>
<div class="tabbertab" title="BCS">
<pre><div id=data>

                                           -------Rating----------------  ----Rank----            
Rank Team                            W-L     KRS    SRS    S-Ix   WRS       S    W    SOS
========================================================================================
  1 Boston                          58-25   0.999   6.5    1.000  0.998     1    2    24   
  2 Philadelphia                    56-28   0.916   4.7    0.889  0.943     3    3    14   
  3 Milwaukee                       58-25   0.907   3.4    0.813  1.000     4    1    17   
  4 Cleveland                       51-32   0.874   5.2    0.920  0.827     2    5    21   
  5 Denver                          54-29   0.847   3.3    0.808  0.885     6    4    28   
  6 Memphis                         51-32   0.810   3.4    0.810  0.810     5    6    30   
  7 New York                        48-35   0.775   3.1    0.791  0.760     7    8    11   
  8 Sacramento                      50-34   0.761   2.4    0.751  0.772     8    7    29   

                                           -------Rating----------------  ----Rank----            
Rank Team                            W-L     KRS    SRS    S-Ix   WRS       S    W    SOS
========================================================================================
  9 Phoenix                         45-38   0.703   2.0    0.726  0.680     9    11   16   
 10 Golden State                    44-40   0.667   1.5    0.698  0.636     11   14   19   
 11 Brooklyn                        45-39   0.665   0.7    0.649  0.682     14   10   3    
 12 LA Lakers                       45-39   0.652   0.7    0.647  0.658     16   13   22   
 13 Miami                           46-39   0.647   0.1    0.608  0.686     19   9    6    
 14 LA Clippers                     45-38   0.646   0.4    0.627  0.666     17   12   25   
 15 New Orleans                     42-41   0.644   1.6    0.699  0.590     10   17   27   
 16 Toronto                         41-42   0.643   1.5    0.698  0.588     12   18   10   

                                           -------Rating----------------  ----Rank----            
Rank Team                            W-L     KRS    SRS    S-Ix   WRS       S    W    SOS
========================================================================================
 17 Chicago                         41-43   0.627   1.3    0.681  0.573     13   19   13   
 18 Atlanta                         42-42   0.611   0.4    0.625  0.597     18   15   12   
 19 Oklahoma City                   41-43   0.603   0.7    0.647  0.559     15   20   20   
 20 Minnesota                       43-42   0.591   -0.3   0.586  0.595     21   16   23   
 21 Dallas                          38-44   0.549   -0.1   0.595  0.503     20   21   26   
 22 Utah                            37-45   0.512   -1.0   0.540  0.485     22   22   18   
 23 Washington                      35-47   0.493   -1.1   0.538  0.448     23   23   9    
 24 Orlando                         34-48   0.437   -2.4   0.457  0.417     24   25   8    

                                           -------Rating----------------  ----Rank----            
Rank Team                            W-L     KRS    SRS    S-Ix   WRS       S    W    SOS
========================================================================================
 25 Indiana                         35-47   0.436   -2.9   0.425  0.448     25   24   4    
 26 Portland                        33-49   0.371   -4.0   0.360  0.383     26   26   15   
 27 Charlotte                       27-55   0.242   -5.9   0.241  0.242     27   27   2    
 28 Houston                         22-60   0.124   -7.6   0.135  0.112     28   28   5    
 29 Detroit                         17-65   0.064   -7.7   0.128  0.000     29   30   1    
 30 San Antonio                     22-60   0.053   -9.8   0.000  0.106     30   29   7    
</div></pre>
</div>
<div class="tabbertab" title="SOS">
<pre><div id=data>

                                           -------Rating----------------  ----Rank----            
Rank Team                            W-L     KRS    SRS    S-Ix   WRS       S    W    SOS
========================================================================================
  1 Detroit                         17-65   0.064   -7.7   0.128  0.000     29   30   1    
  2 Charlotte                       27-55   0.242   -5.9   0.241  0.242     27   27   2    
  3 Brooklyn                        45-39   0.665   0.7    0.649  0.682     14   10   3    
  4 Indiana                         35-47   0.436   -2.9   0.425  0.448     25   24   4    
  5 Houston                         22-60   0.124   -7.6   0.135  0.112     28   28   5    
  6 Miami                           46-39   0.647   0.1    0.608  0.686     19   9    6    
  7 San Antonio                     22-60   0.053   -9.8   0.000  0.106     30   29   7    
  8 Orlando                         34-48   0.437   -2.4   0.457  0.417     24   25   8    

                                           -------Rating----------------  ----Rank----            
Rank Team                            W-L     KRS    SRS    S-Ix   WRS       S    W    SOS
========================================================================================
  9 Washington                      35-47   0.493   -1.1   0.538  0.448     23   23   9    
 10 Toronto                         41-42   0.643   1.5    0.698  0.588     12   18   10   
 11 New York                        48-35   0.775   3.1    0.791  0.760     7    8    11   
 12 Atlanta                         42-42   0.611   0.4    0.625  0.597     18   15   12   
 13 Chicago                         41-43   0.627   1.3    0.681  0.573     13   19   13   
 14 Philadelphia                    56-28   0.916   4.7    0.889  0.943     3    3    14   
 15 Portland                        33-49   0.371   -4.0   0.360  0.383     26   26   15   
 16 Phoenix                         45-38   0.703   2.0    0.726  0.680     9    11   16   

                                           -------Rating----------------  ----Rank----            
Rank Team                            W-L     KRS    SRS    S-Ix   WRS       S    W    SOS
========================================================================================
 17 Milwaukee                       58-25   0.907   3.4    0.813  1.000     4    1    17   
 18 Utah                            37-45   0.512   -1.0   0.540  0.485     22   22   18   
 19 Golden State                    44-40   0.667   1.5    0.698  0.636     11   14   19   
 20 Oklahoma City                   41-43   0.603   0.7    0.647  0.559     15   20   20   
 21 Cleveland                       51-32   0.874   5.2    0.920  0.827     2    5    21   
 22 LA Lakers                       45-39   0.652   0.7    0.647  0.658     16   13   22   
 23 Minnesota                       43-42   0.591   -0.3   0.586  0.595     21   16   23   
 24 Boston                          58-25   0.999   6.5    1.000  0.998     1    2    24   

                                           -------Rating----------------  ----Rank----            
Rank Team                            W-L     KRS    SRS    S-Ix   WRS       S    W    SOS
========================================================================================
 25 LA Clippers                     45-38   0.646   0.4    0.627  0.666     17   12   25   
 26 Dallas                          38-44   0.549   -0.1   0.595  0.503     20   21   26   
 27 New Orleans                     42-41   0.644   1.6    0.699  0.590     10   17   27   
 28 Denver                          54-29   0.847   3.3    0.808  0.885     6    4    28   
 29 Sacramento                      50-34   0.761   2.4    0.751  0.772     8    7    29   
 30 Memphis                         51-32   0.810   3.4    0.810  0.810     5    6    30   
</div></pre>
</div>
	</pre>
	</p>
	</span>
</body>
<body>
<h3>Other links</h3>
<h4>Home</h4>
	<ul>
			<li class="listyle"><a href="https://2skupz.github.io/index.html"> Index</a></li>
	</ul>
</body>
