<html>
<head>
<!-- Global Site Tag (gtag.js) - Google Analytics -->
<title>2023 NBA Rankings</title>
<script type="text/javascript" src="tabber.js">
</script>
<link href="https://fonts.googleapis.com/css?family=Roboto+Slab|Droid+Sans+Mono" rel="stylesheet">
<style>
 body {
			font-family: "Roboto Slab", serif;
			font-size: 12px;
			}
#data {
			font-family: "Droid Sans Mono", serif;
			font-size: 13px;
		}
</style>
<link rel="stylesheet" href="tabbedPage.css" TYPE="text/css" MEDIA="screen">
</head>
<body bgcolor=#fbeec1>
<hr>
<table width=100%>
<tr><td align=left>
<h1 align="center">2023 NBA Rankings</h1>
</td>
</tr></table>
<p>
Standings through 03.24.23
<hr>
<center>
<table width=100% border=1><tr>
<td valign=top>
<div class="tabber">
<div class="tabbertab" title="Ken Power Index">
<pre><div id=data>

                                           -------Rating----------------  ----Rank----            
Rank Team                            W-L     KRS    SRS    S-Ix   WRS       S    W    SOS
========================================================================================
  1 Boston                          51-23   0.965   5.7    1.000  0.930     1    2    21   
  2 Milwaukee                       53-20   0.960   4.5    0.921  1.000     4    1    23   
  3 Philadelphia                    49-24   0.916   4.9    0.944  0.889     3    3    24   
  4 Cleveland                       47-28   0.906   5.6    0.990  0.822     2    5    12   
  5 Denver                          49-24   0.862   3.4    0.854  0.871     6    4    29   
  6 Memphis                         46-27   0.837   3.9    0.882  0.791     5    6    30   
  7 Sacramento                      44-29   0.760   2.2    0.773  0.746     8    7    26   
  8 New York                        42-33   0.747   2.7    0.807  0.687     7    8    8    

                                           -------Rating----------------  ----Rank----            
Rank Team                            W-L     KRS    SRS    S-Ix   WRS       S    W    SOS
========================================================================================
  9 Brooklyn                        39-34   0.667   0.8    0.687  0.646     14   10   2    
 10 Phoenix                         38-35   0.657   1.4    0.724  0.590     9    11   15   
 11 Miami                           40-34   0.635   -0.2   0.622  0.647     19   9    5    
 12 Golden State                    39-36   0.623   0.4    0.661  0.585     15   13   17   
 13 Chicago                         35-38   0.617   1.2    0.710  0.524     10   19   7    
 14 LA Clippers                     39-35   0.616   0.2    0.644  0.589     17   12   27   
 15 Oklahoma City                   36-38   0.616   1.1    0.702  0.529     11   16   14   
 16 Toronto                         36-38   0.613   1.0    0.698  0.528     12   18   13   

                                           -------Rating----------------  ----Rank----            
Rank Team                            W-L     KRS    SRS    S-Ix   WRS       S    W    SOS
========================================================================================
 17 New Orleans                     36-37   0.600   0.8    0.687  0.513     13   21   28   
 18 LA Lakers                       37-37   0.585   -0.2   0.619  0.551     20   14   18   
 19 Dallas                          36-38   0.582   0.2    0.648  0.516     16   20   20   
 20 Atlanta                         36-37   0.579   -0.1   0.629  0.528     18   17   25   
 21 Minnesota                       37-37   0.577   -0.4   0.610  0.544     21   15   19   
 22 Utah                            35-38   0.547   -0.6   0.595  0.499     22   22   22   
 23 Washington                      33-41   0.518   -0.7   0.586  0.450     23   24   10   
 24 Indiana                         33-41   0.464   -2.4   0.476  0.451     25   23   6    

                                           -------Rating----------------  ----Rank----            
Rank Team                            W-L     KRS    SRS    S-Ix   WRS       S    W    SOS
========================================================================================
 25 Portland                        32-41   0.459   -2.1   0.499  0.420     24   25   16   
 26 Orlando                         31-43   0.430   -2.5   0.472  0.389     26   26   11   
 27 Charlotte                       24-51   0.232   -5.8   0.263  0.201     27   27   3    
 28 Houston                         18-56   0.082   -7.9   0.126  0.039     29   29   4    
 29 Detroit                         16-58   0.078   -7.4   0.156  0.000     28   30   1    
 30 San Antonio                     19-55   0.026   -9.9   0.000  0.052     30   28   9    
</div></pre>
</div>
<div class="tabbertab" title="Points Based">
<pre><div id=data>

                                           -------Rating----------------  ----Rank----            
Rank Team                            W-L     KRS    SRS    S-Ix   WRS       S    W    SOS
========================================================================================
  1 Boston                          51-23   0.965   5.7    1.000  0.930     1    2    21   
  2 Cleveland                       47-28   0.906   5.6    0.990  0.822     2    5    12   
  3 Philadelphia                    49-24   0.916   4.9    0.944  0.889     3    3    24   
  4 Milwaukee                       53-20   0.960   4.5    0.921  1.000     4    1    23   
  5 Memphis                         46-27   0.837   3.9    0.882  0.791     5    6    30   
  6 Denver                          49-24   0.862   3.4    0.854  0.871     6    4    29   
  7 New York                        42-33   0.747   2.7    0.807  0.687     7    8    8    
  8 Sacramento                      44-29   0.760   2.2    0.773  0.746     8    7    26   

                                           -------Rating----------------  ----Rank----            
Rank Team                            W-L     KRS    SRS    S-Ix   WRS       S    W    SOS
========================================================================================
  9 Phoenix                         38-35   0.657   1.4    0.724  0.590     9    11   15   
 10 Chicago                         35-38   0.617   1.2    0.710  0.524     10   19   7    
 11 Oklahoma City                   36-38   0.616   1.1    0.702  0.529     11   16   14   
 12 Toronto                         36-38   0.613   1.0    0.698  0.528     12   18   13   
 13 New Orleans                     36-37   0.600   0.8    0.687  0.513     13   21   28   
 14 Brooklyn                        39-34   0.667   0.8    0.687  0.646     14   10   2    
 15 Golden State                    39-36   0.623   0.4    0.661  0.585     15   13   17   
 16 Dallas                          36-38   0.582   0.2    0.648  0.516     16   20   20   

                                           -------Rating----------------  ----Rank----            
Rank Team                            W-L     KRS    SRS    S-Ix   WRS       S    W    SOS
========================================================================================
 17 LA Clippers                     39-35   0.616   0.2    0.644  0.589     17   12   27   
 18 Atlanta                         36-37   0.579   -0.1   0.629  0.528     18   17   25   
 19 Miami                           40-34   0.635   -0.2   0.622  0.647     19   9    5    
 20 LA Lakers                       37-37   0.585   -0.2   0.619  0.551     20   14   18   
 21 Minnesota                       37-37   0.577   -0.4   0.610  0.544     21   15   19   
 22 Utah                            35-38   0.547   -0.6   0.595  0.499     22   22   22   
 23 Washington                      33-41   0.518   -0.7   0.586  0.450     23   24   10   
 24 Portland                        32-41   0.459   -2.1   0.499  0.420     24   25   16   

                                           -------Rating----------------  ----Rank----            
Rank Team                            W-L     KRS    SRS    S-Ix   WRS       S    W    SOS
========================================================================================
 25 Indiana                         33-41   0.464   -2.4   0.476  0.451     25   23   6    
 26 Orlando                         31-43   0.430   -2.5   0.472  0.389     26   26   11   
 27 Charlotte                       24-51   0.232   -5.8   0.263  0.201     27   27   3    
 28 Detroit                         16-58   0.078   -7.4   0.156  0.000     28   30   1    
 29 Houston                         18-56   0.082   -7.9   0.126  0.039     29   29   4    
 30 San Antonio                     19-55   0.026   -9.9   0.000  0.052     30   28   9    
</div></pre>
</div>
<div class="tabbertab" title="Wins Based">
<pre><div id=data>

                                           -------Rating----------------  ----Rank----            
Rank Team                            W-L     KRS    SRS    S-Ix   WRS       S    W    SOS
========================================================================================
  1 Milwaukee                       53-20   0.960   4.5    0.921  1.000     4    1    23   
  2 Boston                          51-23   0.965   5.7    1.000  0.930     1    2    21   
  3 Philadelphia                    49-24   0.916   4.9    0.944  0.889     3    3    24   
  4 Denver                          49-24   0.862   3.4    0.854  0.871     6    4    29   
  5 Cleveland                       47-28   0.906   5.6    0.990  0.822     2    5    12   
  6 Memphis                         46-27   0.837   3.9    0.882  0.791     5    6    30   
  7 Sacramento                      44-29   0.760   2.2    0.773  0.746     8    7    26   
  8 New York                        42-33   0.747   2.7    0.807  0.687     7    8    8    

                                           -------Rating----------------  ----Rank----            
Rank Team                            W-L     KRS    SRS    S-Ix   WRS       S    W    SOS
========================================================================================
  9 Miami                           40-34   0.635   -0.2   0.622  0.647     19   9    5    
 10 Brooklyn                        39-34   0.667   0.8    0.687  0.646     14   10   2    
 11 Phoenix                         38-35   0.657   1.4    0.724  0.590     9    11   15   
 12 LA Clippers                     39-35   0.616   0.2    0.644  0.589     17   12   27   
 13 Golden State                    39-36   0.623   0.4    0.661  0.585     15   13   17   
 14 LA Lakers                       37-37   0.585   -0.2   0.619  0.551     20   14   18   
 15 Minnesota                       37-37   0.577   -0.4   0.610  0.544     21   15   19   
 16 Oklahoma City                   36-38   0.616   1.1    0.702  0.529     11   16   14   

                                           -------Rating----------------  ----Rank----            
Rank Team                            W-L     KRS    SRS    S-Ix   WRS       S    W    SOS
========================================================================================
 17 Atlanta                         36-37   0.579   -0.1   0.629  0.528     18   17   25   
 18 Toronto                         36-38   0.613   1.0    0.698  0.528     12   18   13   
 19 Chicago                         35-38   0.617   1.2    0.710  0.524     10   19   7    
 20 Dallas                          36-38   0.582   0.2    0.648  0.516     16   20   20   
 21 New Orleans                     36-37   0.600   0.8    0.687  0.513     13   21   28   
 22 Utah                            35-38   0.547   -0.6   0.595  0.499     22   22   22   
 23 Indiana                         33-41   0.464   -2.4   0.476  0.451     25   23   6    
 24 Washington                      33-41   0.518   -0.7   0.586  0.450     23   24   10   

                                           -------Rating----------------  ----Rank----            
Rank Team                            W-L     KRS    SRS    S-Ix   WRS       S    W    SOS
========================================================================================
 25 Portland                        32-41   0.459   -2.1   0.499  0.420     24   25   16   
 26 Orlando                         31-43   0.430   -2.5   0.472  0.389     26   26   11   
 27 Charlotte                       24-51   0.232   -5.8   0.263  0.201     27   27   3    
 28 San Antonio                     19-55   0.026   -9.9   0.000  0.052     30   28   9    
 29 Houston                         18-56   0.082   -7.9   0.126  0.039     29   29   4    
 30 Detroit                         16-58   0.078   -7.4   0.156  0.000     28   30   1    
</div></pre>
</div>
<div class="tabbertab" title="BCS">
<pre><div id=data>

                                           -------Rating----------------  ----Rank----            
Rank Team                            W-L     KRS    SRS    S-Ix   WRS       S    W    SOS
========================================================================================
  1 Boston                          51-23   0.965   5.7    1.000  0.930     1    2    21   
  2 Milwaukee                       53-20   0.960   4.5    0.921  1.000     4    1    23   
  3 Philadelphia                    49-24   0.916   4.9    0.944  0.889     3    3    24   
  4 Cleveland                       47-28   0.906   5.6    0.990  0.822     2    5    12   
  5 Denver                          49-24   0.862   3.4    0.854  0.871     6    4    29   
  6 Memphis                         46-27   0.837   3.9    0.882  0.791     5    6    30   
  7 Sacramento                      44-29   0.760   2.2    0.773  0.746     8    7    26   
  8 New York                        42-33   0.747   2.7    0.807  0.687     7    8    8    

                                           -------Rating----------------  ----Rank----            
Rank Team                            W-L     KRS    SRS    S-Ix   WRS       S    W    SOS
========================================================================================
  9 Brooklyn                        39-34   0.667   0.8    0.687  0.646     14   10   2    
 10 Phoenix                         38-35   0.657   1.4    0.724  0.590     9    11   15   
 11 Miami                           40-34   0.635   -0.2   0.622  0.647     19   9    5    
 12 Golden State                    39-36   0.623   0.4    0.661  0.585     15   13   17   
 13 Chicago                         35-38   0.617   1.2    0.710  0.524     10   19   7    
 14 LA Clippers                     39-35   0.616   0.2    0.644  0.589     17   12   27   
 15 Oklahoma City                   36-38   0.616   1.1    0.702  0.529     11   16   14   
 16 Toronto                         36-38   0.613   1.0    0.698  0.528     12   18   13   

                                           -------Rating----------------  ----Rank----            
Rank Team                            W-L     KRS    SRS    S-Ix   WRS       S    W    SOS
========================================================================================
 17 New Orleans                     36-37   0.600   0.8    0.687  0.513     13   21   28   
 18 LA Lakers                       37-37   0.585   -0.2   0.619  0.551     20   14   18   
 19 Dallas                          36-38   0.582   0.2    0.648  0.516     16   20   20   
 20 Atlanta                         36-37   0.579   -0.1   0.629  0.528     18   17   25   
 21 Minnesota                       37-37   0.577   -0.4   0.610  0.544     21   15   19   
 22 Utah                            35-38   0.547   -0.6   0.595  0.499     22   22   22   
 23 Washington                      33-41   0.518   -0.7   0.586  0.450     23   24   10   
 24 Indiana                         33-41   0.464   -2.4   0.476  0.451     25   23   6    

                                           -------Rating----------------  ----Rank----            
Rank Team                            W-L     KRS    SRS    S-Ix   WRS       S    W    SOS
========================================================================================
 25 Portland                        32-41   0.459   -2.1   0.499  0.420     24   25   16   
 26 Orlando                         31-43   0.430   -2.5   0.472  0.389     26   26   11   
 27 Charlotte                       24-51   0.232   -5.8   0.263  0.201     27   27   3    
 28 Houston                         18-56   0.082   -7.9   0.126  0.039     29   29   4    
 29 Detroit                         16-58   0.078   -7.4   0.156  0.000     28   30   1    
 30 San Antonio                     19-55   0.026   -9.9   0.000  0.052     30   28   9    
</div></pre>
</div>
<div class="tabbertab" title="SOS">
<pre><div id=data>

                                           -------Rating----------------  ----Rank----            
Rank Team                            W-L     KRS    SRS    S-Ix   WRS       S    W    SOS
========================================================================================
  1 Detroit                         16-58   0.078   -7.4   0.156  0.000     28   30   1    
  2 Brooklyn                        39-34   0.667   0.8    0.687  0.646     14   10   2    
  3 Charlotte                       24-51   0.232   -5.8   0.263  0.201     27   27   3    
  4 Houston                         18-56   0.082   -7.9   0.126  0.039     29   29   4    
  5 Miami                           40-34   0.635   -0.2   0.622  0.647     19   9    5    
  6 Indiana                         33-41   0.464   -2.4   0.476  0.451     25   23   6    
  7 Chicago                         35-38   0.617   1.2    0.710  0.524     10   19   7    
  8 New York                        42-33   0.747   2.7    0.807  0.687     7    8    8    

                                           -------Rating----------------  ----Rank----            
Rank Team                            W-L     KRS    SRS    S-Ix   WRS       S    W    SOS
========================================================================================
  9 San Antonio                     19-55   0.026   -9.9   0.000  0.052     30   28   9    
 10 Washington                      33-41   0.518   -0.7   0.586  0.450     23   24   10   
 11 Orlando                         31-43   0.430   -2.5   0.472  0.389     26   26   11   
 12 Cleveland                       47-28   0.906   5.6    0.990  0.822     2    5    12   
 13 Toronto                         36-38   0.613   1.0    0.698  0.528     12   18   13   
 14 Oklahoma City                   36-38   0.616   1.1    0.702  0.529     11   16   14   
 15 Phoenix                         38-35   0.657   1.4    0.724  0.590     9    11   15   
 16 Portland                        32-41   0.459   -2.1   0.499  0.420     24   25   16   

                                           -------Rating----------------  ----Rank----            
Rank Team                            W-L     KRS    SRS    S-Ix   WRS       S    W    SOS
========================================================================================
 17 Golden State                    39-36   0.623   0.4    0.661  0.585     15   13   17   
 18 LA Lakers                       37-37   0.585   -0.2   0.619  0.551     20   14   18   
 19 Minnesota                       37-37   0.577   -0.4   0.610  0.544     21   15   19   
 20 Dallas                          36-38   0.582   0.2    0.648  0.516     16   20   20   
 21 Boston                          51-23   0.965   5.7    1.000  0.930     1    2    21   
 22 Utah                            35-38   0.547   -0.6   0.595  0.499     22   22   22   
 23 Milwaukee                       53-20   0.960   4.5    0.921  1.000     4    1    23   
 24 Philadelphia                    49-24   0.916   4.9    0.944  0.889     3    3    24   

                                           -------Rating----------------  ----Rank----            
Rank Team                            W-L     KRS    SRS    S-Ix   WRS       S    W    SOS
========================================================================================
 25 Atlanta                         36-37   0.579   -0.1   0.629  0.528     18   17   25   
 26 Sacramento                      44-29   0.760   2.2    0.773  0.746     8    7    26   
 27 LA Clippers                     39-35   0.616   0.2    0.644  0.589     17   12   27   
 28 New Orleans                     36-37   0.600   0.8    0.687  0.513     13   21   28   
 29 Denver                          49-24   0.862   3.4    0.854  0.871     6    4    29   
 30 Memphis                         46-27   0.837   3.9    0.882  0.791     5    6    30   
</div></pre>
</div>
	</pre>
	</p>
	</span>
</body>
<body>
<h3>Other links</h3>
<h4>Home</h4>
	<ul>
			<li class="listyle"><a href="https://2skupz.github.io/index.html"> Index</a></li>
	</ul>
</body>
