<html>
<head>
<!-- Global Site Tag (gtag.js) - Google Analytics -->
<title>2023 NBA Rankings</title>
<script type="text/javascript" src="tabber.js">
</script>
<link href="https://fonts.googleapis.com/css?family=Roboto+Slab|Droid+Sans+Mono" rel="stylesheet">
<style>
 body {
			font-family: "Roboto Slab", serif;
			font-size: 12px;
			}
#data {
			font-family: "Droid Sans Mono", serif;
			font-size: 13px;
		}
</style>
<link rel="stylesheet" href="tabbedPage.css" TYPE="text/css" MEDIA="screen">
</head>
<body bgcolor=#fbeec1>
<hr>
<table width=100%>
<tr><td align=left>
<h1 align="center">2023 NBA Rankings</h1>
</td>
</tr></table>
<p>
Standings through 03.04.23
<hr>
<center>
<table width=100% border=1><tr>
<td valign=top>
<div class="tabber">
<div class="tabbertab" title="Ken Power Index">
<pre><div id=data>

                                           -------Rating----------------  ----Rank----            
Rank Team                            W-L     KRS    SRS    S-Ix   WRS       S    W    SOS
========================================================================================
  1 Boston                          45-19   0.980   5.3    0.981  0.980     2    2    21   
  2 Milwaukee                       45-18   0.946   3.9    0.891  1.000     4    1    19   
  3 Denver                          45-19   0.935   4.2    0.911  0.959     3    3    28   
  4 Cleveland                       40-26   0.897   5.6    1.000  0.795     1    5    13   
  5 Philadelphia                    41-22   0.874   3.7    0.876  0.872     6    4    22   
  6 Memphis                         38-24   0.841   3.9    0.889  0.793     5    6    20   
  7 New York                        38-27   0.800   3.3    0.849  0.752     7    7    8    
  8 Sacramento                      37-26   0.734   1.9    0.761  0.707     8    8    30   

                                           -------Rating----------------  ----Rank----            
Rank Team                            W-L     KRS    SRS    S-Ix   WRS       S    W    SOS
========================================================================================
  9 Phoenix                         35-29   0.701   1.8    0.752  0.650     9    10   23   
 10 Brooklyn                        35-28   0.690   0.7    0.682  0.697     14   9    3    
 11 Golden State                    34-30   0.647   0.7    0.684  0.609     13   12   26   
 12 Dallas                          33-31   0.641   0.8    0.690  0.592     12   13   17   
 13 Oklahoma City                   29-34   0.615   1.5    0.736  0.495     10   22   11   
 14 New Orleans                     31-33   0.613   0.8    0.691  0.536     11   18   14   
 15 Toronto                         32-33   0.611   0.6    0.675  0.547     15   16   15   
 16 Miami                           34-31   0.611   -0.6   0.597  0.626     21   11   10   

                                           -------Rating----------------  ----Rank----            
Rank Team                            W-L     KRS    SRS    S-Ix   WRS       S    W    SOS
========================================================================================
 17 Atlanta                         32-32   0.600   0.0    0.637  0.563     18   15   18   
 18 Minnesota                       34-32   0.597   -0.2   0.621  0.573     20   14   27   
 19 Washington                      30-33   0.587   0.2    0.647  0.527     17   19   7    
 20 Chicago                         29-35   0.578   0.6    0.674  0.482     16   23   5    
 21 Utah                            31-33   0.570   -0.2   0.626  0.514     19   20   25   
 22 LA Clippers                     33-33   0.565   -0.8   0.585  0.545     22   17   29   
 23 LA Lakers                       30-34   0.540   -1.0   0.570  0.509     23   21   16   
 24 Portland                        29-34   0.518   -1.1   0.567  0.470     24   24   24   

                                           -------Rating----------------  ----Rank----            
Rank Team                            W-L     KRS    SRS    S-Ix   WRS       S    W    SOS
========================================================================================
 25 Indiana                         28-36   0.476   -2.2   0.496  0.456     25   25   2    
 26 Orlando                         27-37   0.437   -2.6   0.467  0.407     26   26   9    
 27 Charlotte                       20-45   0.225   -5.7   0.265  0.186     27   27   6    
 28 Detroit                         15-49   0.122   -6.9   0.189  0.055     28   28   1    
 29 Houston                         14-49   0.049   -8.3   0.098  0.000     29   30   4    
 30 San Antonio                     16-48   0.019   -9.8   0.000  0.037     30   29   12   
</div></pre>
</div>
<div class="tabbertab" title="Points Based">
<pre><div id=data>

                                           -------Rating----------------  ----Rank----            
Rank Team                            W-L     KRS    SRS    S-Ix   WRS       S    W    SOS
========================================================================================
  1 Cleveland                       40-26   0.897   5.6    1.000  0.795     1    5    13   
  2 Boston                          45-19   0.980   5.3    0.981  0.980     2    2    21   
  3 Denver                          45-19   0.935   4.2    0.911  0.959     3    3    28   
  4 Milwaukee                       45-18   0.946   3.9    0.891  1.000     4    1    19   
  5 Memphis                         38-24   0.841   3.9    0.889  0.793     5    6    20   
  6 Philadelphia                    41-22   0.874   3.7    0.876  0.872     6    4    22   
  7 New York                        38-27   0.800   3.3    0.849  0.752     7    7    8    
  8 Sacramento                      37-26   0.734   1.9    0.761  0.707     8    8    30   

                                           -------Rating----------------  ----Rank----            
Rank Team                            W-L     KRS    SRS    S-Ix   WRS       S    W    SOS
========================================================================================
  9 Phoenix                         35-29   0.701   1.8    0.752  0.650     9    10   23   
 10 Oklahoma City                   29-34   0.615   1.5    0.736  0.495     10   22   11   
 11 New Orleans                     31-33   0.613   0.8    0.691  0.536     11   18   14   
 12 Dallas                          33-31   0.641   0.8    0.690  0.592     12   13   17   
 13 Golden State                    34-30   0.647   0.7    0.684  0.609     13   12   26   
 14 Brooklyn                        35-28   0.690   0.7    0.682  0.697     14   9    3    
 15 Toronto                         32-33   0.611   0.6    0.675  0.547     15   16   15   
 16 Chicago                         29-35   0.578   0.6    0.674  0.482     16   23   5    

                                           -------Rating----------------  ----Rank----            
Rank Team                            W-L     KRS    SRS    S-Ix   WRS       S    W    SOS
========================================================================================
 17 Washington                      30-33   0.587   0.2    0.647  0.527     17   19   7    
 18 Atlanta                         32-32   0.600   0.0    0.637  0.563     18   15   18   
 19 Utah                            31-33   0.570   -0.2   0.626  0.514     19   20   25   
 20 Minnesota                       34-32   0.597   -0.2   0.621  0.573     20   14   27   
 21 Miami                           34-31   0.611   -0.6   0.597  0.626     21   11   10   
 22 LA Clippers                     33-33   0.565   -0.8   0.585  0.545     22   17   29   
 23 LA Lakers                       30-34   0.540   -1.0   0.570  0.509     23   21   16   
 24 Portland                        29-34   0.518   -1.1   0.567  0.470     24   24   24   

                                           -------Rating----------------  ----Rank----            
Rank Team                            W-L     KRS    SRS    S-Ix   WRS       S    W    SOS
========================================================================================
 25 Indiana                         28-36   0.476   -2.2   0.496  0.456     25   25   2    
 26 Orlando                         27-37   0.437   -2.6   0.467  0.407     26   26   9    
 27 Charlotte                       20-45   0.225   -5.7   0.265  0.186     27   27   6    
 28 Detroit                         15-49   0.122   -6.9   0.189  0.055     28   28   1    
 29 Houston                         14-49   0.049   -8.3   0.098  0.000     29   30   4    
 30 San Antonio                     16-48   0.019   -9.8   0.000  0.037     30   29   12   
</div></pre>
</div>
<div class="tabbertab" title="Wins Based">
<pre><div id=data>

                                           -------Rating----------------  ----Rank----            
Rank Team                            W-L     KRS    SRS    S-Ix   WRS       S    W    SOS
========================================================================================
  1 Milwaukee                       45-18   0.946   3.9    0.891  1.000     4    1    19   
  2 Boston                          45-19   0.980   5.3    0.981  0.980     2    2    21   
  3 Denver                          45-19   0.935   4.2    0.911  0.959     3    3    28   
  4 Philadelphia                    41-22   0.874   3.7    0.876  0.872     6    4    22   
  5 Cleveland                       40-26   0.897   5.6    1.000  0.795     1    5    13   
  6 Memphis                         38-24   0.841   3.9    0.889  0.793     5    6    20   
  7 New York                        38-27   0.800   3.3    0.849  0.752     7    7    8    
  8 Sacramento                      37-26   0.734   1.9    0.761  0.707     8    8    30   

                                           -------Rating----------------  ----Rank----            
Rank Team                            W-L     KRS    SRS    S-Ix   WRS       S    W    SOS
========================================================================================
  9 Brooklyn                        35-28   0.690   0.7    0.682  0.697     14   9    3    
 10 Phoenix                         35-29   0.701   1.8    0.752  0.650     9    10   23   
 11 Miami                           34-31   0.611   -0.6   0.597  0.626     21   11   10   
 12 Golden State                    34-30   0.647   0.7    0.684  0.609     13   12   26   
 13 Dallas                          33-31   0.641   0.8    0.690  0.592     12   13   17   
 14 Minnesota                       34-32   0.597   -0.2   0.621  0.573     20   14   27   
 15 Atlanta                         32-32   0.600   0.0    0.637  0.563     18   15   18   
 16 Toronto                         32-33   0.611   0.6    0.675  0.547     15   16   15   

                                           -------Rating----------------  ----Rank----            
Rank Team                            W-L     KRS    SRS    S-Ix   WRS       S    W    SOS
========================================================================================
 17 LA Clippers                     33-33   0.565   -0.8   0.585  0.545     22   17   29   
 18 New Orleans                     31-33   0.613   0.8    0.691  0.536     11   18   14   
 19 Washington                      30-33   0.587   0.2    0.647  0.527     17   19   7    
 20 Utah                            31-33   0.570   -0.2   0.626  0.514     19   20   25   
 21 LA Lakers                       30-34   0.540   -1.0   0.570  0.509     23   21   16   
 22 Oklahoma City                   29-34   0.615   1.5    0.736  0.495     10   22   11   
 23 Chicago                         29-35   0.578   0.6    0.674  0.482     16   23   5    
 24 Portland                        29-34   0.518   -1.1   0.567  0.470     24   24   24   

                                           -------Rating----------------  ----Rank----            
Rank Team                            W-L     KRS    SRS    S-Ix   WRS       S    W    SOS
========================================================================================
 25 Indiana                         28-36   0.476   -2.2   0.496  0.456     25   25   2    
 26 Orlando                         27-37   0.437   -2.6   0.467  0.407     26   26   9    
 27 Charlotte                       20-45   0.225   -5.7   0.265  0.186     27   27   6    
 28 Detroit                         15-49   0.122   -6.9   0.189  0.055     28   28   1    
 29 San Antonio                     16-48   0.019   -9.8   0.000  0.037     30   29   12   
 30 Houston                         14-49   0.049   -8.3   0.098  0.000     29   30   4    
</div></pre>
</div>
<div class="tabbertab" title="BCS">
<pre><div id=data>

                                           -------Rating----------------  ----Rank----            
Rank Team                            W-L     KRS    SRS    S-Ix   WRS       S    W    SOS
========================================================================================
  1 Boston                          45-19   0.980   5.3    0.981  0.980     2    2    21   
  2 Milwaukee                       45-18   0.946   3.9    0.891  1.000     4    1    19   
  3 Denver                          45-19   0.935   4.2    0.911  0.959     3    3    28   
  4 Cleveland                       40-26   0.897   5.6    1.000  0.795     1    5    13   
  5 Philadelphia                    41-22   0.874   3.7    0.876  0.872     6    4    22   
  6 Memphis                         38-24   0.841   3.9    0.889  0.793     5    6    20   
  7 New York                        38-27   0.800   3.3    0.849  0.752     7    7    8    
  8 Sacramento                      37-26   0.734   1.9    0.761  0.707     8    8    30   

                                           -------Rating----------------  ----Rank----            
Rank Team                            W-L     KRS    SRS    S-Ix   WRS       S    W    SOS
========================================================================================
  9 Phoenix                         35-29   0.701   1.8    0.752  0.650     9    10   23   
 10 Brooklyn                        35-28   0.690   0.7    0.682  0.697     14   9    3    
 11 Golden State                    34-30   0.647   0.7    0.684  0.609     13   12   26   
 12 Dallas                          33-31   0.641   0.8    0.690  0.592     12   13   17   
 13 Oklahoma City                   29-34   0.615   1.5    0.736  0.495     10   22   11   
 14 New Orleans                     31-33   0.613   0.8    0.691  0.536     11   18   14   
 15 Toronto                         32-33   0.611   0.6    0.675  0.547     15   16   15   
 16 Miami                           34-31   0.611   -0.6   0.597  0.626     21   11   10   

                                           -------Rating----------------  ----Rank----            
Rank Team                            W-L     KRS    SRS    S-Ix   WRS       S    W    SOS
========================================================================================
 17 Atlanta                         32-32   0.600   0.0    0.637  0.563     18   15   18   
 18 Minnesota                       34-32   0.597   -0.2   0.621  0.573     20   14   27   
 19 Washington                      30-33   0.587   0.2    0.647  0.527     17   19   7    
 20 Chicago                         29-35   0.578   0.6    0.674  0.482     16   23   5    
 21 Utah                            31-33   0.570   -0.2   0.626  0.514     19   20   25   
 22 LA Clippers                     33-33   0.565   -0.8   0.585  0.545     22   17   29   
 23 LA Lakers                       30-34   0.540   -1.0   0.570  0.509     23   21   16   
 24 Portland                        29-34   0.518   -1.1   0.567  0.470     24   24   24   

                                           -------Rating----------------  ----Rank----            
Rank Team                            W-L     KRS    SRS    S-Ix   WRS       S    W    SOS
========================================================================================
 25 Indiana                         28-36   0.476   -2.2   0.496  0.456     25   25   2    
 26 Orlando                         27-37   0.437   -2.6   0.467  0.407     26   26   9    
 27 Charlotte                       20-45   0.225   -5.7   0.265  0.186     27   27   6    
 28 Detroit                         15-49   0.122   -6.9   0.189  0.055     28   28   1    
 29 Houston                         14-49   0.049   -8.3   0.098  0.000     29   30   4    
 30 San Antonio                     16-48   0.019   -9.8   0.000  0.037     30   29   12   
</div></pre>
</div>
<div class="tabbertab" title="SOS">
<pre><div id=data>

                                           -------Rating----------------  ----Rank----            
Rank Team                            W-L     KRS    SRS    S-Ix   WRS       S    W    SOS
========================================================================================
  1 Detroit                         15-49   0.122   -6.9   0.189  0.055     28   28   1    
  2 Indiana                         28-36   0.476   -2.2   0.496  0.456     25   25   2    
  3 Brooklyn                        35-28   0.690   0.7    0.682  0.697     14   9    3    
  4 Houston                         14-49   0.049   -8.3   0.098  0.000     29   30   4    
  5 Chicago                         29-35   0.578   0.6    0.674  0.482     16   23   5    
  6 Charlotte                       20-45   0.225   -5.7   0.265  0.186     27   27   6    
  7 Washington                      30-33   0.587   0.2    0.647  0.527     17   19   7    
  8 New York                        38-27   0.800   3.3    0.849  0.752     7    7    8    

                                           -------Rating----------------  ----Rank----            
Rank Team                            W-L     KRS    SRS    S-Ix   WRS       S    W    SOS
========================================================================================
  9 Orlando                         27-37   0.437   -2.6   0.467  0.407     26   26   9    
 10 Miami                           34-31   0.611   -0.6   0.597  0.626     21   11   10   
 11 Oklahoma City                   29-34   0.615   1.5    0.736  0.495     10   22   11   
 12 San Antonio                     16-48   0.019   -9.8   0.000  0.037     30   29   12   
 13 Cleveland                       40-26   0.897   5.6    1.000  0.795     1    5    13   
 14 New Orleans                     31-33   0.613   0.8    0.691  0.536     11   18   14   
 15 Toronto                         32-33   0.611   0.6    0.675  0.547     15   16   15   
 16 LA Lakers                       30-34   0.540   -1.0   0.570  0.509     23   21   16   

                                           -------Rating----------------  ----Rank----            
Rank Team                            W-L     KRS    SRS    S-Ix   WRS       S    W    SOS
========================================================================================
 17 Dallas                          33-31   0.641   0.8    0.690  0.592     12   13   17   
 18 Atlanta                         32-32   0.600   0.0    0.637  0.563     18   15   18   
 19 Milwaukee                       45-18   0.946   3.9    0.891  1.000     4    1    19   
 20 Memphis                         38-24   0.841   3.9    0.889  0.793     5    6    20   
 21 Boston                          45-19   0.980   5.3    0.981  0.980     2    2    21   
 22 Philadelphia                    41-22   0.874   3.7    0.876  0.872     6    4    22   
 23 Phoenix                         35-29   0.701   1.8    0.752  0.650     9    10   23   
 24 Portland                        29-34   0.518   -1.1   0.567  0.470     24   24   24   

                                           -------Rating----------------  ----Rank----            
Rank Team                            W-L     KRS    SRS    S-Ix   WRS       S    W    SOS
========================================================================================
 25 Utah                            31-33   0.570   -0.2   0.626  0.514     19   20   25   
 26 Golden State                    34-30   0.647   0.7    0.684  0.609     13   12   26   
 27 Minnesota                       34-32   0.597   -0.2   0.621  0.573     20   14   27   
 28 Denver                          45-19   0.935   4.2    0.911  0.959     3    3    28   
 29 LA Clippers                     33-33   0.565   -0.8   0.585  0.545     22   17   29   
 30 Sacramento                      37-26   0.734   1.9    0.761  0.707     8    8    30   
</div></pre>
</div>
	</pre>
	</p>
	</span>
</body>
<body>
<h3>Other links</h3>
<h4>Home</h4>
	<ul>
			<li class="listyle"><a href="https://2skupz.github.io/index.html"> Index</a></li>
	</ul>
</body>
