<html>
<head>
<!-- Global Site Tag (gtag.js) - Google Analytics -->
<title>2023 NBA Rankings</title>
<script type="text/javascript" src="tabber.js">
</script>
<link href="https://fonts.googleapis.com/css?family=Roboto+Slab|Droid+Sans+Mono" rel="stylesheet">
<style>
 body {
			font-family: "Roboto Slab", serif;
			font-size: 12px;
			}
#data {
			font-family: "Droid Sans Mono", serif;
			font-size: 13px;
		}
</style>
<link rel="stylesheet" href="tabbedPage.css" TYPE="text/css" MEDIA="screen">
</head>
<body bgcolor=#fbeec1>
<hr>
<table width=100%>
<tr><td align=left>
<h1 align="center">2023 NBA Rankings</h1>
</td>
</tr></table>
<p>
Standings through 03.18.23
<hr>
<center>
<table width=100% border=1><tr>
<td valign=top>
<div class="tabber">
<div class="tabbertab" title="Ken Power Index">
<pre><div id=data>

                                           -------Rating----------------  ----Rank----            
Rank Team                            W-L     KRS    SRS    S-Ix   WRS       S    W    SOS
========================================================================================
  1 Boston                          49-23   0.950   5.2    0.977  0.924     2    3    24   
  2 Milwaukee                       50-20   0.941   3.8    0.883  1.000     4    1    17   
  3 Philadelphia                    48-22   0.941   4.8    0.951  0.931     3    2    27   
  4 Cleveland                       45-28   0.903   5.6    1.000  0.806     1    5    13   
  5 Denver                          47-24   0.853   3.3    0.847  0.859     6    4    30   
  6 Memphis                         43-27   0.826   3.7    0.873  0.779     5    6    25   
  7 New York                        42-30   0.789   3.1    0.835  0.744     7    8    6    
  8 Sacramento                      43-27   0.782   2.5    0.796  0.769     8    7    29   

                                           -------Rating----------------  ----Rank----            
Rank Team                            W-L     KRS    SRS    S-Ix   WRS       S    W    SOS
========================================================================================
  9 Phoenix                         38-32   0.689   1.7    0.745  0.633     9    10   21   
 10 Brooklyn                        39-31   0.687   0.8    0.685  0.688     13   9    5    
 11 Oklahoma City                   34-36   0.623   1.4    0.724  0.523     10   17   15   
 12 Toronto                         35-36   0.620   1.0    0.695  0.544     12   16   9    
 13 Miami                           38-34   0.614   -0.4   0.602  0.627     20   11   3    
 14 Dallas                          36-35   0.608   0.5    0.660  0.556     14   13   22   
 15 Chicago                         33-37   0.599   1.0    0.699  0.500     11   21   11   
 16 LA Clippers                     37-34   0.595   -0.3   0.610  0.580     19   12   28   

                                           -------Rating----------------  ----Rank----            
Rank Team                            W-L     KRS    SRS    S-Ix   WRS       S    W    SOS
========================================================================================
 17 Golden State                    36-36   0.593   0.2    0.641  0.545     16   15   16   
 18 Atlanta                         35-35   0.589   -0.1   0.621  0.556     17   14   14   
 19 New Orleans                     33-37   0.568   0.4    0.652  0.484     15   22   18   
 20 Utah                            34-36   0.557   -0.2   0.613  0.501     18   20   26   
 21 Minnesota                       35-37   0.554   -0.5   0.597  0.511     21   18   23   
 22 LA Lakers                       34-37   0.551   -0.5   0.594  0.508     23   19   19   
 23 Washington                      32-39   0.530   -0.5   0.597  0.462     22   23   4    
 24 Indiana                         32-39   0.469   -2.2   0.482  0.457     25   24   7    

                                           -------Rating----------------  ----Rank----            
Rank Team                            W-L     KRS    SRS    S-Ix   WRS       S    W    SOS
========================================================================================
 25 Portland                        31-39   0.468   -1.7   0.513  0.423     24   25   20   
 26 Orlando                         29-42   0.402   -2.8   0.444  0.361     26   26   12   
 27 Charlotte                       22-50   0.197   -5.9   0.233  0.162     27   27   2    
 28 Houston                         18-52   0.084   -7.6   0.125  0.042     29   28   8    
 29 Detroit                         16-55   0.084   -6.9   0.167  0.000     28   30   1    
 30 San Antonio                     18-52   0.014   -9.4   0.000  0.029     30   29   10   
</div></pre>
</div>
<div class="tabbertab" title="Points Based">
<pre><div id=data>

                                           -------Rating----------------  ----Rank----            
Rank Team                            W-L     KRS    SRS    S-Ix   WRS       S    W    SOS
========================================================================================
  1 Cleveland                       45-28   0.903   5.6    1.000  0.806     1    5    13   
  2 Boston                          49-23   0.950   5.2    0.977  0.924     2    3    24   
  3 Philadelphia                    48-22   0.941   4.8    0.951  0.931     3    2    27   
  4 Milwaukee                       50-20   0.941   3.8    0.883  1.000     4    1    17   
  5 Memphis                         43-27   0.826   3.7    0.873  0.779     5    6    25   
  6 Denver                          47-24   0.853   3.3    0.847  0.859     6    4    30   
  7 New York                        42-30   0.789   3.1    0.835  0.744     7    8    6    
  8 Sacramento                      43-27   0.782   2.5    0.796  0.769     8    7    29   

                                           -------Rating----------------  ----Rank----            
Rank Team                            W-L     KRS    SRS    S-Ix   WRS       S    W    SOS
========================================================================================
  9 Phoenix                         38-32   0.689   1.7    0.745  0.633     9    10   21   
 10 Oklahoma City                   34-36   0.623   1.4    0.724  0.523     10   17   15   
 11 Chicago                         33-37   0.599   1.0    0.699  0.500     11   21   11   
 12 Toronto                         35-36   0.620   1.0    0.695  0.544     12   16   9    
 13 Brooklyn                        39-31   0.687   0.8    0.685  0.688     13   9    5    
 14 Dallas                          36-35   0.608   0.5    0.660  0.556     14   13   22   
 15 New Orleans                     33-37   0.568   0.4    0.652  0.484     15   22   18   
 16 Golden State                    36-36   0.593   0.2    0.641  0.545     16   15   16   

                                           -------Rating----------------  ----Rank----            
Rank Team                            W-L     KRS    SRS    S-Ix   WRS       S    W    SOS
========================================================================================
 17 Atlanta                         35-35   0.589   -0.1   0.621  0.556     17   14   14   
 18 Utah                            34-36   0.557   -0.2   0.613  0.501     18   20   26   
 19 LA Clippers                     37-34   0.595   -0.3   0.610  0.580     19   12   28   
 20 Miami                           38-34   0.614   -0.4   0.602  0.627     20   11   3    
 21 Minnesota                       35-37   0.554   -0.5   0.597  0.511     21   18   23   
 22 Washington                      32-39   0.530   -0.5   0.597  0.462     22   23   4    
 23 LA Lakers                       34-37   0.551   -0.5   0.594  0.508     23   19   19   
 24 Portland                        31-39   0.468   -1.7   0.513  0.423     24   25   20   

                                           -------Rating----------------  ----Rank----            
Rank Team                            W-L     KRS    SRS    S-Ix   WRS       S    W    SOS
========================================================================================
 25 Indiana                         32-39   0.469   -2.2   0.482  0.457     25   24   7    
 26 Orlando                         29-42   0.402   -2.8   0.444  0.361     26   26   12   
 27 Charlotte                       22-50   0.197   -5.9   0.233  0.162     27   27   2    
 28 Detroit                         16-55   0.084   -6.9   0.167  0.000     28   30   1    
 29 Houston                         18-52   0.084   -7.6   0.125  0.042     29   28   8    
 30 San Antonio                     18-52   0.014   -9.4   0.000  0.029     30   29   10   
</div></pre>
</div>
<div class="tabbertab" title="Wins Based">
<pre><div id=data>

                                           -------Rating----------------  ----Rank----            
Rank Team                            W-L     KRS    SRS    S-Ix   WRS       S    W    SOS
========================================================================================
  1 Milwaukee                       50-20   0.941   3.8    0.883  1.000     4    1    17   
  2 Philadelphia                    48-22   0.941   4.8    0.951  0.931     3    2    27   
  3 Boston                          49-23   0.950   5.2    0.977  0.924     2    3    24   
  4 Denver                          47-24   0.853   3.3    0.847  0.859     6    4    30   
  5 Cleveland                       45-28   0.903   5.6    1.000  0.806     1    5    13   
  6 Memphis                         43-27   0.826   3.7    0.873  0.779     5    6    25   
  7 Sacramento                      43-27   0.782   2.5    0.796  0.769     8    7    29   
  8 New York                        42-30   0.789   3.1    0.835  0.744     7    8    6    

                                           -------Rating----------------  ----Rank----            
Rank Team                            W-L     KRS    SRS    S-Ix   WRS       S    W    SOS
========================================================================================
  9 Brooklyn                        39-31   0.687   0.8    0.685  0.688     13   9    5    
 10 Phoenix                         38-32   0.689   1.7    0.745  0.633     9    10   21   
 11 Miami                           38-34   0.614   -0.4   0.602  0.627     20   11   3    
 12 LA Clippers                     37-34   0.595   -0.3   0.610  0.580     19   12   28   
 13 Dallas                          36-35   0.608   0.5    0.660  0.556     14   13   22   
 14 Atlanta                         35-35   0.589   -0.1   0.621  0.556     17   14   14   
 15 Golden State                    36-36   0.593   0.2    0.641  0.545     16   15   16   
 16 Toronto                         35-36   0.620   1.0    0.695  0.544     12   16   9    

                                           -------Rating----------------  ----Rank----            
Rank Team                            W-L     KRS    SRS    S-Ix   WRS       S    W    SOS
========================================================================================
 17 Oklahoma City                   34-36   0.623   1.4    0.724  0.523     10   17   15   
 18 Minnesota                       35-37   0.554   -0.5   0.597  0.511     21   18   23   
 19 LA Lakers                       34-37   0.551   -0.5   0.594  0.508     23   19   19   
 20 Utah                            34-36   0.557   -0.2   0.613  0.501     18   20   26   
 21 Chicago                         33-37   0.599   1.0    0.699  0.500     11   21   11   
 22 New Orleans                     33-37   0.568   0.4    0.652  0.484     15   22   18   
 23 Washington                      32-39   0.530   -0.5   0.597  0.462     22   23   4    
 24 Indiana                         32-39   0.469   -2.2   0.482  0.457     25   24   7    

                                           -------Rating----------------  ----Rank----            
Rank Team                            W-L     KRS    SRS    S-Ix   WRS       S    W    SOS
========================================================================================
 25 Portland                        31-39   0.468   -1.7   0.513  0.423     24   25   20   
 26 Orlando                         29-42   0.402   -2.8   0.444  0.361     26   26   12   
 27 Charlotte                       22-50   0.197   -5.9   0.233  0.162     27   27   2    
 28 Houston                         18-52   0.084   -7.6   0.125  0.042     29   28   8    
 29 San Antonio                     18-52   0.014   -9.4   0.000  0.029     30   29   10   
 30 Detroit                         16-55   0.084   -6.9   0.167  0.000     28   30   1    
</div></pre>
</div>
<div class="tabbertab" title="BCS">
<pre><div id=data>

                                           -------Rating----------------  ----Rank----            
Rank Team                            W-L     KRS    SRS    S-Ix   WRS       S    W    SOS
========================================================================================
  1 Boston                          49-23   0.950   5.2    0.977  0.924     2    3    24   
  2 Milwaukee                       50-20   0.941   3.8    0.883  1.000     4    1    17   
  3 Philadelphia                    48-22   0.941   4.8    0.951  0.931     3    2    27   
  4 Cleveland                       45-28   0.903   5.6    1.000  0.806     1    5    13   
  5 Denver                          47-24   0.853   3.3    0.847  0.859     6    4    30   
  6 Memphis                         43-27   0.826   3.7    0.873  0.779     5    6    25   
  7 New York                        42-30   0.789   3.1    0.835  0.744     7    8    6    
  8 Sacramento                      43-27   0.782   2.5    0.796  0.769     8    7    29   

                                           -------Rating----------------  ----Rank----            
Rank Team                            W-L     KRS    SRS    S-Ix   WRS       S    W    SOS
========================================================================================
  9 Phoenix                         38-32   0.689   1.7    0.745  0.633     9    10   21   
 10 Brooklyn                        39-31   0.687   0.8    0.685  0.688     13   9    5    
 11 Oklahoma City                   34-36   0.623   1.4    0.724  0.523     10   17   15   
 12 Toronto                         35-36   0.620   1.0    0.695  0.544     12   16   9    
 13 Miami                           38-34   0.614   -0.4   0.602  0.627     20   11   3    
 14 Dallas                          36-35   0.608   0.5    0.660  0.556     14   13   22   
 15 Chicago                         33-37   0.599   1.0    0.699  0.500     11   21   11   
 16 LA Clippers                     37-34   0.595   -0.3   0.610  0.580     19   12   28   

                                           -------Rating----------------  ----Rank----            
Rank Team                            W-L     KRS    SRS    S-Ix   WRS       S    W    SOS
========================================================================================
 17 Golden State                    36-36   0.593   0.2    0.641  0.545     16   15   16   
 18 Atlanta                         35-35   0.589   -0.1   0.621  0.556     17   14   14   
 19 New Orleans                     33-37   0.568   0.4    0.652  0.484     15   22   18   
 20 Utah                            34-36   0.557   -0.2   0.613  0.501     18   20   26   
 21 Minnesota                       35-37   0.554   -0.5   0.597  0.511     21   18   23   
 22 LA Lakers                       34-37   0.551   -0.5   0.594  0.508     23   19   19   
 23 Washington                      32-39   0.530   -0.5   0.597  0.462     22   23   4    
 24 Indiana                         32-39   0.469   -2.2   0.482  0.457     25   24   7    

                                           -------Rating----------------  ----Rank----            
Rank Team                            W-L     KRS    SRS    S-Ix   WRS       S    W    SOS
========================================================================================
 25 Portland                        31-39   0.468   -1.7   0.513  0.423     24   25   20   
 26 Orlando                         29-42   0.402   -2.8   0.444  0.361     26   26   12   
 27 Charlotte                       22-50   0.197   -5.9   0.233  0.162     27   27   2    
 28 Houston                         18-52   0.084   -7.6   0.125  0.042     29   28   8    
 29 Detroit                         16-55   0.084   -6.9   0.167  0.000     28   30   1    
 30 San Antonio                     18-52   0.014   -9.4   0.000  0.029     30   29   10   
</div></pre>
</div>
<div class="tabbertab" title="SOS">
<pre><div id=data>

                                           -------Rating----------------  ----Rank----            
Rank Team                            W-L     KRS    SRS    S-Ix   WRS       S    W    SOS
========================================================================================
  1 Detroit                         16-55   0.084   -6.9   0.167  0.000     28   30   1    
  2 Charlotte                       22-50   0.197   -5.9   0.233  0.162     27   27   2    
  3 Miami                           38-34   0.614   -0.4   0.602  0.627     20   11   3    
  4 Washington                      32-39   0.530   -0.5   0.597  0.462     22   23   4    
  5 Brooklyn                        39-31   0.687   0.8    0.685  0.688     13   9    5    
  6 New York                        42-30   0.789   3.1    0.835  0.744     7    8    6    
  7 Indiana                         32-39   0.469   -2.2   0.482  0.457     25   24   7    
  8 Houston                         18-52   0.084   -7.6   0.125  0.042     29   28   8    

                                           -------Rating----------------  ----Rank----            
Rank Team                            W-L     KRS    SRS    S-Ix   WRS       S    W    SOS
========================================================================================
  9 Toronto                         35-36   0.620   1.0    0.695  0.544     12   16   9    
 10 San Antonio                     18-52   0.014   -9.4   0.000  0.029     30   29   10   
 11 Chicago                         33-37   0.599   1.0    0.699  0.500     11   21   11   
 12 Orlando                         29-42   0.402   -2.8   0.444  0.361     26   26   12   
 13 Cleveland                       45-28   0.903   5.6    1.000  0.806     1    5    13   
 14 Atlanta                         35-35   0.589   -0.1   0.621  0.556     17   14   14   
 15 Oklahoma City                   34-36   0.623   1.4    0.724  0.523     10   17   15   
 16 Golden State                    36-36   0.593   0.2    0.641  0.545     16   15   16   

                                           -------Rating----------------  ----Rank----            
Rank Team                            W-L     KRS    SRS    S-Ix   WRS       S    W    SOS
========================================================================================
 17 Milwaukee                       50-20   0.941   3.8    0.883  1.000     4    1    17   
 18 New Orleans                     33-37   0.568   0.4    0.652  0.484     15   22   18   
 19 LA Lakers                       34-37   0.551   -0.5   0.594  0.508     23   19   19   
 20 Portland                        31-39   0.468   -1.7   0.513  0.423     24   25   20   
 21 Phoenix                         38-32   0.689   1.7    0.745  0.633     9    10   21   
 22 Dallas                          36-35   0.608   0.5    0.660  0.556     14   13   22   
 23 Minnesota                       35-37   0.554   -0.5   0.597  0.511     21   18   23   
 24 Boston                          49-23   0.950   5.2    0.977  0.924     2    3    24   

                                           -------Rating----------------  ----Rank----            
Rank Team                            W-L     KRS    SRS    S-Ix   WRS       S    W    SOS
========================================================================================
 25 Memphis                         43-27   0.826   3.7    0.873  0.779     5    6    25   
 26 Utah                            34-36   0.557   -0.2   0.613  0.501     18   20   26   
 27 Philadelphia                    48-22   0.941   4.8    0.951  0.931     3    2    27   
 28 LA Clippers                     37-34   0.595   -0.3   0.610  0.580     19   12   28   
 29 Sacramento                      43-27   0.782   2.5    0.796  0.769     8    7    29   
 30 Denver                          47-24   0.853   3.3    0.847  0.859     6    4    30   
</div></pre>
</div>
	</pre>
	</p>
	</span>
</body>
<body>
<h3>Other links</h3>
<h4>Home</h4>
	<ul>
			<li class="listyle"><a href="https://2skupz.github.io/index.html"> Index</a></li>
	</ul>
</body>
