<html>
<head>
<!-- Global Site Tag (gtag.js) - Google Analytics -->
<title>2023 NBA Rankings</title>
<script type="text/javascript" src="tabber.js">
</script>
<link href="https://fonts.googleapis.com/css?family=Roboto+Slab|Droid+Sans+Mono" rel="stylesheet">
<style>
 body {
			font-family: "Roboto Slab", serif;
			font-size: 12px;
			}
#data {
			font-family: "Droid Sans Mono", serif;
			font-size: 13px;
		}
</style>
<link rel="stylesheet" href="tabbedPage.css" TYPE="text/css" MEDIA="screen">
</head>
<body bgcolor=#fbeec1>
<hr>
<table width=100%>
<tr><td align=left>
<h1 align="center">2023 NBA Rankings</h1>
</td>
</tr></table>
<p>
Standings through 04.04.23
<hr>
<center>
<table width=100% border=1><tr>
<td valign=top>
<div class="tabber">
<div class="tabbertab" title="Ken Power Index">
<pre><div id=data>

                                           -------Rating----------------  ----Rank----            
Rank Team                            W-L     KRS    SRS    S-Ix   WRS       S    W    SOS
========================================================================================
  1 Boston                          54-25   0.964   6.2    1.000  0.927     1    2    25   
  2 Milwaukee                       57-22   0.932   4.0    0.863  1.000     4    1    19   
  3 Philadelphia                    52-27   0.889   4.5    0.893  0.886     3    3    13   
  4 Cleveland                       50-30   0.882   5.3    0.944  0.819     2    5    14   
  5 Denver                          52-27   0.831   3.0    0.804  0.859     7    4    27   
  6 Memphis                         50-29   0.823   3.6    0.841  0.806     5    6    30   
  7 New York                        46-33   0.777   3.2    0.815  0.739     6    8    10   
  8 Sacramento                      48-31   0.775   2.8    0.791  0.759     8    7    29   

                                           -------Rating----------------  ----Rank----            
Rank Team                            W-L     KRS    SRS    S-Ix   WRS       S    W    SOS
========================================================================================
  9 Phoenix                         44-35   0.718   2.3    0.759  0.676     9    9    16   
 10 Brooklyn                        43-36   0.679   1.1    0.688  0.671     13   10   7    
 11 Toronto                         40-39   0.647   1.6    0.715  0.578     10   15   15   
 12 Golden State                    42-38   0.637   0.8    0.666  0.609     14   12   20   
 13 New Orleans                     40-39   0.636   1.5    0.710  0.562     11   18   28   
 14 Chicago                         38-41   0.621   1.3    0.701  0.541     12   19   9    
 15 LA Lakers                       41-38   0.614   0.2    0.632  0.596     16   13   23   
 16 Miami                           42-37   0.612   -0.6   0.586  0.639     21   11   8    

                                           -------Rating----------------  ----Rank----            
Rank Team                            W-L     KRS    SRS    S-Ix   WRS       S    W    SOS
========================================================================================
 17 LA Clippers                     41-38   0.607   0.0    0.622  0.592     19   14   26   
 18 Atlanta                         40-39   0.603   0.1    0.629  0.576     18   16   17   
 19 Oklahoma City                   38-42   0.582   0.6    0.654  0.511     15   20   22   
 20 Minnesota                       40-40   0.578   -0.4   0.594  0.562     20   17   18   
 21 Dallas                          37-42   0.563   0.2    0.630  0.497     17   21   24   
 22 Utah                            36-43   0.520   -0.8   0.569  0.472     23   22   21   
 23 Washington                      34-45   0.510   -0.8   0.573  0.447     22   23   6    
 24 Orlando                         34-45   0.467   -1.9   0.505  0.430     24   25   12   

                                           -------Rating----------------  ----Rank----            
Rank Team                            W-L     KRS    SRS    S-Ix   WRS       S    W    SOS
========================================================================================
 25 Indiana                         34-45   0.446   -2.8   0.447  0.445     25   24   3    
 26 Portland                        33-46   0.415   -3.2   0.426  0.404     26   26   11   
 27 Charlotte                       26-54   0.241   -6.1   0.249  0.233     27   27   2    
 28 Houston                         20-60   0.112   -7.8   0.142  0.081     29   28   4    
 29 Detroit                         16-63   0.078   -7.6   0.155  0.000     28   30   1    
 30 San Antonio                     20-59   0.040   -10.2  0.000  0.079     30   29   5    
</div></pre>
</div>
<div class="tabbertab" title="Points Based">
<pre><div id=data>

                                           -------Rating----------------  ----Rank----            
Rank Team                            W-L     KRS    SRS    S-Ix   WRS       S    W    SOS
========================================================================================
  1 Boston                          54-25   0.964   6.2    1.000  0.927     1    2    25   
  2 Cleveland                       50-30   0.882   5.3    0.944  0.819     2    5    14   
  3 Philadelphia                    52-27   0.889   4.5    0.893  0.886     3    3    13   
  4 Milwaukee                       57-22   0.932   4.0    0.863  1.000     4    1    19   
  5 Memphis                         50-29   0.823   3.6    0.841  0.806     5    6    30   
  6 New York                        46-33   0.777   3.2    0.815  0.739     6    8    10   
  7 Denver                          52-27   0.831   3.0    0.804  0.859     7    4    27   
  8 Sacramento                      48-31   0.775   2.8    0.791  0.759     8    7    29   

                                           -------Rating----------------  ----Rank----            
Rank Team                            W-L     KRS    SRS    S-Ix   WRS       S    W    SOS
========================================================================================
  9 Phoenix                         44-35   0.718   2.3    0.759  0.676     9    9    16   
 10 Toronto                         40-39   0.647   1.6    0.715  0.578     10   15   15   
 11 New Orleans                     40-39   0.636   1.5    0.710  0.562     11   18   28   
 12 Chicago                         38-41   0.621   1.3    0.701  0.541     12   19   9    
 13 Brooklyn                        43-36   0.679   1.1    0.688  0.671     13   10   7    
 14 Golden State                    42-38   0.637   0.8    0.666  0.609     14   12   20   
 15 Oklahoma City                   38-42   0.582   0.6    0.654  0.511     15   20   22   
 16 LA Lakers                       41-38   0.614   0.2    0.632  0.596     16   13   23   

                                           -------Rating----------------  ----Rank----            
Rank Team                            W-L     KRS    SRS    S-Ix   WRS       S    W    SOS
========================================================================================
 17 Dallas                          37-42   0.563   0.2    0.630  0.497     17   21   24   
 18 Atlanta                         40-39   0.603   0.1    0.629  0.576     18   16   17   
 19 LA Clippers                     41-38   0.607   0.0    0.622  0.592     19   14   26   
 20 Minnesota                       40-40   0.578   -0.4   0.594  0.562     20   17   18   
 21 Miami                           42-37   0.612   -0.6   0.586  0.639     21   11   8    
 22 Washington                      34-45   0.510   -0.8   0.573  0.447     22   23   6    
 23 Utah                            36-43   0.520   -0.8   0.569  0.472     23   22   21   
 24 Orlando                         34-45   0.467   -1.9   0.505  0.430     24   25   12   

                                           -------Rating----------------  ----Rank----            
Rank Team                            W-L     KRS    SRS    S-Ix   WRS       S    W    SOS
========================================================================================
 25 Indiana                         34-45   0.446   -2.8   0.447  0.445     25   24   3    
 26 Portland                        33-46   0.415   -3.2   0.426  0.404     26   26   11   
 27 Charlotte                       26-54   0.241   -6.1   0.249  0.233     27   27   2    
 28 Detroit                         16-63   0.078   -7.6   0.155  0.000     28   30   1    
 29 Houston                         20-60   0.112   -7.8   0.142  0.081     29   28   4    
 30 San Antonio                     20-59   0.040   -10.2  0.000  0.079     30   29   5    
</div></pre>
</div>
<div class="tabbertab" title="Wins Based">
<pre><div id=data>

                                           -------Rating----------------  ----Rank----            
Rank Team                            W-L     KRS    SRS    S-Ix   WRS       S    W    SOS
========================================================================================
  1 Milwaukee                       57-22   0.932   4.0    0.863  1.000     4    1    19   
  2 Boston                          54-25   0.964   6.2    1.000  0.927     1    2    25   
  3 Philadelphia                    52-27   0.889   4.5    0.893  0.886     3    3    13   
  4 Denver                          52-27   0.831   3.0    0.804  0.859     7    4    27   
  5 Cleveland                       50-30   0.882   5.3    0.944  0.819     2    5    14   
  6 Memphis                         50-29   0.823   3.6    0.841  0.806     5    6    30   
  7 Sacramento                      48-31   0.775   2.8    0.791  0.759     8    7    29   
  8 New York                        46-33   0.777   3.2    0.815  0.739     6    8    10   

                                           -------Rating----------------  ----Rank----            
Rank Team                            W-L     KRS    SRS    S-Ix   WRS       S    W    SOS
========================================================================================
  9 Phoenix                         44-35   0.718   2.3    0.759  0.676     9    9    16   
 10 Brooklyn                        43-36   0.679   1.1    0.688  0.671     13   10   7    
 11 Miami                           42-37   0.612   -0.6   0.586  0.639     21   11   8    
 12 Golden State                    42-38   0.637   0.8    0.666  0.609     14   12   20   
 13 LA Lakers                       41-38   0.614   0.2    0.632  0.596     16   13   23   
 14 LA Clippers                     41-38   0.607   0.0    0.622  0.592     19   14   26   
 15 Toronto                         40-39   0.647   1.6    0.715  0.578     10   15   15   
 16 Atlanta                         40-39   0.603   0.1    0.629  0.576     18   16   17   

                                           -------Rating----------------  ----Rank----            
Rank Team                            W-L     KRS    SRS    S-Ix   WRS       S    W    SOS
========================================================================================
 17 Minnesota                       40-40   0.578   -0.4   0.594  0.562     20   17   18   
 18 New Orleans                     40-39   0.636   1.5    0.710  0.562     11   18   28   
 19 Chicago                         38-41   0.621   1.3    0.701  0.541     12   19   9    
 20 Oklahoma City                   38-42   0.582   0.6    0.654  0.511     15   20   22   
 21 Dallas                          37-42   0.563   0.2    0.630  0.497     17   21   24   
 22 Utah                            36-43   0.520   -0.8   0.569  0.472     23   22   21   
 23 Washington                      34-45   0.510   -0.8   0.573  0.447     22   23   6    
 24 Indiana                         34-45   0.446   -2.8   0.447  0.445     25   24   3    

                                           -------Rating----------------  ----Rank----            
Rank Team                            W-L     KRS    SRS    S-Ix   WRS       S    W    SOS
========================================================================================
 25 Orlando                         34-45   0.467   -1.9   0.505  0.430     24   25   12   
 26 Portland                        33-46   0.415   -3.2   0.426  0.404     26   26   11   
 27 Charlotte                       26-54   0.241   -6.1   0.249  0.233     27   27   2    
 28 Houston                         20-60   0.112   -7.8   0.142  0.081     29   28   4    
 29 San Antonio                     20-59   0.040   -10.2  0.000  0.079     30   29   5    
 30 Detroit                         16-63   0.078   -7.6   0.155  0.000     28   30   1    
</div></pre>
</div>
<div class="tabbertab" title="BCS">
<pre><div id=data>

                                           -------Rating----------------  ----Rank----            
Rank Team                            W-L     KRS    SRS    S-Ix   WRS       S    W    SOS
========================================================================================
  1 Boston                          54-25   0.964   6.2    1.000  0.927     1    2    25   
  2 Milwaukee                       57-22   0.932   4.0    0.863  1.000     4    1    19   
  3 Philadelphia                    52-27   0.889   4.5    0.893  0.886     3    3    13   
  4 Cleveland                       50-30   0.882   5.3    0.944  0.819     2    5    14   
  5 Denver                          52-27   0.831   3.0    0.804  0.859     7    4    27   
  6 Memphis                         50-29   0.823   3.6    0.841  0.806     5    6    30   
  7 New York                        46-33   0.777   3.2    0.815  0.739     6    8    10   
  8 Sacramento                      48-31   0.775   2.8    0.791  0.759     8    7    29   

                                           -------Rating----------------  ----Rank----            
Rank Team                            W-L     KRS    SRS    S-Ix   WRS       S    W    SOS
========================================================================================
  9 Phoenix                         44-35   0.718   2.3    0.759  0.676     9    9    16   
 10 Brooklyn                        43-36   0.679   1.1    0.688  0.671     13   10   7    
 11 Toronto                         40-39   0.647   1.6    0.715  0.578     10   15   15   
 12 Golden State                    42-38   0.637   0.8    0.666  0.609     14   12   20   
 13 New Orleans                     40-39   0.636   1.5    0.710  0.562     11   18   28   
 14 Chicago                         38-41   0.621   1.3    0.701  0.541     12   19   9    
 15 LA Lakers                       41-38   0.614   0.2    0.632  0.596     16   13   23   
 16 Miami                           42-37   0.612   -0.6   0.586  0.639     21   11   8    

                                           -------Rating----------------  ----Rank----            
Rank Team                            W-L     KRS    SRS    S-Ix   WRS       S    W    SOS
========================================================================================
 17 LA Clippers                     41-38   0.607   0.0    0.622  0.592     19   14   26   
 18 Atlanta                         40-39   0.603   0.1    0.629  0.576     18   16   17   
 19 Oklahoma City                   38-42   0.582   0.6    0.654  0.511     15   20   22   
 20 Minnesota                       40-40   0.578   -0.4   0.594  0.562     20   17   18   
 21 Dallas                          37-42   0.563   0.2    0.630  0.497     17   21   24   
 22 Utah                            36-43   0.520   -0.8   0.569  0.472     23   22   21   
 23 Washington                      34-45   0.510   -0.8   0.573  0.447     22   23   6    
 24 Orlando                         34-45   0.467   -1.9   0.505  0.430     24   25   12   

                                           -------Rating----------------  ----Rank----            
Rank Team                            W-L     KRS    SRS    S-Ix   WRS       S    W    SOS
========================================================================================
 25 Indiana                         34-45   0.446   -2.8   0.447  0.445     25   24   3    
 26 Portland                        33-46   0.415   -3.2   0.426  0.404     26   26   11   
 27 Charlotte                       26-54   0.241   -6.1   0.249  0.233     27   27   2    
 28 Houston                         20-60   0.112   -7.8   0.142  0.081     29   28   4    
 29 Detroit                         16-63   0.078   -7.6   0.155  0.000     28   30   1    
 30 San Antonio                     20-59   0.040   -10.2  0.000  0.079     30   29   5    
</div></pre>
</div>
<div class="tabbertab" title="SOS">
<pre><div id=data>

                                           -------Rating----------------  ----Rank----            
Rank Team                            W-L     KRS    SRS    S-Ix   WRS       S    W    SOS
========================================================================================
  1 Detroit                         16-63   0.078   -7.6   0.155  0.000     28   30   1    
  2 Charlotte                       26-54   0.241   -6.1   0.249  0.233     27   27   2    
  3 Indiana                         34-45   0.446   -2.8   0.447  0.445     25   24   3    
  4 Houston                         20-60   0.112   -7.8   0.142  0.081     29   28   4    
  5 San Antonio                     20-59   0.040   -10.2  0.000  0.079     30   29   5    
  6 Washington                      34-45   0.510   -0.8   0.573  0.447     22   23   6    
  7 Brooklyn                        43-36   0.679   1.1    0.688  0.671     13   10   7    
  8 Miami                           42-37   0.612   -0.6   0.586  0.639     21   11   8    

                                           -------Rating----------------  ----Rank----            
Rank Team                            W-L     KRS    SRS    S-Ix   WRS       S    W    SOS
========================================================================================
  9 Chicago                         38-41   0.621   1.3    0.701  0.541     12   19   9    
 10 New York                        46-33   0.777   3.2    0.815  0.739     6    8    10   
 11 Portland                        33-46   0.415   -3.2   0.426  0.404     26   26   11   
 12 Orlando                         34-45   0.467   -1.9   0.505  0.430     24   25   12   
 13 Philadelphia                    52-27   0.889   4.5    0.893  0.886     3    3    13   
 14 Cleveland                       50-30   0.882   5.3    0.944  0.819     2    5    14   
 15 Toronto                         40-39   0.647   1.6    0.715  0.578     10   15   15   
 16 Phoenix                         44-35   0.718   2.3    0.759  0.676     9    9    16   

                                           -------Rating----------------  ----Rank----            
Rank Team                            W-L     KRS    SRS    S-Ix   WRS       S    W    SOS
========================================================================================
 17 Atlanta                         40-39   0.603   0.1    0.629  0.576     18   16   17   
 18 Minnesota                       40-40   0.578   -0.4   0.594  0.562     20   17   18   
 19 Milwaukee                       57-22   0.932   4.0    0.863  1.000     4    1    19   
 20 Golden State                    42-38   0.637   0.8    0.666  0.609     14   12   20   
 21 Utah                            36-43   0.520   -0.8   0.569  0.472     23   22   21   
 22 Oklahoma City                   38-42   0.582   0.6    0.654  0.511     15   20   22   
 23 LA Lakers                       41-38   0.614   0.2    0.632  0.596     16   13   23   
 24 Dallas                          37-42   0.563   0.2    0.630  0.497     17   21   24   

                                           -------Rating----------------  ----Rank----            
Rank Team                            W-L     KRS    SRS    S-Ix   WRS       S    W    SOS
========================================================================================
 25 Boston                          54-25   0.964   6.2    1.000  0.927     1    2    25   
 26 LA Clippers                     41-38   0.607   0.0    0.622  0.592     19   14   26   
 27 Denver                          52-27   0.831   3.0    0.804  0.859     7    4    27   
 28 New Orleans                     40-39   0.636   1.5    0.710  0.562     11   18   28   
 29 Sacramento                      48-31   0.775   2.8    0.791  0.759     8    7    29   
 30 Memphis                         50-29   0.823   3.6    0.841  0.806     5    6    30   
</div></pre>
</div>
	</pre>
	</p>
	</span>
</body>
<body>
<h3>Other links</h3>
<h4>Home</h4>
	<ul>
			<li class="listyle"><a href="https://2skupz.github.io/index.html"> Index</a></li>
	</ul>
</body>
