<html>
<head>
<!-- Global Site Tag (gtag.js) - Google Analytics -->
<title>2023 NBA Rankings</title>
<script type="text/javascript" src="tabber.js">
</script>
<link href="https://fonts.googleapis.com/css?family=Roboto+Slab|Droid+Sans+Mono" rel="stylesheet">
<style>
 body {
			font-family: "Roboto Slab", serif;
			font-size: 12px;
			}
#data {
			font-family: "Droid Sans Mono", serif;
			font-size: 13px;
		}
</style>
<link rel="stylesheet" href="tabbedPage.css" TYPE="text/css" MEDIA="screen">
</head>
<body bgcolor=#fbeec1>
<hr>
<table width=100%>
<tr><td align=left>
<h1 align="center">2023 NBA Rankings</h1>
</td>
</tr></table>
<p>
Standings through 03.16.23
<hr>
<center>
<table width=100% border=1><tr>
<td valign=top>
<div class="tabber">
<div class="tabbertab" title="Ken Power Index">
<pre><div id=data>

                                           -------Rating----------------  ----Rank----            
Rank Team                            W-L     KRS    SRS    S-Ix   WRS       S    W    SOS
========================================================================================
  1 Boston                          48-22   0.963   5.2    0.991  0.936     2    2    24   
  2 Milwaukee                       50-20   0.949   3.8    0.897  1.000     4    1    18   
  3 Philadelphia                    46-22   0.922   4.3    0.927  0.918     3    3    23   
  4 Cleveland                       44-28   0.898   5.3    1.000  0.797     1    5    14   
  5 Denver                          47-23   0.873   3.4    0.868  0.878     6    4    30   
  6 Memphis                         41-27   0.826   3.6    0.886  0.765     5    6    21   
  7 New York                        41-30   0.784   3.0    0.842  0.727     7    8    6    
  8 Sacramento                      42-27   0.779   2.4    0.800  0.759     8    7    29   

                                           -------Rating----------------  ----Rank----            
Rank Team                            W-L     KRS    SRS    S-Ix   WRS       S    W    SOS
========================================================================================
  9 Phoenix                         38-32   0.698   1.8    0.760  0.635     9    11   20   
 10 Brooklyn                        39-31   0.693   0.8    0.698  0.688     11   9    4    
 11 Miami                           38-33   0.635   -0.2   0.626  0.644     20   10   3    
 12 Oklahoma City                   34-36   0.631   1.4    0.737  0.525     10   19   16   
 13 Golden State                    36-34   0.623   0.5    0.672  0.574     16   13   19   
 14 LA Clippers                     37-33   0.615   -0.2   0.630  0.600     18   12   28   
 15 Toronto                         34-36   0.611   0.8    0.694  0.529     12   17   7    
 16 Dallas                          35-35   0.609   0.5    0.673  0.545     15   14   22   

                                           -------Rating----------------  ----Rank----            
Rank Team                            W-L     KRS    SRS    S-Ix   WRS       S    W    SOS
========================================================================================
 17 New Orleans                     33-36   0.591   0.5    0.674  0.507     14   20   12   
 18 Minnesota                       35-35   0.586   -0.2   0.629  0.543     19   15   26   
 19 Atlanta                         34-35   0.583   -0.2   0.625  0.541     21   16   15   
 20 Chicago                         31-37   0.581   0.8    0.693  0.468     13   23   8    
 21 LA Lakers                       34-36   0.567   -0.5   0.608  0.527     23   18   17   
 22 Washington                      32-37   0.559   -0.1   0.635  0.484     17   21   9    
 23 Utah                            33-36   0.551   -0.3   0.621  0.482     22   22   27   
 24 Indiana                         32-38   0.485   -2.0   0.504  0.466     25   24   10   

                                           -------Rating----------------  ----Rank----            
Rank Team                            W-L     KRS    SRS    S-Ix   WRS       S    W    SOS
========================================================================================
 25 Portland                        31-38   0.483   -1.6   0.532  0.434     24   25   25   
 26 Orlando                         28-42   0.395   -2.9   0.447  0.343     26   26   11   
 27 Charlotte                       22-49   0.217   -5.6   0.268  0.167     27   27   2    
 28 Detroit                         16-55   0.087   -6.9   0.175  0.000     28   30   1    
 29 Houston                         17-52   0.074   -7.7   0.124  0.024     29   29   5    
 30 San Antonio                     18-51   0.018   -9.5   0.000  0.035     30   28   13   
</div></pre>
</div>
<div class="tabbertab" title="Points Based">
<pre><div id=data>

                                           -------Rating----------------  ----Rank----            
Rank Team                            W-L     KRS    SRS    S-Ix   WRS       S    W    SOS
========================================================================================
  1 Cleveland                       44-28   0.898   5.3    1.000  0.797     1    5    14   
  2 Boston                          48-22   0.963   5.2    0.991  0.936     2    2    24   
  3 Philadelphia                    46-22   0.922   4.3    0.927  0.918     3    3    23   
  4 Milwaukee                       50-20   0.949   3.8    0.897  1.000     4    1    18   
  5 Memphis                         41-27   0.826   3.6    0.886  0.765     5    6    21   
  6 Denver                          47-23   0.873   3.4    0.868  0.878     6    4    30   
  7 New York                        41-30   0.784   3.0    0.842  0.727     7    8    6    
  8 Sacramento                      42-27   0.779   2.4    0.800  0.759     8    7    29   

                                           -------Rating----------------  ----Rank----            
Rank Team                            W-L     KRS    SRS    S-Ix   WRS       S    W    SOS
========================================================================================
  9 Phoenix                         38-32   0.698   1.8    0.760  0.635     9    11   20   
 10 Oklahoma City                   34-36   0.631   1.4    0.737  0.525     10   19   16   
 11 Brooklyn                        39-31   0.693   0.8    0.698  0.688     11   9    4    
 12 Toronto                         34-36   0.611   0.8    0.694  0.529     12   17   7    
 13 Chicago                         31-37   0.581   0.8    0.693  0.468     13   23   8    
 14 New Orleans                     33-36   0.591   0.5    0.674  0.507     14   20   12   
 15 Dallas                          35-35   0.609   0.5    0.673  0.545     15   14   22   
 16 Golden State                    36-34   0.623   0.5    0.672  0.574     16   13   19   

                                           -------Rating----------------  ----Rank----            
Rank Team                            W-L     KRS    SRS    S-Ix   WRS       S    W    SOS
========================================================================================
 17 Washington                      32-37   0.559   -0.1   0.635  0.484     17   21   9    
 18 LA Clippers                     37-33   0.615   -0.2   0.630  0.600     18   12   28   
 19 Minnesota                       35-35   0.586   -0.2   0.629  0.543     19   15   26   
 20 Miami                           38-33   0.635   -0.2   0.626  0.644     20   10   3    
 21 Atlanta                         34-35   0.583   -0.2   0.625  0.541     21   16   15   
 22 Utah                            33-36   0.551   -0.3   0.621  0.482     22   22   27   
 23 LA Lakers                       34-36   0.567   -0.5   0.608  0.527     23   18   17   
 24 Portland                        31-38   0.483   -1.6   0.532  0.434     24   25   25   

                                           -------Rating----------------  ----Rank----            
Rank Team                            W-L     KRS    SRS    S-Ix   WRS       S    W    SOS
========================================================================================
 25 Indiana                         32-38   0.485   -2.0   0.504  0.466     25   24   10   
 26 Orlando                         28-42   0.395   -2.9   0.447  0.343     26   26   11   
 27 Charlotte                       22-49   0.217   -5.6   0.268  0.167     27   27   2    
 28 Detroit                         16-55   0.087   -6.9   0.175  0.000     28   30   1    
 29 Houston                         17-52   0.074   -7.7   0.124  0.024     29   29   5    
 30 San Antonio                     18-51   0.018   -9.5   0.000  0.035     30   28   13   
</div></pre>
</div>
<div class="tabbertab" title="Wins Based">
<pre><div id=data>

                                           -------Rating----------------  ----Rank----            
Rank Team                            W-L     KRS    SRS    S-Ix   WRS       S    W    SOS
========================================================================================
  1 Milwaukee                       50-20   0.949   3.8    0.897  1.000     4    1    18   
  2 Boston                          48-22   0.963   5.2    0.991  0.936     2    2    24   
  3 Philadelphia                    46-22   0.922   4.3    0.927  0.918     3    3    23   
  4 Denver                          47-23   0.873   3.4    0.868  0.878     6    4    30   
  5 Cleveland                       44-28   0.898   5.3    1.000  0.797     1    5    14   
  6 Memphis                         41-27   0.826   3.6    0.886  0.765     5    6    21   
  7 Sacramento                      42-27   0.779   2.4    0.800  0.759     8    7    29   
  8 New York                        41-30   0.784   3.0    0.842  0.727     7    8    6    

                                           -------Rating----------------  ----Rank----            
Rank Team                            W-L     KRS    SRS    S-Ix   WRS       S    W    SOS
========================================================================================
  9 Brooklyn                        39-31   0.693   0.8    0.698  0.688     11   9    4    
 10 Miami                           38-33   0.635   -0.2   0.626  0.644     20   10   3    
 11 Phoenix                         38-32   0.698   1.8    0.760  0.635     9    11   20   
 12 LA Clippers                     37-33   0.615   -0.2   0.630  0.600     18   12   28   
 13 Golden State                    36-34   0.623   0.5    0.672  0.574     16   13   19   
 14 Dallas                          35-35   0.609   0.5    0.673  0.545     15   14   22   
 15 Minnesota                       35-35   0.586   -0.2   0.629  0.543     19   15   26   
 16 Atlanta                         34-35   0.583   -0.2   0.625  0.541     21   16   15   

                                           -------Rating----------------  ----Rank----            
Rank Team                            W-L     KRS    SRS    S-Ix   WRS       S    W    SOS
========================================================================================
 17 Toronto                         34-36   0.611   0.8    0.694  0.529     12   17   7    
 18 LA Lakers                       34-36   0.567   -0.5   0.608  0.527     23   18   17   
 19 Oklahoma City                   34-36   0.631   1.4    0.737  0.525     10   19   16   
 20 New Orleans                     33-36   0.591   0.5    0.674  0.507     14   20   12   
 21 Washington                      32-37   0.559   -0.1   0.635  0.484     17   21   9    
 22 Utah                            33-36   0.551   -0.3   0.621  0.482     22   22   27   
 23 Chicago                         31-37   0.581   0.8    0.693  0.468     13   23   8    
 24 Indiana                         32-38   0.485   -2.0   0.504  0.466     25   24   10   

                                           -------Rating----------------  ----Rank----            
Rank Team                            W-L     KRS    SRS    S-Ix   WRS       S    W    SOS
========================================================================================
 25 Portland                        31-38   0.483   -1.6   0.532  0.434     24   25   25   
 26 Orlando                         28-42   0.395   -2.9   0.447  0.343     26   26   11   
 27 Charlotte                       22-49   0.217   -5.6   0.268  0.167     27   27   2    
 28 San Antonio                     18-51   0.018   -9.5   0.000  0.035     30   28   13   
 29 Houston                         17-52   0.074   -7.7   0.124  0.024     29   29   5    
 30 Detroit                         16-55   0.087   -6.9   0.175  0.000     28   30   1    
</div></pre>
</div>
<div class="tabbertab" title="BCS">
<pre><div id=data>

                                           -------Rating----------------  ----Rank----            
Rank Team                            W-L     KRS    SRS    S-Ix   WRS       S    W    SOS
========================================================================================
  1 Boston                          48-22   0.963   5.2    0.991  0.936     2    2    24   
  2 Milwaukee                       50-20   0.949   3.8    0.897  1.000     4    1    18   
  3 Philadelphia                    46-22   0.922   4.3    0.927  0.918     3    3    23   
  4 Cleveland                       44-28   0.898   5.3    1.000  0.797     1    5    14   
  5 Denver                          47-23   0.873   3.4    0.868  0.878     6    4    30   
  6 Memphis                         41-27   0.826   3.6    0.886  0.765     5    6    21   
  7 New York                        41-30   0.784   3.0    0.842  0.727     7    8    6    
  8 Sacramento                      42-27   0.779   2.4    0.800  0.759     8    7    29   

                                           -------Rating----------------  ----Rank----            
Rank Team                            W-L     KRS    SRS    S-Ix   WRS       S    W    SOS
========================================================================================
  9 Phoenix                         38-32   0.698   1.8    0.760  0.635     9    11   20   
 10 Brooklyn                        39-31   0.693   0.8    0.698  0.688     11   9    4    
 11 Miami                           38-33   0.635   -0.2   0.626  0.644     20   10   3    
 12 Oklahoma City                   34-36   0.631   1.4    0.737  0.525     10   19   16   
 13 Golden State                    36-34   0.623   0.5    0.672  0.574     16   13   19   
 14 LA Clippers                     37-33   0.615   -0.2   0.630  0.600     18   12   28   
 15 Toronto                         34-36   0.611   0.8    0.694  0.529     12   17   7    
 16 Dallas                          35-35   0.609   0.5    0.673  0.545     15   14   22   

                                           -------Rating----------------  ----Rank----            
Rank Team                            W-L     KRS    SRS    S-Ix   WRS       S    W    SOS
========================================================================================
 17 New Orleans                     33-36   0.591   0.5    0.674  0.507     14   20   12   
 18 Minnesota                       35-35   0.586   -0.2   0.629  0.543     19   15   26   
 19 Atlanta                         34-35   0.583   -0.2   0.625  0.541     21   16   15   
 20 Chicago                         31-37   0.581   0.8    0.693  0.468     13   23   8    
 21 LA Lakers                       34-36   0.567   -0.5   0.608  0.527     23   18   17   
 22 Washington                      32-37   0.559   -0.1   0.635  0.484     17   21   9    
 23 Utah                            33-36   0.551   -0.3   0.621  0.482     22   22   27   
 24 Indiana                         32-38   0.485   -2.0   0.504  0.466     25   24   10   

                                           -------Rating----------------  ----Rank----            
Rank Team                            W-L     KRS    SRS    S-Ix   WRS       S    W    SOS
========================================================================================
 25 Portland                        31-38   0.483   -1.6   0.532  0.434     24   25   25   
 26 Orlando                         28-42   0.395   -2.9   0.447  0.343     26   26   11   
 27 Charlotte                       22-49   0.217   -5.6   0.268  0.167     27   27   2    
 28 Detroit                         16-55   0.087   -6.9   0.175  0.000     28   30   1    
 29 Houston                         17-52   0.074   -7.7   0.124  0.024     29   29   5    
 30 San Antonio                     18-51   0.018   -9.5   0.000  0.035     30   28   13   
</div></pre>
</div>
<div class="tabbertab" title="SOS">
<pre><div id=data>

                                           -------Rating----------------  ----Rank----            
Rank Team                            W-L     KRS    SRS    S-Ix   WRS       S    W    SOS
========================================================================================
  1 Detroit                         16-55   0.087   -6.9   0.175  0.000     28   30   1    
  2 Charlotte                       22-49   0.217   -5.6   0.268  0.167     27   27   2    
  3 Miami                           38-33   0.635   -0.2   0.626  0.644     20   10   3    
  4 Brooklyn                        39-31   0.693   0.8    0.698  0.688     11   9    4    
  5 Houston                         17-52   0.074   -7.7   0.124  0.024     29   29   5    
  6 New York                        41-30   0.784   3.0    0.842  0.727     7    8    6    
  7 Toronto                         34-36   0.611   0.8    0.694  0.529     12   17   7    
  8 Chicago                         31-37   0.581   0.8    0.693  0.468     13   23   8    

                                           -------Rating----------------  ----Rank----            
Rank Team                            W-L     KRS    SRS    S-Ix   WRS       S    W    SOS
========================================================================================
  9 Washington                      32-37   0.559   -0.1   0.635  0.484     17   21   9    
 10 Indiana                         32-38   0.485   -2.0   0.504  0.466     25   24   10   
 11 Orlando                         28-42   0.395   -2.9   0.447  0.343     26   26   11   
 12 New Orleans                     33-36   0.591   0.5    0.674  0.507     14   20   12   
 13 San Antonio                     18-51   0.018   -9.5   0.000  0.035     30   28   13   
 14 Cleveland                       44-28   0.898   5.3    1.000  0.797     1    5    14   
 15 Atlanta                         34-35   0.583   -0.2   0.625  0.541     21   16   15   
 16 Oklahoma City                   34-36   0.631   1.4    0.737  0.525     10   19   16   

                                           -------Rating----------------  ----Rank----            
Rank Team                            W-L     KRS    SRS    S-Ix   WRS       S    W    SOS
========================================================================================
 17 LA Lakers                       34-36   0.567   -0.5   0.608  0.527     23   18   17   
 18 Milwaukee                       50-20   0.949   3.8    0.897  1.000     4    1    18   
 19 Golden State                    36-34   0.623   0.5    0.672  0.574     16   13   19   
 20 Phoenix                         38-32   0.698   1.8    0.760  0.635     9    11   20   
 21 Memphis                         41-27   0.826   3.6    0.886  0.765     5    6    21   
 22 Dallas                          35-35   0.609   0.5    0.673  0.545     15   14   22   
 23 Philadelphia                    46-22   0.922   4.3    0.927  0.918     3    3    23   
 24 Boston                          48-22   0.963   5.2    0.991  0.936     2    2    24   

                                           -------Rating----------------  ----Rank----            
Rank Team                            W-L     KRS    SRS    S-Ix   WRS       S    W    SOS
========================================================================================
 25 Portland                        31-38   0.483   -1.6   0.532  0.434     24   25   25   
 26 Minnesota                       35-35   0.586   -0.2   0.629  0.543     19   15   26   
 27 Utah                            33-36   0.551   -0.3   0.621  0.482     22   22   27   
 28 LA Clippers                     37-33   0.615   -0.2   0.630  0.600     18   12   28   
 29 Sacramento                      42-27   0.779   2.4    0.800  0.759     8    7    29   
 30 Denver                          47-23   0.873   3.4    0.868  0.878     6    4    30   
</div></pre>
</div>
	</pre>
	</p>
	</span>
</body>
<body>
<h3>Other links</h3>
<h4>Home</h4>
	<ul>
			<li class="listyle"><a href="https://2skupz.github.io/index.html"> Index</a></li>
	</ul>
</body>
