<html>
<head>
<!-- Global Site Tag (gtag.js) - Google Analytics -->
<title>2023 NBA Rankings</title>
<script type="text/javascript" src="tabber.js">
</script>
<link href="https://fonts.googleapis.com/css?family=Roboto+Slab|Droid+Sans+Mono" rel="stylesheet">
<style>
 body {
			font-family: "Roboto Slab", serif;
			font-size: 12px;
			}
#data {
			font-family: "Droid Sans Mono", serif;
			font-size: 13px;
		}
</style>
<link rel="stylesheet" href="tabbedPage.css" TYPE="text/css" MEDIA="screen">
</head>
<body bgcolor=#fbeec1>
<hr>
<table width=100%>
<tr><td align=left>
<h1 align="center">2023 NBA Rankings</h1>
</td>
</tr></table>
<p>
Standings through 01.15.23
<hr>
<center>
<table width=100% border=1><tr>
<td valign=top>
<div class="tabber">
<div class="tabbertab" title="Ken Power Index">
<pre><div id=data>

                                           -------Rating----------------  ----Rank----            
Rank Team                            W-L     KRS    SRS    S-Ix   WRS       S    W    SOS
========================================================================================
  1 Boston                          32-12   1.000   6.1    1.000  1.000     1    1    19   
  2 Memphis                         29-13   0.917   5.0    0.926  0.908     2    3    23   
  3 Denver                          30-13   0.870   3.5    0.827  0.914     5    2    26   
  4 Cleveland                       27-17   0.831   4.5    0.890  0.772     3    6    15   
  5 Brooklyn                        27-15   0.824   3.3    0.812  0.836     6    4    12   
  6 New Orleans                     26-17   0.793   3.8    0.844  0.742     4    8    20   
  7 Philadelphia                    27-16   0.771   3.0    0.790  0.752     7    7    28   
  8 Milwaukee                       27-16   0.710   0.7    0.634  0.785     13   5    16   

                                           -------Rating----------------  ----Rank----            
Rank Team                            W-L     KRS    SRS    S-Ix   WRS       S    W    SOS
========================================================================================
  9 New York                        25-19   0.705   2.5    0.758  0.651     8    10   27   
 10 Sacramento                      24-18   0.697   2.3    0.742  0.653     9    9    29   
 11 Dallas                          24-21   0.612   0.5    0.617  0.607     14   12   11   
 12 Miami                           24-20   0.606   0.1    0.593  0.619     18   11   18   
 13 Oklahoma City                   21-23   0.597   1.1    0.660  0.534     11   14   6    
 14 Phoenix                         21-23   0.584   1.3    0.674  0.494     10   21   9    
 15 Indiana                         23-21   0.574   -0.4   0.557  0.590     19   13   10   
 16 Utah                            22-24   0.566   0.7    0.636  0.497     12   18   13   

                                           -------Rating----------------  ----Rank----            
Rank Team                            W-L     KRS    SRS    S-Ix   WRS       S    W    SOS
========================================================================================
 17 Portland                        21-22   0.558   0.4    0.615  0.501     16   17   21   
 18 Chicago                         20-24   0.549   0.2    0.602  0.496     17   19   1    
 19 Toronto                         19-24   0.526   0.5    0.616  0.435     15   23   8    
 20 Minnesota                       22-22   0.520   -0.8   0.528  0.511     21   15   25   
 21 LA Clippers                     23-22   0.502   -1.3   0.495  0.509     24   16   30   
 22 Golden State                    21-22   0.498   -1.0   0.517  0.479     22   22   24   
 23 Atlanta                         21-22   0.496   -1.3   0.498  0.495     23   20   22   
 24 Washington                      18-25   0.478   -0.7   0.538  0.419     20   24   3    

                                           -------Rating----------------  ----Rank----            
Rank Team                            W-L     KRS    SRS    S-Ix   WRS       S    W    SOS
========================================================================================
 25 LA Lakers                       19-24   0.454   -1.4   0.490  0.418     25   25   17   
 26 Orlando                         16-28   0.284   -3.8   0.325  0.244     26   26   14   
 27 Charlotte                       11-33   0.117   -6.0   0.174  0.061     27   29   4    
 28 Detroit                         12-35   0.107   -6.5   0.139  0.075     28   28   2    
 29 San Antonio                     13-31   0.068   -8.6   0.000  0.137     30   27   5    
 30 Houston                         10-33   0.033   -7.6   0.067  0.000     29   30   7    
</div></pre>
</div>
<div class="tabbertab" title="Points Based">
<pre><div id=data>

                                           -------Rating----------------  ----Rank----            
Rank Team                            W-L     KRS    SRS    S-Ix   WRS       S    W    SOS
========================================================================================
  1 Boston                          32-12   1.000   6.1    1.000  1.000     1    1    19   
  2 Memphis                         29-13   0.917   5.0    0.926  0.908     2    3    23   
  3 Cleveland                       27-17   0.831   4.5    0.890  0.772     3    6    15   
  4 New Orleans                     26-17   0.793   3.8    0.844  0.742     4    8    20   
  5 Denver                          30-13   0.870   3.5    0.827  0.914     5    2    26   
  6 Brooklyn                        27-15   0.824   3.3    0.812  0.836     6    4    12   
  7 Philadelphia                    27-16   0.771   3.0    0.790  0.752     7    7    28   
  8 New York                        25-19   0.705   2.5    0.758  0.651     8    10   27   

                                           -------Rating----------------  ----Rank----            
Rank Team                            W-L     KRS    SRS    S-Ix   WRS       S    W    SOS
========================================================================================
  9 Sacramento                      24-18   0.697   2.3    0.742  0.653     9    9    29   
 10 Phoenix                         21-23   0.584   1.3    0.674  0.494     10   21   9    
 11 Oklahoma City                   21-23   0.597   1.1    0.660  0.534     11   14   6    
 12 Utah                            22-24   0.566   0.7    0.636  0.497     12   18   13   
 13 Milwaukee                       27-16   0.710   0.7    0.634  0.785     13   5    16   
 14 Dallas                          24-21   0.612   0.5    0.617  0.607     14   12   11   
 15 Toronto                         19-24   0.526   0.5    0.616  0.435     15   23   8    
 16 Portland                        21-22   0.558   0.4    0.615  0.501     16   17   21   

                                           -------Rating----------------  ----Rank----            
Rank Team                            W-L     KRS    SRS    S-Ix   WRS       S    W    SOS
========================================================================================
 17 Chicago                         20-24   0.549   0.2    0.602  0.496     17   19   1    
 18 Miami                           24-20   0.606   0.1    0.593  0.619     18   11   18   
 19 Indiana                         23-21   0.574   -0.4   0.557  0.590     19   13   10   
 20 Washington                      18-25   0.478   -0.7   0.538  0.419     20   24   3    
 21 Minnesota                       22-22   0.520   -0.8   0.528  0.511     21   15   25   
 22 Golden State                    21-22   0.498   -1.0   0.517  0.479     22   22   24   
 23 Atlanta                         21-22   0.496   -1.3   0.498  0.495     23   20   22   
 24 LA Clippers                     23-22   0.502   -1.3   0.495  0.509     24   16   30   

                                           -------Rating----------------  ----Rank----            
Rank Team                            W-L     KRS    SRS    S-Ix   WRS       S    W    SOS
========================================================================================
 25 LA Lakers                       19-24   0.454   -1.4   0.490  0.418     25   25   17   
 26 Orlando                         16-28   0.284   -3.8   0.325  0.244     26   26   14   
 27 Charlotte                       11-33   0.117   -6.0   0.174  0.061     27   29   4    
 28 Detroit                         12-35   0.107   -6.5   0.139  0.075     28   28   2    
 29 Houston                         10-33   0.033   -7.6   0.067  0.000     29   30   7    
 30 San Antonio                     13-31   0.068   -8.6   0.000  0.137     30   27   5    
</div></pre>
</div>
<div class="tabbertab" title="Wins Based">
<pre><div id=data>

                                           -------Rating----------------  ----Rank----            
Rank Team                            W-L     KRS    SRS    S-Ix   WRS       S    W    SOS
========================================================================================
  1 Boston                          32-12   1.000   6.1    1.000  1.000     1    1    19   
  2 Denver                          30-13   0.870   3.5    0.827  0.914     5    2    26   
  3 Memphis                         29-13   0.917   5.0    0.926  0.908     2    3    23   
  4 Brooklyn                        27-15   0.824   3.3    0.812  0.836     6    4    12   
  5 Milwaukee                       27-16   0.710   0.7    0.634  0.785     13   5    16   
  6 Cleveland                       27-17   0.831   4.5    0.890  0.772     3    6    15   
  7 Philadelphia                    27-16   0.771   3.0    0.790  0.752     7    7    28   
  8 New Orleans                     26-17   0.793   3.8    0.844  0.742     4    8    20   

                                           -------Rating----------------  ----Rank----            
Rank Team                            W-L     KRS    SRS    S-Ix   WRS       S    W    SOS
========================================================================================
  9 Sacramento                      24-18   0.697   2.3    0.742  0.653     9    9    29   
 10 New York                        25-19   0.705   2.5    0.758  0.651     8    10   27   
 11 Miami                           24-20   0.606   0.1    0.593  0.619     18   11   18   
 12 Dallas                          24-21   0.612   0.5    0.617  0.607     14   12   11   
 13 Indiana                         23-21   0.574   -0.4   0.557  0.590     19   13   10   
 14 Oklahoma City                   21-23   0.597   1.1    0.660  0.534     11   14   6    
 15 Minnesota                       22-22   0.520   -0.8   0.528  0.511     21   15   25   
 16 LA Clippers                     23-22   0.502   -1.3   0.495  0.509     24   16   30   

                                           -------Rating----------------  ----Rank----            
Rank Team                            W-L     KRS    SRS    S-Ix   WRS       S    W    SOS
========================================================================================
 17 Portland                        21-22   0.558   0.4    0.615  0.501     16   17   21   
 18 Utah                            22-24   0.566   0.7    0.636  0.497     12   18   13   
 19 Chicago                         20-24   0.549   0.2    0.602  0.496     17   19   1    
 20 Atlanta                         21-22   0.496   -1.3   0.498  0.495     23   20   22   
 21 Phoenix                         21-23   0.584   1.3    0.674  0.494     10   21   9    
 22 Golden State                    21-22   0.498   -1.0   0.517  0.479     22   22   24   
 23 Toronto                         19-24   0.526   0.5    0.616  0.435     15   23   8    
 24 Washington                      18-25   0.478   -0.7   0.538  0.419     20   24   3    

                                           -------Rating----------------  ----Rank----            
Rank Team                            W-L     KRS    SRS    S-Ix   WRS       S    W    SOS
========================================================================================
 25 LA Lakers                       19-24   0.454   -1.4   0.490  0.418     25   25   17   
 26 Orlando                         16-28   0.284   -3.8   0.325  0.244     26   26   14   
 27 San Antonio                     13-31   0.068   -8.6   0.000  0.137     30   27   5    
 28 Detroit                         12-35   0.107   -6.5   0.139  0.075     28   28   2    
 29 Charlotte                       11-33   0.117   -6.0   0.174  0.061     27   29   4    
 30 Houston                         10-33   0.033   -7.6   0.067  0.000     29   30   7    
</div></pre>
</div>
<div class="tabbertab" title="BCS">
<pre><div id=data>

                                           -------Rating----------------  ----Rank----            
Rank Team                            W-L     KRS    SRS    S-Ix   WRS       S    W    SOS
========================================================================================
  1 Boston                          32-12   1.000   6.1    1.000  1.000     1    1    19   
  2 Memphis                         29-13   0.917   5.0    0.926  0.908     2    3    23   
  3 Denver                          30-13   0.870   3.5    0.827  0.914     5    2    26   
  4 Cleveland                       27-17   0.831   4.5    0.890  0.772     3    6    15   
  5 Brooklyn                        27-15   0.824   3.3    0.812  0.836     6    4    12   
  6 New Orleans                     26-17   0.793   3.8    0.844  0.742     4    8    20   
  7 Philadelphia                    27-16   0.771   3.0    0.790  0.752     7    7    28   
  8 Milwaukee                       27-16   0.710   0.7    0.634  0.785     13   5    16   

                                           -------Rating----------------  ----Rank----            
Rank Team                            W-L     KRS    SRS    S-Ix   WRS       S    W    SOS
========================================================================================
  9 New York                        25-19   0.705   2.5    0.758  0.651     8    10   27   
 10 Sacramento                      24-18   0.697   2.3    0.742  0.653     9    9    29   
 11 Dallas                          24-21   0.612   0.5    0.617  0.607     14   12   11   
 12 Miami                           24-20   0.606   0.1    0.593  0.619     18   11   18   
 13 Oklahoma City                   21-23   0.597   1.1    0.660  0.534     11   14   6    
 14 Phoenix                         21-23   0.584   1.3    0.674  0.494     10   21   9    
 15 Indiana                         23-21   0.574   -0.4   0.557  0.590     19   13   10   
 16 Utah                            22-24   0.566   0.7    0.636  0.497     12   18   13   

                                           -------Rating----------------  ----Rank----            
Rank Team                            W-L     KRS    SRS    S-Ix   WRS       S    W    SOS
========================================================================================
 17 Portland                        21-22   0.558   0.4    0.615  0.501     16   17   21   
 18 Chicago                         20-24   0.549   0.2    0.602  0.496     17   19   1    
 19 Toronto                         19-24   0.526   0.5    0.616  0.435     15   23   8    
 20 Minnesota                       22-22   0.520   -0.8   0.528  0.511     21   15   25   
 21 LA Clippers                     23-22   0.502   -1.3   0.495  0.509     24   16   30   
 22 Golden State                    21-22   0.498   -1.0   0.517  0.479     22   22   24   
 23 Atlanta                         21-22   0.496   -1.3   0.498  0.495     23   20   22   
 24 Washington                      18-25   0.478   -0.7   0.538  0.419     20   24   3    

                                           -------Rating----------------  ----Rank----            
Rank Team                            W-L     KRS    SRS    S-Ix   WRS       S    W    SOS
========================================================================================
 25 LA Lakers                       19-24   0.454   -1.4   0.490  0.418     25   25   17   
 26 Orlando                         16-28   0.284   -3.8   0.325  0.244     26   26   14   
 27 Charlotte                       11-33   0.117   -6.0   0.174  0.061     27   29   4    
 28 Detroit                         12-35   0.107   -6.5   0.139  0.075     28   28   2    
 29 San Antonio                     13-31   0.068   -8.6   0.000  0.137     30   27   5    
 30 Houston                         10-33   0.033   -7.6   0.067  0.000     29   30   7    
</div></pre>
</div>
<div class="tabbertab" title="SOS">
<pre><div id=data>

                                           -------Rating----------------  ----Rank----            
Rank Team                            W-L     KRS    SRS    S-Ix   WRS       S    W    SOS
========================================================================================
  1 Chicago                         20-24   0.549   0.2    0.602  0.496     17   19   1    
  2 Detroit                         12-35   0.107   -6.5   0.139  0.075     28   28   2    
  3 Washington                      18-25   0.478   -0.7   0.538  0.419     20   24   3    
  4 Charlotte                       11-33   0.117   -6.0   0.174  0.061     27   29   4    
  5 San Antonio                     13-31   0.068   -8.6   0.000  0.137     30   27   5    
  6 Oklahoma City                   21-23   0.597   1.1    0.660  0.534     11   14   6    
  7 Houston                         10-33   0.033   -7.6   0.067  0.000     29   30   7    
  8 Toronto                         19-24   0.526   0.5    0.616  0.435     15   23   8    

                                           -------Rating----------------  ----Rank----            
Rank Team                            W-L     KRS    SRS    S-Ix   WRS       S    W    SOS
========================================================================================
  9 Phoenix                         21-23   0.584   1.3    0.674  0.494     10   21   9    
 10 Indiana                         23-21   0.574   -0.4   0.557  0.590     19   13   10   
 11 Dallas                          24-21   0.612   0.5    0.617  0.607     14   12   11   
 12 Brooklyn                        27-15   0.824   3.3    0.812  0.836     6    4    12   
 13 Utah                            22-24   0.566   0.7    0.636  0.497     12   18   13   
 14 Orlando                         16-28   0.284   -3.8   0.325  0.244     26   26   14   
 15 Cleveland                       27-17   0.831   4.5    0.890  0.772     3    6    15   
 16 Milwaukee                       27-16   0.710   0.7    0.634  0.785     13   5    16   

                                           -------Rating----------------  ----Rank----            
Rank Team                            W-L     KRS    SRS    S-Ix   WRS       S    W    SOS
========================================================================================
 17 LA Lakers                       19-24   0.454   -1.4   0.490  0.418     25   25   17   
 18 Miami                           24-20   0.606   0.1    0.593  0.619     18   11   18   
 19 Boston                          32-12   1.000   6.1    1.000  1.000     1    1    19   
 20 New Orleans                     26-17   0.793   3.8    0.844  0.742     4    8    20   
 21 Portland                        21-22   0.558   0.4    0.615  0.501     16   17   21   
 22 Atlanta                         21-22   0.496   -1.3   0.498  0.495     23   20   22   
 23 Memphis                         29-13   0.917   5.0    0.926  0.908     2    3    23   
 24 Golden State                    21-22   0.498   -1.0   0.517  0.479     22   22   24   

                                           -------Rating----------------  ----Rank----            
Rank Team                            W-L     KRS    SRS    S-Ix   WRS       S    W    SOS
========================================================================================
 25 Minnesota                       22-22   0.520   -0.8   0.528  0.511     21   15   25   
 26 Denver                          30-13   0.870   3.5    0.827  0.914     5    2    26   
 27 New York                        25-19   0.705   2.5    0.758  0.651     8    10   27   
 28 Philadelphia                    27-16   0.771   3.0    0.790  0.752     7    7    28   
 29 Sacramento                      24-18   0.697   2.3    0.742  0.653     9    9    29   
 30 LA Clippers                     23-22   0.502   -1.3   0.495  0.509     24   16   30   
</div></pre>
</div>
	</pre>
	</p>
	</span>
</body>
<body>
<h3>Other links</h3>
<h4>Pro</h4>
	<ul>
			<li class="listyle"><a href="https://2skupz.github.io/nflKpi.html"> NFL</a></li>
			<li class="listyle"><a href="https://2skupz.github.io/nbaKpi.html"> NBA</a></li>
			<li class="listyle"><a href="https://2skupz.github.io/nhlKpi.html"> NHL</a></li>
	</ul>
<h4>Football</h4>
	<ul>
			<li class="listyle"><a href="https://2skupz.github.io/fbD1Rankings.html"> Division I</a></li>
			<li class="listyle"><a href="https://2skupz.github.io/fbFBSRankings.html"> Division I - FBS</a></li>
			<li class="listyle"><a href="https://2skupz.github.io/fbFCSRankings.html"> Division I - FCS</a></li>
			<li class="listyle"><a href="https://2skupz.github.io/fbD2Rankings.html"> Division II</a></li>
			<li class="listyle"><a href="https://2skupz.github.io/fbD3Rankings.html"> Division III</a></li>
	</ul>
<h4>Baseball</h4>
	<ul>
			<li class="listyle"><a href="https://2skupz.github.io/mlbPlayoffOdds.html"> MLB Playoff Odds</a></li>
			<li class="listyle"><a href="https://2skupz.github.io/baseD1Rankings.html"> Division 1</a></li>
			<li class="listyle"><a href="https://2skupz.github.io/baseD1Rankings.html"> Division 2</a></li>
			<li class="listyle"><a href="https://2skupz.github.io/baseD1Rankings.html"> Division 3</a></li>
	</ul>
<h4>Men's College Basketball</h4>
	<ul>
			<li class="listyle"><a href="https://2skupz.github.io/d1MbbRankings.html"> Division 1</a></li>
			<li class="listyle"><a href="https://2skupz.github.io/d2MbbRankings.html"> Division 2</a></li>
			<li class="listyle"><a href="https://2skupz.github.io/d3MbbRankings.html"> Division 3</a></li>
			<li class="listyle"><a href="https://2skupz.github.io/uSportMbbRankings.html"> U Sports</a></li>
	</ul>
<h4>Women's College Basketball</h4>
	<ul>
			<li class="listyle"><a href="https://2skupz.github.io/d1WbbRankings.html"> Division 1</a></li>
			<li class="listyle"><a href="https://2skupz.github.io/d2WbbRankings.html"> Division 2</a></li>
			<li class="listyle"><a href="https://2skupz.github.io/d3WbbRankings.html"> Division 3</a></li>
			<li class="listyle"><a href="https://2skupz.github.io/uSportsWbbRankings.html"> U Sports</a></li>
	</ul>
</body>
