<html>
<head>
<!-- Global Site Tag (gtag.js) - Google Analytics -->
<title>2023 NBA Rankings</title>
<script type="text/javascript" src="tabber.js">
</script>
<link href="https://fonts.googleapis.com/css?family=Roboto+Slab|Droid+Sans+Mono" rel="stylesheet">
<style>
 body {
			font-family: "Roboto Slab", serif;
			font-size: 12px;
			}
#data {
			font-family: "Droid Sans Mono", serif;
			font-size: 13px;
		}
</style>
<link rel="stylesheet" href="tabbedPage.css" TYPE="text/css" MEDIA="screen">
</head>
<body bgcolor=#fbeec1>
<hr>
<table width=100%>
<tr><td align=left>
<h1 align="center">2023 NBA Rankings</h1>
</td>
</tr></table>
<p>
Standings through 12.28.22
<hr>
<center>
<table width=100% border=1><tr>
<td valign=top>
<div class="tabber">
<div class="tabbertab" title="Ken Power Index">
<pre><div id=data>

                                           -------Rating----------------  ----Rank----            
Rank Team                            W-L     KRS    SRS    S-Ix   WRS       S    W    SOS
========================================================================================
  1 Boston                          25-10   1.000   6.5    1.000  1.000     1    1    25   
  2 New Orleans                     22-12   0.878   4.7    0.890  0.865     3    4    26   
  3 Cleveland                       22-13   0.876   5.4    0.933  0.819     2    6    19   
  4 Brooklyn                        23-12   0.851   3.3    0.799  0.903     6    2    9    
  5 Memphis                         20-13   0.807   3.7    0.825  0.789     4    7    11   
  6 Milwaukee                       22-12   0.803   2.4    0.740  0.865     10   3    13   
  7 Philadelphia                    20-13   0.759   3.2    0.791  0.727     7    8    27   
  8 Denver                          22-12   0.753   1.3    0.672  0.834     12   5    29   

                                           -------Rating----------------  ----Rank----            
Rank Team                            W-L     KRS    SRS    S-Ix   WRS       S    W    SOS
========================================================================================
  9 Phoenix                         20-16   0.737   3.4    0.805  0.670     5    10   15   
 10 Dallas                          19-16   0.712   2.5    0.750  0.675     8    9    3    
 11 New York                        18-17   0.657   2.4    0.742  0.573     9    15   6    
 12 Sacramento                      18-15   0.656   1.3    0.675  0.636     11   12   23   
 13 Utah                            19-18   0.616   0.8    0.644  0.587     13   14   14   
 14 LA Clippers                     21-15   0.607   -0.5   0.559  0.654     16   11   30   
 15 Portland                        18-16   0.604   0.1    0.596  0.613     15   13   21   
 16 Indiana                         18-17   0.551   -0.9   0.532  0.569     20   16   18   

                                           -------Rating----------------  ----Rank----            
Rank Team                            W-L     KRS    SRS    S-Ix   WRS       S    W    SOS
========================================================================================
 17 Golden State                    18-18   0.550   -0.5   0.559  0.542     17   17   12   
 18 Toronto                         15-19   0.532   0.6    0.631  0.433     14   22   5    
 19 Miami                           18-17   0.517   -1.3   0.511  0.523     23   18   28   
 20 Chicago                         15-19   0.500   -0.7   0.550  0.450     18   20   2    
 21 Atlanta                         17-18   0.499   -1.0   0.528  0.470     21   19   22   
 22 Oklahoma City                   15-19   0.493   -0.7   0.546  0.441     19   21   7    
 23 Minnesota                       16-19   0.470   -1.3   0.510  0.429     24   23   24   
 24 Washington                      15-21   0.455   -1.0   0.525  0.385     22   24   4    

                                           -------Rating----------------  ----Rank----            
Rank Team                            W-L     KRS    SRS    S-Ix   WRS       S    W    SOS
========================================================================================
 25 LA Lakers                       14-21   0.383   -2.3   0.448  0.319     25   25   20   
 26 Orlando                         13-23   0.272   -3.8   0.350  0.193     26   26   16   
 27 Houston                         10-24   0.174   -5.6   0.241  0.106     27   28   8    
 28 Detroit                          9-28   0.106   -6.0   0.211  0.001     28   29   1    
 29 Charlotte                        9-26   0.085   -6.7   0.170  0.000     29   30   10   
 30 San Antonio                     11-23   0.066   -9.4   0.000  0.132     30   27   17   
</div></pre>
</div>
<div class="tabbertab" title="Points Based">
<pre><div id=data>

                                           -------Rating----------------  ----Rank----            
Rank Team                            W-L     KRS    SRS    S-Ix   WRS       S    W    SOS
========================================================================================
  1 Boston                          25-10   1.000   6.5    1.000  1.000     1    1    25   
  2 Cleveland                       22-13   0.876   5.4    0.933  0.819     2    6    19   
  3 New Orleans                     22-12   0.878   4.7    0.890  0.865     3    4    26   
  4 Memphis                         20-13   0.807   3.7    0.825  0.789     4    7    11   
  5 Phoenix                         20-16   0.737   3.4    0.805  0.670     5    10   15   
  6 Brooklyn                        23-12   0.851   3.3    0.799  0.903     6    2    9    
  7 Philadelphia                    20-13   0.759   3.2    0.791  0.727     7    8    27   
  8 Dallas                          19-16   0.712   2.5    0.750  0.675     8    9    3    

                                           -------Rating----------------  ----Rank----            
Rank Team                            W-L     KRS    SRS    S-Ix   WRS       S    W    SOS
========================================================================================
  9 New York                        18-17   0.657   2.4    0.742  0.573     9    15   6    
 10 Milwaukee                       22-12   0.803   2.4    0.740  0.865     10   3    13   
 11 Sacramento                      18-15   0.656   1.3    0.675  0.636     11   12   23   
 12 Denver                          22-12   0.753   1.3    0.672  0.834     12   5    29   
 13 Utah                            19-18   0.616   0.8    0.644  0.587     13   14   14   
 14 Toronto                         15-19   0.532   0.6    0.631  0.433     14   22   5    
 15 Portland                        18-16   0.604   0.1    0.596  0.613     15   13   21   
 16 LA Clippers                     21-15   0.607   -0.5   0.559  0.654     16   11   30   

                                           -------Rating----------------  ----Rank----            
Rank Team                            W-L     KRS    SRS    S-Ix   WRS       S    W    SOS
========================================================================================
 17 Golden State                    18-18   0.550   -0.5   0.559  0.542     17   17   12   
 18 Chicago                         15-19   0.500   -0.7   0.550  0.450     18   20   2    
 19 Oklahoma City                   15-19   0.493   -0.7   0.546  0.441     19   21   7    
 20 Indiana                         18-17   0.551   -0.9   0.532  0.569     20   16   18   
 21 Atlanta                         17-18   0.499   -1.0   0.528  0.470     21   19   22   
 22 Washington                      15-21   0.455   -1.0   0.525  0.385     22   24   4    
 23 Miami                           18-17   0.517   -1.3   0.511  0.523     23   18   28   
 24 Minnesota                       16-19   0.470   -1.3   0.510  0.429     24   23   24   

                                           -------Rating----------------  ----Rank----            
Rank Team                            W-L     KRS    SRS    S-Ix   WRS       S    W    SOS
========================================================================================
 25 LA Lakers                       14-21   0.383   -2.3   0.448  0.319     25   25   20   
 26 Orlando                         13-23   0.272   -3.8   0.350  0.193     26   26   16   
 27 Houston                         10-24   0.174   -5.6   0.241  0.106     27   28   8    
 28 Detroit                          9-28   0.106   -6.0   0.211  0.001     28   29   1    
 29 Charlotte                        9-26   0.085   -6.7   0.170  0.000     29   30   10   
 30 San Antonio                     11-23   0.066   -9.4   0.000  0.132     30   27   17   
</div></pre>
</div>
<div class="tabbertab" title="Wins Based">
<pre><div id=data>

                                           -------Rating----------------  ----Rank----            
Rank Team                            W-L     KRS    SRS    S-Ix   WRS       S    W    SOS
========================================================================================
  1 Boston                          25-10   1.000   6.5    1.000  1.000     1    1    25   
  2 Brooklyn                        23-12   0.851   3.3    0.799  0.903     6    2    9    
  3 Milwaukee                       22-12   0.803   2.4    0.740  0.865     10   3    13   
  4 New Orleans                     22-12   0.878   4.7    0.890  0.865     3    4    26   
  5 Denver                          22-12   0.753   1.3    0.672  0.834     12   5    29   
  6 Cleveland                       22-13   0.876   5.4    0.933  0.819     2    6    19   
  7 Memphis                         20-13   0.807   3.7    0.825  0.789     4    7    11   
  8 Philadelphia                    20-13   0.759   3.2    0.791  0.727     7    8    27   

                                           -------Rating----------------  ----Rank----            
Rank Team                            W-L     KRS    SRS    S-Ix   WRS       S    W    SOS
========================================================================================
  9 Dallas                          19-16   0.712   2.5    0.750  0.675     8    9    3    
 10 Phoenix                         20-16   0.737   3.4    0.805  0.670     5    10   15   
 11 LA Clippers                     21-15   0.607   -0.5   0.559  0.654     16   11   30   
 12 Sacramento                      18-15   0.656   1.3    0.675  0.636     11   12   23   
 13 Portland                        18-16   0.604   0.1    0.596  0.613     15   13   21   
 14 Utah                            19-18   0.616   0.8    0.644  0.587     13   14   14   
 15 New York                        18-17   0.657   2.4    0.742  0.573     9    15   6    
 16 Indiana                         18-17   0.551   -0.9   0.532  0.569     20   16   18   

                                           -------Rating----------------  ----Rank----            
Rank Team                            W-L     KRS    SRS    S-Ix   WRS       S    W    SOS
========================================================================================
 17 Golden State                    18-18   0.550   -0.5   0.559  0.542     17   17   12   
 18 Miami                           18-17   0.517   -1.3   0.511  0.523     23   18   28   
 19 Atlanta                         17-18   0.499   -1.0   0.528  0.470     21   19   22   
 20 Chicago                         15-19   0.500   -0.7   0.550  0.450     18   20   2    
 21 Oklahoma City                   15-19   0.493   -0.7   0.546  0.441     19   21   7    
 22 Toronto                         15-19   0.532   0.6    0.631  0.433     14   22   5    
 23 Minnesota                       16-19   0.470   -1.3   0.510  0.429     24   23   24   
 24 Washington                      15-21   0.455   -1.0   0.525  0.385     22   24   4    

                                           -------Rating----------------  ----Rank----            
Rank Team                            W-L     KRS    SRS    S-Ix   WRS       S    W    SOS
========================================================================================
 25 LA Lakers                       14-21   0.383   -2.3   0.448  0.319     25   25   20   
 26 Orlando                         13-23   0.272   -3.8   0.350  0.193     26   26   16   
 27 San Antonio                     11-23   0.066   -9.4   0.000  0.132     30   27   17   
 28 Houston                         10-24   0.174   -5.6   0.241  0.106     27   28   8    
 29 Detroit                          9-28   0.106   -6.0   0.211  0.001     28   29   1    
 30 Charlotte                        9-26   0.085   -6.7   0.170  0.000     29   30   10   
</div></pre>
</div>
<div class="tabbertab" title="BCS">
<pre><div id=data>

                                           -------Rating----------------  ----Rank----            
Rank Team                            W-L     KRS    SRS    S-Ix   WRS       S    W    SOS
========================================================================================
  1 Boston                          25-10   1.000   6.5    1.000  1.000     1    1    25   
  2 New Orleans                     22-12   0.878   4.7    0.890  0.865     3    4    26   
  3 Cleveland                       22-13   0.876   5.4    0.933  0.819     2    6    19   
  4 Brooklyn                        23-12   0.851   3.3    0.799  0.903     6    2    9    
  5 Memphis                         20-13   0.807   3.7    0.825  0.789     4    7    11   
  6 Milwaukee                       22-12   0.803   2.4    0.740  0.865     10   3    13   
  7 Philadelphia                    20-13   0.759   3.2    0.791  0.727     7    8    27   
  8 Denver                          22-12   0.753   1.3    0.672  0.834     12   5    29   

                                           -------Rating----------------  ----Rank----            
Rank Team                            W-L     KRS    SRS    S-Ix   WRS       S    W    SOS
========================================================================================
  9 Phoenix                         20-16   0.737   3.4    0.805  0.670     5    10   15   
 10 Dallas                          19-16   0.712   2.5    0.750  0.675     8    9    3    
 11 New York                        18-17   0.657   2.4    0.742  0.573     9    15   6    
 12 Sacramento                      18-15   0.656   1.3    0.675  0.636     11   12   23   
 13 Utah                            19-18   0.616   0.8    0.644  0.587     13   14   14   
 14 LA Clippers                     21-15   0.607   -0.5   0.559  0.654     16   11   30   
 15 Portland                        18-16   0.604   0.1    0.596  0.613     15   13   21   
 16 Indiana                         18-17   0.551   -0.9   0.532  0.569     20   16   18   

                                           -------Rating----------------  ----Rank----            
Rank Team                            W-L     KRS    SRS    S-Ix   WRS       S    W    SOS
========================================================================================
 17 Golden State                    18-18   0.550   -0.5   0.559  0.542     17   17   12   
 18 Toronto                         15-19   0.532   0.6    0.631  0.433     14   22   5    
 19 Miami                           18-17   0.517   -1.3   0.511  0.523     23   18   28   
 20 Chicago                         15-19   0.500   -0.7   0.550  0.450     18   20   2    
 21 Atlanta                         17-18   0.499   -1.0   0.528  0.470     21   19   22   
 22 Oklahoma City                   15-19   0.493   -0.7   0.546  0.441     19   21   7    
 23 Minnesota                       16-19   0.470   -1.3   0.510  0.429     24   23   24   
 24 Washington                      15-21   0.455   -1.0   0.525  0.385     22   24   4    

                                           -------Rating----------------  ----Rank----            
Rank Team                            W-L     KRS    SRS    S-Ix   WRS       S    W    SOS
========================================================================================
 25 LA Lakers                       14-21   0.383   -2.3   0.448  0.319     25   25   20   
 26 Orlando                         13-23   0.272   -3.8   0.350  0.193     26   26   16   
 27 Houston                         10-24   0.174   -5.6   0.241  0.106     27   28   8    
 28 Detroit                          9-28   0.106   -6.0   0.211  0.001     28   29   1    
 29 Charlotte                        9-26   0.085   -6.7   0.170  0.000     29   30   10   
 30 San Antonio                     11-23   0.066   -9.4   0.000  0.132     30   27   17   
</div></pre>
</div>
<div class="tabbertab" title="SOS">
<pre><div id=data>

                                           -------Rating----------------  ----Rank----            
Rank Team                            W-L     KRS    SRS    S-Ix   WRS       S    W    SOS
========================================================================================
  1 Detroit                          9-28   0.106   -6.0   0.211  0.001     28   29   1    
  2 Chicago                         15-19   0.500   -0.7   0.550  0.450     18   20   2    
  3 Dallas                          19-16   0.712   2.5    0.750  0.675     8    9    3    
  4 Washington                      15-21   0.455   -1.0   0.525  0.385     22   24   4    
  5 Toronto                         15-19   0.532   0.6    0.631  0.433     14   22   5    
  6 New York                        18-17   0.657   2.4    0.742  0.573     9    15   6    
  7 Oklahoma City                   15-19   0.493   -0.7   0.546  0.441     19   21   7    
  8 Houston                         10-24   0.174   -5.6   0.241  0.106     27   28   8    

                                           -------Rating----------------  ----Rank----            
Rank Team                            W-L     KRS    SRS    S-Ix   WRS       S    W    SOS
========================================================================================
  9 Brooklyn                        23-12   0.851   3.3    0.799  0.903     6    2    9    
 10 Charlotte                        9-26   0.085   -6.7   0.170  0.000     29   30   10   
 11 Memphis                         20-13   0.807   3.7    0.825  0.789     4    7    11   
 12 Golden State                    18-18   0.550   -0.5   0.559  0.542     17   17   12   
 13 Milwaukee                       22-12   0.803   2.4    0.740  0.865     10   3    13   
 14 Utah                            19-18   0.616   0.8    0.644  0.587     13   14   14   
 15 Phoenix                         20-16   0.737   3.4    0.805  0.670     5    10   15   
 16 Orlando                         13-23   0.272   -3.8   0.350  0.193     26   26   16   

                                           -------Rating----------------  ----Rank----            
Rank Team                            W-L     KRS    SRS    S-Ix   WRS       S    W    SOS
========================================================================================
 17 San Antonio                     11-23   0.066   -9.4   0.000  0.132     30   27   17   
 18 Indiana                         18-17   0.551   -0.9   0.532  0.569     20   16   18   
 19 Cleveland                       22-13   0.876   5.4    0.933  0.819     2    6    19   
 20 LA Lakers                       14-21   0.383   -2.3   0.448  0.319     25   25   20   
 21 Portland                        18-16   0.604   0.1    0.596  0.613     15   13   21   
 22 Atlanta                         17-18   0.499   -1.0   0.528  0.470     21   19   22   
 23 Sacramento                      18-15   0.656   1.3    0.675  0.636     11   12   23   
 24 Minnesota                       16-19   0.470   -1.3   0.510  0.429     24   23   24   

                                           -------Rating----------------  ----Rank----            
Rank Team                            W-L     KRS    SRS    S-Ix   WRS       S    W    SOS
========================================================================================
 25 Boston                          25-10   1.000   6.5    1.000  1.000     1    1    25   
 26 New Orleans                     22-12   0.878   4.7    0.890  0.865     3    4    26   
 27 Philadelphia                    20-13   0.759   3.2    0.791  0.727     7    8    27   
 28 Miami                           18-17   0.517   -1.3   0.511  0.523     23   18   28   
 29 Denver                          22-12   0.753   1.3    0.672  0.834     12   5    29   
 30 LA Clippers                     21-15   0.607   -0.5   0.559  0.654     16   11   30   
</div></pre>
</div>
	</pre>
	</p>
	</span>
</body>
<body>
<h3>Other links</h3>
<h4>Pro</h4>
	<ul>
			<li class="listyle"><a href="https://2skupz.github.io/nflKpi.html"> NFL</a></li>
			<li class="listyle"><a href="https://2skupz.github.io/nbaKpi.html"> NBA</a></li>
			<li class="listyle"><a href="https://2skupz.github.io/nhlKpi.html"> NHL</a></li>
	</ul>
<h4>Football</h4>
	<ul>
			<li class="listyle"><a href="https://2skupz.github.io/fbD1Rankings.html"> Division I</a></li>
			<li class="listyle"><a href="https://2skupz.github.io/fbFBSRankings.html"> Division I - FBS</a></li>
			<li class="listyle"><a href="https://2skupz.github.io/fbFCSRankings.html"> Division I - FCS</a></li>
			<li class="listyle"><a href="https://2skupz.github.io/fbD2Rankings.html"> Division II</a></li>
			<li class="listyle"><a href="https://2skupz.github.io/fbD3Rankings.html"> Division III</a></li>
	</ul>
<h4>Baseball</h4>
	<ul>
			<li class="listyle"><a href="https://2skupz.github.io/mlbPlayoffOdds.html"> MLB Playoff Odds</a></li>
			<li class="listyle"><a href="https://2skupz.github.io/baseD1Rankings.html"> Division 1</a></li>
			<li class="listyle"><a href="https://2skupz.github.io/baseD1Rankings.html"> Division 2</a></li>
			<li class="listyle"><a href="https://2skupz.github.io/baseD1Rankings.html"> Division 3</a></li>
	</ul>
<h4>Men's College Basketball</h4>
	<ul>
			<li class="listyle"><a href="https://2skupz.github.io/d1MbbRankings.html"> Division 1</a></li>
			<li class="listyle"><a href="https://2skupz.github.io/d2MbbRankings.html"> Division 2</a></li>
			<li class="listyle"><a href="https://2skupz.github.io/d3MbbRankings.html"> Division 3</a></li>
			<li class="listyle"><a href="https://2skupz.github.io/uSportMbbRankings.html"> U Sports</a></li>
	</ul>
<h4>Women's College Basketball</h4>
	<ul>
			<li class="listyle"><a href="https://2skupz.github.io/d1WbbRankings.html"> Division 1</a></li>
			<li class="listyle"><a href="https://2skupz.github.io/d2WbbRankings.html"> Division 2</a></li>
			<li class="listyle"><a href="https://2skupz.github.io/d3WbbRankings.html"> Division 3</a></li>
			<li class="listyle"><a href="https://2skupz.github.io/uSportsWbbRankings.html"> U Sports</a></li>
	</ul>
</body>
