<html>
<head>
<!-- Global Site Tag (gtag.js) - Google Analytics -->
<title>2023 NBA Rankings</title>
<script type="text/javascript" src="tabber.js">
</script>
<link href="https://fonts.googleapis.com/css?family=Roboto+Slab|Droid+Sans+Mono" rel="stylesheet">
<style>
 body {
			font-family: "Roboto Slab", serif;
			font-size: 12px;
			}
#data {
			font-family: "Droid Sans Mono", serif;
			font-size: 13px;
		}
</style>
<link rel="stylesheet" href="tabbedPage.css" TYPE="text/css" MEDIA="screen">
</head>
<body bgcolor=#fbeec1>
<hr>
<table width=100%>
<tr><td align=left>
<h1 align="center">2023 NBA Rankings</h1>
</td>
</tr></table>
<p>
Standings through 03.02.23
<hr>
<center>
<table width=100% border=1><tr>
<td valign=top>
<div class="tabber">
<div class="tabbertab" title="Ken Power Index">
<pre><div id=data>

                                           -------Rating----------------  ----Rank----            
Rank Team                            W-L     KRS    SRS    S-Ix   WRS       S    W    SOS
========================================================================================
  1 Boston                          45-18   0.991   5.5    1.000  0.982     1    2    22   
  2 Milwaukee                       45-17   0.949   4.0    0.897  1.000     5    1    20   
  3 Denver                          44-19   0.915   4.0    0.899  0.930     4    3    28   
  4 Cleveland                       39-26   0.888   5.5    0.995  0.781     2    6    8    
  5 Philadelphia                    40-22   0.859   3.6    0.877  0.842     6    4    23   
  6 Memphis                         38-23   0.852   4.1    0.909  0.795     3    5    21   
  7 New York                        37-27   0.791   3.3    0.854  0.729     7    7    11   
  8 Sacramento                      36-25   0.737   2.0    0.770  0.704     8    8    30   

                                           -------Rating----------------  ----Rank----            
Rank Team                            W-L     KRS    SRS    S-Ix   WRS       S    W    SOS
========================================================================================
  9 Phoenix                         34-29   0.683   1.5    0.734  0.632     9    10   19   
 10 Brooklyn                        34-28   0.671   0.5    0.670  0.673     15   9    4    
 11 Dallas                          33-31   0.638   0.8    0.689  0.588     13   13   18   
 12 Golden State                    33-30   0.633   0.6    0.675  0.591     14   12   26   
 13 New Orleans                     31-32   0.625   1.0    0.700  0.549     11   16   14   
 14 Miami                           33-30   0.603   -0.8   0.585  0.622     21   11   13   
 15 Toronto                         31-33   0.599   0.5    0.669  0.530     16   19   15   
 16 Washington                      30-32   0.598   0.3    0.653  0.542     17   17   10   

                                           -------Rating----------------  ----Rank----            
Rank Team                            W-L     KRS    SRS    S-Ix   WRS       S    W    SOS
========================================================================================
 17 Chicago                         29-34   0.595   0.9    0.694  0.497     12   22   9    
 18 Atlanta                         31-31   0.594   -0.1   0.628  0.561     19   14   17   
 19 Oklahoma City                   28-34   0.594   1.1    0.710  0.478     10   24   12   
 20 Utah                            31-32   0.590   0.2    0.651  0.530     18   20   25   
 21 Minnesota                       32-32   0.573   -0.5   0.606  0.540     20   18   27   
 22 LA Clippers                     33-32   0.568   -0.8   0.580  0.556     23   15   29   
 23 LA Lakers                       30-33   0.551   -0.9   0.576  0.526     24   21   16   
 24 Portland                        29-33   0.533   -0.8   0.581  0.485     22   23   24   

                                           -------Rating----------------  ----Rank----            
Rank Team                            W-L     KRS    SRS    S-Ix   WRS       S    W    SOS
========================================================================================
 25 Indiana                         28-36   0.475   -2.2   0.492  0.458     25   25   3    
 26 Orlando                         26-37   0.426   -2.8   0.455  0.398     26   26   7    
 27 Charlotte                       20-44   0.239   -5.6   0.266  0.211     27   27   5    
 28 Detroit                         15-48   0.135   -6.7   0.194  0.076     28   28   1    
 29 Houston                         13-49   0.038   -8.5   0.076  0.000     29   30   2    
 30 San Antonio                     16-47   0.036   -9.7   0.000  0.071     30   29   6    
</div></pre>
</div>
<div class="tabbertab" title="Points Based">
<pre><div id=data>

                                           -------Rating----------------  ----Rank----            
Rank Team                            W-L     KRS    SRS    S-Ix   WRS       S    W    SOS
========================================================================================
  1 Boston                          45-18   0.991   5.5    1.000  0.982     1    2    22   
  2 Cleveland                       39-26   0.888   5.5    0.995  0.781     2    6    8    
  3 Memphis                         38-23   0.852   4.1    0.909  0.795     3    5    21   
  4 Denver                          44-19   0.915   4.0    0.899  0.930     4    3    28   
  5 Milwaukee                       45-17   0.949   4.0    0.897  1.000     5    1    20   
  6 Philadelphia                    40-22   0.859   3.6    0.877  0.842     6    4    23   
  7 New York                        37-27   0.791   3.3    0.854  0.729     7    7    11   
  8 Sacramento                      36-25   0.737   2.0    0.770  0.704     8    8    30   

                                           -------Rating----------------  ----Rank----            
Rank Team                            W-L     KRS    SRS    S-Ix   WRS       S    W    SOS
========================================================================================
  9 Phoenix                         34-29   0.683   1.5    0.734  0.632     9    10   19   
 10 Oklahoma City                   28-34   0.594   1.1    0.710  0.478     10   24   12   
 11 New Orleans                     31-32   0.625   1.0    0.700  0.549     11   16   14   
 12 Chicago                         29-34   0.595   0.9    0.694  0.497     12   22   9    
 13 Dallas                          33-31   0.638   0.8    0.689  0.588     13   13   18   
 14 Golden State                    33-30   0.633   0.6    0.675  0.591     14   12   26   
 15 Brooklyn                        34-28   0.671   0.5    0.670  0.673     15   9    4    
 16 Toronto                         31-33   0.599   0.5    0.669  0.530     16   19   15   

                                           -------Rating----------------  ----Rank----            
Rank Team                            W-L     KRS    SRS    S-Ix   WRS       S    W    SOS
========================================================================================
 17 Washington                      30-32   0.598   0.3    0.653  0.542     17   17   10   
 18 Utah                            31-32   0.590   0.2    0.651  0.530     18   20   25   
 19 Atlanta                         31-31   0.594   -0.1   0.628  0.561     19   14   17   
 20 Minnesota                       32-32   0.573   -0.5   0.606  0.540     20   18   27   
 21 Miami                           33-30   0.603   -0.8   0.585  0.622     21   11   13   
 22 Portland                        29-33   0.533   -0.8   0.581  0.485     22   23   24   
 23 LA Clippers                     33-32   0.568   -0.8   0.580  0.556     23   15   29   
 24 LA Lakers                       30-33   0.551   -0.9   0.576  0.526     24   21   16   

                                           -------Rating----------------  ----Rank----            
Rank Team                            W-L     KRS    SRS    S-Ix   WRS       S    W    SOS
========================================================================================
 25 Indiana                         28-36   0.475   -2.2   0.492  0.458     25   25   3    
 26 Orlando                         26-37   0.426   -2.8   0.455  0.398     26   26   7    
 27 Charlotte                       20-44   0.239   -5.6   0.266  0.211     27   27   5    
 28 Detroit                         15-48   0.135   -6.7   0.194  0.076     28   28   1    
 29 Houston                         13-49   0.038   -8.5   0.076  0.000     29   30   2    
 30 San Antonio                     16-47   0.036   -9.7   0.000  0.071     30   29   6    
</div></pre>
</div>
<div class="tabbertab" title="Wins Based">
<pre><div id=data>

                                           -------Rating----------------  ----Rank----            
Rank Team                            W-L     KRS    SRS    S-Ix   WRS       S    W    SOS
========================================================================================
  1 Milwaukee                       45-17   0.949   4.0    0.897  1.000     5    1    20   
  2 Boston                          45-18   0.991   5.5    1.000  0.982     1    2    22   
  3 Denver                          44-19   0.915   4.0    0.899  0.930     4    3    28   
  4 Philadelphia                    40-22   0.859   3.6    0.877  0.842     6    4    23   
  5 Memphis                         38-23   0.852   4.1    0.909  0.795     3    5    21   
  6 Cleveland                       39-26   0.888   5.5    0.995  0.781     2    6    8    
  7 New York                        37-27   0.791   3.3    0.854  0.729     7    7    11   
  8 Sacramento                      36-25   0.737   2.0    0.770  0.704     8    8    30   

                                           -------Rating----------------  ----Rank----            
Rank Team                            W-L     KRS    SRS    S-Ix   WRS       S    W    SOS
========================================================================================
  9 Brooklyn                        34-28   0.671   0.5    0.670  0.673     15   9    4    
 10 Phoenix                         34-29   0.683   1.5    0.734  0.632     9    10   19   
 11 Miami                           33-30   0.603   -0.8   0.585  0.622     21   11   13   
 12 Golden State                    33-30   0.633   0.6    0.675  0.591     14   12   26   
 13 Dallas                          33-31   0.638   0.8    0.689  0.588     13   13   18   
 14 Atlanta                         31-31   0.594   -0.1   0.628  0.561     19   14   17   
 15 LA Clippers                     33-32   0.568   -0.8   0.580  0.556     23   15   29   
 16 New Orleans                     31-32   0.625   1.0    0.700  0.549     11   16   14   

                                           -------Rating----------------  ----Rank----            
Rank Team                            W-L     KRS    SRS    S-Ix   WRS       S    W    SOS
========================================================================================
 17 Washington                      30-32   0.598   0.3    0.653  0.542     17   17   10   
 18 Minnesota                       32-32   0.573   -0.5   0.606  0.540     20   18   27   
 19 Toronto                         31-33   0.599   0.5    0.669  0.530     16   19   15   
 20 Utah                            31-32   0.590   0.2    0.651  0.530     18   20   25   
 21 LA Lakers                       30-33   0.551   -0.9   0.576  0.526     24   21   16   
 22 Chicago                         29-34   0.595   0.9    0.694  0.497     12   22   9    
 23 Portland                        29-33   0.533   -0.8   0.581  0.485     22   23   24   
 24 Oklahoma City                   28-34   0.594   1.1    0.710  0.478     10   24   12   

                                           -------Rating----------------  ----Rank----            
Rank Team                            W-L     KRS    SRS    S-Ix   WRS       S    W    SOS
========================================================================================
 25 Indiana                         28-36   0.475   -2.2   0.492  0.458     25   25   3    
 26 Orlando                         26-37   0.426   -2.8   0.455  0.398     26   26   7    
 27 Charlotte                       20-44   0.239   -5.6   0.266  0.211     27   27   5    
 28 Detroit                         15-48   0.135   -6.7   0.194  0.076     28   28   1    
 29 San Antonio                     16-47   0.036   -9.7   0.000  0.071     30   29   6    
 30 Houston                         13-49   0.038   -8.5   0.076  0.000     29   30   2    
</div></pre>
</div>
<div class="tabbertab" title="BCS">
<pre><div id=data>

                                           -------Rating----------------  ----Rank----            
Rank Team                            W-L     KRS    SRS    S-Ix   WRS       S    W    SOS
========================================================================================
  1 Boston                          45-18   0.991   5.5    1.000  0.982     1    2    22   
  2 Milwaukee                       45-17   0.949   4.0    0.897  1.000     5    1    20   
  3 Denver                          44-19   0.915   4.0    0.899  0.930     4    3    28   
  4 Cleveland                       39-26   0.888   5.5    0.995  0.781     2    6    8    
  5 Philadelphia                    40-22   0.859   3.6    0.877  0.842     6    4    23   
  6 Memphis                         38-23   0.852   4.1    0.909  0.795     3    5    21   
  7 New York                        37-27   0.791   3.3    0.854  0.729     7    7    11   
  8 Sacramento                      36-25   0.737   2.0    0.770  0.704     8    8    30   

                                           -------Rating----------------  ----Rank----            
Rank Team                            W-L     KRS    SRS    S-Ix   WRS       S    W    SOS
========================================================================================
  9 Phoenix                         34-29   0.683   1.5    0.734  0.632     9    10   19   
 10 Brooklyn                        34-28   0.671   0.5    0.670  0.673     15   9    4    
 11 Dallas                          33-31   0.638   0.8    0.689  0.588     13   13   18   
 12 Golden State                    33-30   0.633   0.6    0.675  0.591     14   12   26   
 13 New Orleans                     31-32   0.625   1.0    0.700  0.549     11   16   14   
 14 Miami                           33-30   0.603   -0.8   0.585  0.622     21   11   13   
 15 Toronto                         31-33   0.599   0.5    0.669  0.530     16   19   15   
 16 Washington                      30-32   0.598   0.3    0.653  0.542     17   17   10   

                                           -------Rating----------------  ----Rank----            
Rank Team                            W-L     KRS    SRS    S-Ix   WRS       S    W    SOS
========================================================================================
 17 Chicago                         29-34   0.595   0.9    0.694  0.497     12   22   9    
 18 Atlanta                         31-31   0.594   -0.1   0.628  0.561     19   14   17   
 19 Oklahoma City                   28-34   0.594   1.1    0.710  0.478     10   24   12   
 20 Utah                            31-32   0.590   0.2    0.651  0.530     18   20   25   
 21 Minnesota                       32-32   0.573   -0.5   0.606  0.540     20   18   27   
 22 LA Clippers                     33-32   0.568   -0.8   0.580  0.556     23   15   29   
 23 LA Lakers                       30-33   0.551   -0.9   0.576  0.526     24   21   16   
 24 Portland                        29-33   0.533   -0.8   0.581  0.485     22   23   24   

                                           -------Rating----------------  ----Rank----            
Rank Team                            W-L     KRS    SRS    S-Ix   WRS       S    W    SOS
========================================================================================
 25 Indiana                         28-36   0.475   -2.2   0.492  0.458     25   25   3    
 26 Orlando                         26-37   0.426   -2.8   0.455  0.398     26   26   7    
 27 Charlotte                       20-44   0.239   -5.6   0.266  0.211     27   27   5    
 28 Detroit                         15-48   0.135   -6.7   0.194  0.076     28   28   1    
 29 Houston                         13-49   0.038   -8.5   0.076  0.000     29   30   2    
 30 San Antonio                     16-47   0.036   -9.7   0.000  0.071     30   29   6    
</div></pre>
</div>
<div class="tabbertab" title="SOS">
<pre><div id=data>

                                           -------Rating----------------  ----Rank----            
Rank Team                            W-L     KRS    SRS    S-Ix   WRS       S    W    SOS
========================================================================================
  1 Detroit                         15-48   0.135   -6.7   0.194  0.076     28   28   1    
  2 Houston                         13-49   0.038   -8.5   0.076  0.000     29   30   2    
  3 Indiana                         28-36   0.475   -2.2   0.492  0.458     25   25   3    
  4 Brooklyn                        34-28   0.671   0.5    0.670  0.673     15   9    4    
  5 Charlotte                       20-44   0.239   -5.6   0.266  0.211     27   27   5    
  6 San Antonio                     16-47   0.036   -9.7   0.000  0.071     30   29   6    
  7 Orlando                         26-37   0.426   -2.8   0.455  0.398     26   26   7    
  8 Cleveland                       39-26   0.888   5.5    0.995  0.781     2    6    8    

                                           -------Rating----------------  ----Rank----            
Rank Team                            W-L     KRS    SRS    S-Ix   WRS       S    W    SOS
========================================================================================
  9 Chicago                         29-34   0.595   0.9    0.694  0.497     12   22   9    
 10 Washington                      30-32   0.598   0.3    0.653  0.542     17   17   10   
 11 New York                        37-27   0.791   3.3    0.854  0.729     7    7    11   
 12 Oklahoma City                   28-34   0.594   1.1    0.710  0.478     10   24   12   
 13 Miami                           33-30   0.603   -0.8   0.585  0.622     21   11   13   
 14 New Orleans                     31-32   0.625   1.0    0.700  0.549     11   16   14   
 15 Toronto                         31-33   0.599   0.5    0.669  0.530     16   19   15   
 16 LA Lakers                       30-33   0.551   -0.9   0.576  0.526     24   21   16   

                                           -------Rating----------------  ----Rank----            
Rank Team                            W-L     KRS    SRS    S-Ix   WRS       S    W    SOS
========================================================================================
 17 Atlanta                         31-31   0.594   -0.1   0.628  0.561     19   14   17   
 18 Dallas                          33-31   0.638   0.8    0.689  0.588     13   13   18   
 19 Phoenix                         34-29   0.683   1.5    0.734  0.632     9    10   19   
 20 Milwaukee                       45-17   0.949   4.0    0.897  1.000     5    1    20   
 21 Memphis                         38-23   0.852   4.1    0.909  0.795     3    5    21   
 22 Boston                          45-18   0.991   5.5    1.000  0.982     1    2    22   
 23 Philadelphia                    40-22   0.859   3.6    0.877  0.842     6    4    23   
 24 Portland                        29-33   0.533   -0.8   0.581  0.485     22   23   24   

                                           -------Rating----------------  ----Rank----            
Rank Team                            W-L     KRS    SRS    S-Ix   WRS       S    W    SOS
========================================================================================
 25 Utah                            31-32   0.590   0.2    0.651  0.530     18   20   25   
 26 Golden State                    33-30   0.633   0.6    0.675  0.591     14   12   26   
 27 Minnesota                       32-32   0.573   -0.5   0.606  0.540     20   18   27   
 28 Denver                          44-19   0.915   4.0    0.899  0.930     4    3    28   
 29 LA Clippers                     33-32   0.568   -0.8   0.580  0.556     23   15   29   
 30 Sacramento                      36-25   0.737   2.0    0.770  0.704     8    8    30   
</div></pre>
</div>
	</pre>
	</p>
	</span>
</body>
<body>
<h3>Other links</h3>
<h4>Home</h4>
	<ul>
			<li class="listyle"><a href="https://2skupz.github.io/index.html"> Index</a></li>
	</ul>
</body>
