<html>
<head>
<!-- Global Site Tag (gtag.js) - Google Analytics -->
<title>2023 NBA Rankings</title>
<script type="text/javascript" src="tabber.js">
</script>
<link href="https://fonts.googleapis.com/css?family=Roboto+Slab|Droid+Sans+Mono" rel="stylesheet">
<style>
 body {
			font-family: "Roboto Slab", serif;
			font-size: 12px;
			}
#data {
			font-family: "Droid Sans Mono", serif;
			font-size: 13px;
		}
</style>
<link rel="stylesheet" href="tabbedPage.css" TYPE="text/css" MEDIA="screen">
</head>
<body bgcolor=#fbeec1>
<hr>
<table width=100%>
<tr><td align=left>
<h1 align="center">2023 NBA Rankings</h1>
</td>
</tr></table>
<p>
Standings through 05.02.23
<hr>
<center>
<table width=100% border=1><tr>
<td valign=top>
<div class="tabber">
<div class="tabbertab" title="Ken Power Index">
<pre><div id=data>

                                           -------Rating----------------  ----Rank----            
Rank Team                            W-L     KRS    SRS    S-Ix   WRS       S    W    SOS
========================================================================================
  1 Boston                          61-28   1.000   6.3    1.000  1.000     1    1    22   
  2 Philadelphia                    59-28   0.950   4.8    0.906  0.995     3    2    12   
  3 Milwaukee                       59-28   0.896   3.1    0.805  0.987     6    3    21   
  4 Denver                          59-30   0.885   3.6    0.835  0.936     4    4    30   
  5 Cleveland                       52-35   0.865   4.8    0.909  0.820     2    5    16   
  6 New York                        52-37   0.809   3.3    0.816  0.802     5    7    6    
  7 Memphis                         53-35   0.801   2.9    0.792  0.810     7    6    28   
  8 Sacramento                      51-38   0.745   2.1    0.740  0.749     8    8    26   

                                           -------Rating----------------  ----Rank----            
Rank Team                            W-L     KRS    SRS    S-Ix   WRS       S    W    SOS
========================================================================================
  9 Phoenix                         49-40   0.729   2.0    0.737  0.721     9    10   14   
 10 Golden State                    48-42   0.700   1.8    0.721  0.679     10   13   20   
 11 LA Lakers                       49-41   0.694   1.2    0.684  0.703     14   11   18   
 12 Miami                           50-41   0.687   0.4    0.636  0.739     18   9    3    
 13 Brooklyn                        45-41   0.667   0.7    0.653  0.680     16   12   4    
 14 New Orleans                     42-41   0.656   1.6    0.707  0.604     11   16   29   
 15 Toronto                         41-42   0.653   1.5    0.705  0.601     12   17   13   
 16 Chicago                         41-43   0.637   1.3    0.689  0.586     13   19   15   

                                           -------Rating----------------  ----Rank----            
Rank Team                            W-L     KRS    SRS    S-Ix   WRS       S    W    SOS
========================================================================================
 17 Atlanta                         44-45   0.630   0.5    0.640  0.620     17   15   2    
 18 LA Clippers                     45-42   0.625   0.1    0.613  0.636     19   14   23   
 19 Oklahoma City                   41-43   0.613   0.7    0.655  0.572     15   20   25   
 20 Minnesota                       44-45   0.597   -0.3   0.594  0.600     21   18   19   
 21 Dallas                          38-44   0.558   -0.1   0.601  0.515     20   21   27   
 22 Utah                            37-45   0.521   -1.0   0.546  0.495     22   22   24   
 23 Washington                      35-47   0.502   -1.1   0.545  0.459     23   23   11   
 24 Orlando                         34-48   0.444   -2.4   0.462  0.427     24   25   10   

                                           -------Rating----------------  ----Rank----            
Rank Team                            W-L     KRS    SRS    S-Ix   WRS       S    W    SOS
========================================================================================
 25 Indiana                         35-47   0.444   -2.9   0.429  0.459     25   24   7    
 26 Portland                        33-49   0.378   -4.0   0.364  0.393     26   26   17   
 27 Charlotte                       27-55   0.246   -5.9   0.244  0.248     27   27   5    
 28 Houston                         22-60   0.126   -7.6   0.136  0.115     28   28   8    
 29 Detroit                         17-65   0.065   -7.7   0.130  0.000     29   30   1    
 30 San Antonio                     22-60   0.054   -9.8   0.000  0.108     30   29   9    
</div></pre>
</div>
<div class="tabbertab" title="Points Based">
<pre><div id=data>

                                           -------Rating----------------  ----Rank----            
Rank Team                            W-L     KRS    SRS    S-Ix   WRS       S    W    SOS
========================================================================================
  1 Boston                          61-28   1.000   6.3    1.000  1.000     1    1    22   
  2 Cleveland                       52-35   0.865   4.8    0.909  0.820     2    5    16   
  3 Philadelphia                    59-28   0.950   4.8    0.906  0.995     3    2    12   
  4 Denver                          59-30   0.885   3.6    0.835  0.936     4    4    30   
  5 New York                        52-37   0.809   3.3    0.816  0.802     5    7    6    
  6 Milwaukee                       59-28   0.896   3.1    0.805  0.987     6    3    21   
  7 Memphis                         53-35   0.801   2.9    0.792  0.810     7    6    28   
  8 Sacramento                      51-38   0.745   2.1    0.740  0.749     8    8    26   

                                           -------Rating----------------  ----Rank----            
Rank Team                            W-L     KRS    SRS    S-Ix   WRS       S    W    SOS
========================================================================================
  9 Phoenix                         49-40   0.729   2.0    0.737  0.721     9    10   14   
 10 Golden State                    48-42   0.700   1.8    0.721  0.679     10   13   20   
 11 New Orleans                     42-41   0.656   1.6    0.707  0.604     11   16   29   
 12 Toronto                         41-42   0.653   1.5    0.705  0.601     12   17   13   
 13 Chicago                         41-43   0.637   1.3    0.689  0.586     13   19   15   
 14 LA Lakers                       49-41   0.694   1.2    0.684  0.703     14   11   18   
 15 Oklahoma City                   41-43   0.613   0.7    0.655  0.572     15   20   25   
 16 Brooklyn                        45-41   0.667   0.7    0.653  0.680     16   12   4    

                                           -------Rating----------------  ----Rank----            
Rank Team                            W-L     KRS    SRS    S-Ix   WRS       S    W    SOS
========================================================================================
 17 Atlanta                         44-45   0.630   0.5    0.640  0.620     17   15   2    
 18 Miami                           50-41   0.687   0.4    0.636  0.739     18   9    3    
 19 LA Clippers                     45-42   0.625   0.1    0.613  0.636     19   14   23   
 20 Dallas                          38-44   0.558   -0.1   0.601  0.515     20   21   27   
 21 Minnesota                       44-45   0.597   -0.3   0.594  0.600     21   18   19   
 22 Utah                            37-45   0.521   -1.0   0.546  0.495     22   22   24   
 23 Washington                      35-47   0.502   -1.1   0.545  0.459     23   23   11   
 24 Orlando                         34-48   0.444   -2.4   0.462  0.427     24   25   10   

                                           -------Rating----------------  ----Rank----            
Rank Team                            W-L     KRS    SRS    S-Ix   WRS       S    W    SOS
========================================================================================
 25 Indiana                         35-47   0.444   -2.9   0.429  0.459     25   24   7    
 26 Portland                        33-49   0.378   -4.0   0.364  0.393     26   26   17   
 27 Charlotte                       27-55   0.246   -5.9   0.244  0.248     27   27   5    
 28 Houston                         22-60   0.126   -7.6   0.136  0.115     28   28   8    
 29 Detroit                         17-65   0.065   -7.7   0.130  0.000     29   30   1    
 30 San Antonio                     22-60   0.054   -9.8   0.000  0.108     30   29   9    
</div></pre>
</div>
<div class="tabbertab" title="Wins Based">
<pre><div id=data>

                                           -------Rating----------------  ----Rank----            
Rank Team                            W-L     KRS    SRS    S-Ix   WRS       S    W    SOS
========================================================================================
  1 Boston                          61-28   1.000   6.3    1.000  1.000     1    1    22   
  2 Philadelphia                    59-28   0.950   4.8    0.906  0.995     3    2    12   
  3 Milwaukee                       59-28   0.896   3.1    0.805  0.987     6    3    21   
  4 Denver                          59-30   0.885   3.6    0.835  0.936     4    4    30   
  5 Cleveland                       52-35   0.865   4.8    0.909  0.820     2    5    16   
  6 Memphis                         53-35   0.801   2.9    0.792  0.810     7    6    28   
  7 New York                        52-37   0.809   3.3    0.816  0.802     5    7    6    
  8 Sacramento                      51-38   0.745   2.1    0.740  0.749     8    8    26   

                                           -------Rating----------------  ----Rank----            
Rank Team                            W-L     KRS    SRS    S-Ix   WRS       S    W    SOS
========================================================================================
  9 Miami                           50-41   0.687   0.4    0.636  0.739     18   9    3    
 10 Phoenix                         49-40   0.729   2.0    0.737  0.721     9    10   14   
 11 LA Lakers                       49-41   0.694   1.2    0.684  0.703     14   11   18   
 12 Brooklyn                        45-41   0.667   0.7    0.653  0.680     16   12   4    
 13 Golden State                    48-42   0.700   1.8    0.721  0.679     10   13   20   
 14 LA Clippers                     45-42   0.625   0.1    0.613  0.636     19   14   23   
 15 Atlanta                         44-45   0.630   0.5    0.640  0.620     17   15   2    
 16 New Orleans                     42-41   0.656   1.6    0.707  0.604     11   16   29   

                                           -------Rating----------------  ----Rank----            
Rank Team                            W-L     KRS    SRS    S-Ix   WRS       S    W    SOS
========================================================================================
 17 Toronto                         41-42   0.653   1.5    0.705  0.601     12   17   13   
 18 Minnesota                       44-45   0.597   -0.3   0.594  0.600     21   18   19   
 19 Chicago                         41-43   0.637   1.3    0.689  0.586     13   19   15   
 20 Oklahoma City                   41-43   0.613   0.7    0.655  0.572     15   20   25   
 21 Dallas                          38-44   0.558   -0.1   0.601  0.515     20   21   27   
 22 Utah                            37-45   0.521   -1.0   0.546  0.495     22   22   24   
 23 Washington                      35-47   0.502   -1.1   0.545  0.459     23   23   11   
 24 Indiana                         35-47   0.444   -2.9   0.429  0.459     25   24   7    

                                           -------Rating----------------  ----Rank----            
Rank Team                            W-L     KRS    SRS    S-Ix   WRS       S    W    SOS
========================================================================================
 25 Orlando                         34-48   0.444   -2.4   0.462  0.427     24   25   10   
 26 Portland                        33-49   0.378   -4.0   0.364  0.393     26   26   17   
 27 Charlotte                       27-55   0.246   -5.9   0.244  0.248     27   27   5    
 28 Houston                         22-60   0.126   -7.6   0.136  0.115     28   28   8    
 29 San Antonio                     22-60   0.054   -9.8   0.000  0.108     30   29   9    
 30 Detroit                         17-65   0.065   -7.7   0.130  0.000     29   30   1    
</div></pre>
</div>
<div class="tabbertab" title="BCS">
<pre><div id=data>

                                           -------Rating----------------  ----Rank----            
Rank Team                            W-L     KRS    SRS    S-Ix   WRS       S    W    SOS
========================================================================================
  1 Boston                          61-28   1.000   6.3    1.000  1.000     1    1    22   
  2 Philadelphia                    59-28   0.950   4.8    0.906  0.995     3    2    12   
  3 Milwaukee                       59-28   0.896   3.1    0.805  0.987     6    3    21   
  4 Denver                          59-30   0.885   3.6    0.835  0.936     4    4    30   
  5 Cleveland                       52-35   0.865   4.8    0.909  0.820     2    5    16   
  6 New York                        52-37   0.809   3.3    0.816  0.802     5    7    6    
  7 Memphis                         53-35   0.801   2.9    0.792  0.810     7    6    28   
  8 Sacramento                      51-38   0.745   2.1    0.740  0.749     8    8    26   

                                           -------Rating----------------  ----Rank----            
Rank Team                            W-L     KRS    SRS    S-Ix   WRS       S    W    SOS
========================================================================================
  9 Phoenix                         49-40   0.729   2.0    0.737  0.721     9    10   14   
 10 Golden State                    48-42   0.700   1.8    0.721  0.679     10   13   20   
 11 LA Lakers                       49-41   0.694   1.2    0.684  0.703     14   11   18   
 12 Miami                           50-41   0.687   0.4    0.636  0.739     18   9    3    
 13 Brooklyn                        45-41   0.667   0.7    0.653  0.680     16   12   4    
 14 New Orleans                     42-41   0.656   1.6    0.707  0.604     11   16   29   
 15 Toronto                         41-42   0.653   1.5    0.705  0.601     12   17   13   
 16 Chicago                         41-43   0.637   1.3    0.689  0.586     13   19   15   

                                           -------Rating----------------  ----Rank----            
Rank Team                            W-L     KRS    SRS    S-Ix   WRS       S    W    SOS
========================================================================================
 17 Atlanta                         44-45   0.630   0.5    0.640  0.620     17   15   2    
 18 LA Clippers                     45-42   0.625   0.1    0.613  0.636     19   14   23   
 19 Oklahoma City                   41-43   0.613   0.7    0.655  0.572     15   20   25   
 20 Minnesota                       44-45   0.597   -0.3   0.594  0.600     21   18   19   
 21 Dallas                          38-44   0.558   -0.1   0.601  0.515     20   21   27   
 22 Utah                            37-45   0.521   -1.0   0.546  0.495     22   22   24   
 23 Washington                      35-47   0.502   -1.1   0.545  0.459     23   23   11   
 24 Orlando                         34-48   0.444   -2.4   0.462  0.427     24   25   10   

                                           -------Rating----------------  ----Rank----            
Rank Team                            W-L     KRS    SRS    S-Ix   WRS       S    W    SOS
========================================================================================
 25 Indiana                         35-47   0.444   -2.9   0.429  0.459     25   24   7    
 26 Portland                        33-49   0.378   -4.0   0.364  0.393     26   26   17   
 27 Charlotte                       27-55   0.246   -5.9   0.244  0.248     27   27   5    
 28 Houston                         22-60   0.126   -7.6   0.136  0.115     28   28   8    
 29 Detroit                         17-65   0.065   -7.7   0.130  0.000     29   30   1    
 30 San Antonio                     22-60   0.054   -9.8   0.000  0.108     30   29   9    
</div></pre>
</div>
<div class="tabbertab" title="SOS">
<pre><div id=data>

                                           -------Rating----------------  ----Rank----            
Rank Team                            W-L     KRS    SRS    S-Ix   WRS       S    W    SOS
========================================================================================
  1 Detroit                         17-65   0.065   -7.7   0.130  0.000     29   30   1    
  2 Atlanta                         44-45   0.630   0.5    0.640  0.620     17   15   2    
  3 Miami                           50-41   0.687   0.4    0.636  0.739     18   9    3    
  4 Brooklyn                        45-41   0.667   0.7    0.653  0.680     16   12   4    
  5 Charlotte                       27-55   0.246   -5.9   0.244  0.248     27   27   5    
  6 New York                        52-37   0.809   3.3    0.816  0.802     5    7    6    
  7 Indiana                         35-47   0.444   -2.9   0.429  0.459     25   24   7    
  8 Houston                         22-60   0.126   -7.6   0.136  0.115     28   28   8    

                                           -------Rating----------------  ----Rank----            
Rank Team                            W-L     KRS    SRS    S-Ix   WRS       S    W    SOS
========================================================================================
  9 San Antonio                     22-60   0.054   -9.8   0.000  0.108     30   29   9    
 10 Orlando                         34-48   0.444   -2.4   0.462  0.427     24   25   10   
 11 Washington                      35-47   0.502   -1.1   0.545  0.459     23   23   11   
 12 Philadelphia                    59-28   0.950   4.8    0.906  0.995     3    2    12   
 13 Toronto                         41-42   0.653   1.5    0.705  0.601     12   17   13   
 14 Phoenix                         49-40   0.729   2.0    0.737  0.721     9    10   14   
 15 Chicago                         41-43   0.637   1.3    0.689  0.586     13   19   15   
 16 Cleveland                       52-35   0.865   4.8    0.909  0.820     2    5    16   

                                           -------Rating----------------  ----Rank----            
Rank Team                            W-L     KRS    SRS    S-Ix   WRS       S    W    SOS
========================================================================================
 17 Portland                        33-49   0.378   -4.0   0.364  0.393     26   26   17   
 18 LA Lakers                       49-41   0.694   1.2    0.684  0.703     14   11   18   
 19 Minnesota                       44-45   0.597   -0.3   0.594  0.600     21   18   19   
 20 Golden State                    48-42   0.700   1.8    0.721  0.679     10   13   20   
 21 Milwaukee                       59-28   0.896   3.1    0.805  0.987     6    3    21   
 22 Boston                          61-28   1.000   6.3    1.000  1.000     1    1    22   
 23 LA Clippers                     45-42   0.625   0.1    0.613  0.636     19   14   23   
 24 Utah                            37-45   0.521   -1.0   0.546  0.495     22   22   24   

                                           -------Rating----------------  ----Rank----            
Rank Team                            W-L     KRS    SRS    S-Ix   WRS       S    W    SOS
========================================================================================
 25 Oklahoma City                   41-43   0.613   0.7    0.655  0.572     15   20   25   
 26 Sacramento                      51-38   0.745   2.1    0.740  0.749     8    8    26   
 27 Dallas                          38-44   0.558   -0.1   0.601  0.515     20   21   27   
 28 Memphis                         53-35   0.801   2.9    0.792  0.810     7    6    28   
 29 New Orleans                     42-41   0.656   1.6    0.707  0.604     11   16   29   
 30 Denver                          59-30   0.885   3.6    0.835  0.936     4    4    30   
</div></pre>
</div>
	</pre>
	</p>
	</span>
</body>
<body>
<h3>Other links</h3>
<h4>Home</h4>
	<ul>
			<li class="listyle"><a href="https://2skupz.github.io/index.html"> Index</a></li>
	</ul>
</body>
