<html>
<head>
<!-- Global Site Tag (gtag.js) - Google Analytics -->
<title>2023 NBA Rankings</title>
<script type="text/javascript" src="tabber.js">
</script>
<link href="https://fonts.googleapis.com/css?family=Roboto+Slab|Droid+Sans+Mono" rel="stylesheet">
<style>
 body {
			font-family: "Roboto Slab", serif;
			font-size: 12px;
			}
#data {
			font-family: "Droid Sans Mono", serif;
			font-size: 13px;
		}
</style>
<link rel="stylesheet" href="tabbedPage.css" TYPE="text/css" MEDIA="screen">
</head>
<body bgcolor=#fbeec1>
<hr>
<table width=100%>
<tr><td align=left>
<h1 align="center">2023 NBA Rankings</h1>
</td>
</tr></table>
<p>
Standings through 03.23.23
<hr>
<center>
<table width=100% border=1><tr>
<td valign=top>
<div class="tabber">
<div class="tabbertab" title="Ken Power Index">
<pre><div id=data>

                                           -------Rating----------------  ----Rank----            
Rank Team                            W-L     KRS    SRS    S-Ix   WRS       S    W    SOS
========================================================================================
  1 Boston                          50-23   0.962   5.5    0.996  0.929     2    2    20   
  2 Milwaukee                       52-20   0.955   4.2    0.910  1.000     4    1    22   
  3 Philadelphia                    49-23   0.938   5.0    0.965  0.912     3    3    25   
  4 Cleveland                       47-28   0.913   5.6    1.000  0.826     1    5    13   
  5 Denver                          49-24   0.871   3.5    0.865  0.878     6    4    30   
  6 Memphis                         45-27   0.832   3.6    0.872  0.793     5    6    27   
  7 Sacramento                      43-29   0.757   2.1    0.775  0.738     8    7    26   
  8 New York                        42-33   0.752   2.7    0.814  0.690     7    8    9    

                                           -------Rating----------------  ----Rank----            
Rank Team                            W-L     KRS    SRS    S-Ix   WRS       S    W    SOS
========================================================================================
  9 Phoenix                         38-34   0.671   1.5    0.738  0.604     9    11   16   
 10 Brooklyn                        39-34   0.670   0.8    0.691  0.648     14   10   2    
 11 Miami                           40-34   0.638   -0.2   0.626  0.649     19   9    7    
 12 Oklahoma City                   36-37   0.630   1.2    0.716  0.545     10   15   14   
 13 LA Clippers                     39-35   0.622   0.2    0.652  0.592     17   12   28   
 14 Golden State                    38-36   0.614   0.3    0.658  0.570     16   13   21   
 15 Toronto                         35-38   0.608   0.8    0.694  0.522     13   19   10   
 16 New Orleans                     36-37   0.606   0.9    0.696  0.516     11   20   29   

                                           -------Rating----------------  ----Rank----            
Rank Team                            W-L     KRS    SRS    S-Ix   WRS       S    W    SOS
========================================================================================
 17 Chicago                         34-38   0.603   0.9    0.695  0.512     12   21   6    
 18 Dallas                          36-37   0.602   0.4    0.668  0.536     15   17   15   
 19 Minnesota                       37-37   0.582   -0.3   0.617  0.547     22   14   19   
 20 Atlanta                         36-37   0.581   -0.1   0.634  0.529     18   18   24   
 21 LA Lakers                       36-37   0.580   -0.3   0.621  0.540     21   16   18   
 22 Utah                            35-37   0.565   -0.3   0.622  0.509     20   22   23   
 23 Washington                      32-41   0.515   -0.8   0.588  0.441     23   24   4    
 24 Portland                        32-40   0.480   -1.7   0.526  0.433     24   25   17   

                                           -------Rating----------------  ----Rank----            
Rank Team                            W-L     KRS    SRS    S-Ix   WRS       S    W    SOS
========================================================================================
 25 Indiana                         33-40   0.476   -2.2   0.493  0.458     25   23   11   
 26 Orlando                         31-43   0.431   -2.5   0.475  0.388     26   26   12   
 27 Charlotte                       23-51   0.215   -6.0   0.250  0.179     27   27   3    
 28 Houston                         18-55   0.093   -7.6   0.147  0.039     29   29   5    
 29 Detroit                         16-57   0.082   -7.3   0.164  0.000     28   30   1    
 30 San Antonio                     19-54   0.028   -9.8   0.000  0.056     30   28   8    
</div></pre>
</div>
<div class="tabbertab" title="Points Based">
<pre><div id=data>

                                           -------Rating----------------  ----Rank----            
Rank Team                            W-L     KRS    SRS    S-Ix   WRS       S    W    SOS
========================================================================================
  1 Cleveland                       47-28   0.913   5.6    1.000  0.826     1    5    13   
  2 Boston                          50-23   0.962   5.5    0.996  0.929     2    2    20   
  3 Philadelphia                    49-23   0.938   5.0    0.965  0.912     3    3    25   
  4 Milwaukee                       52-20   0.955   4.2    0.910  1.000     4    1    22   
  5 Memphis                         45-27   0.832   3.6    0.872  0.793     5    6    27   
  6 Denver                          49-24   0.871   3.5    0.865  0.878     6    4    30   
  7 New York                        42-33   0.752   2.7    0.814  0.690     7    8    9    
  8 Sacramento                      43-29   0.757   2.1    0.775  0.738     8    7    26   

                                           -------Rating----------------  ----Rank----            
Rank Team                            W-L     KRS    SRS    S-Ix   WRS       S    W    SOS
========================================================================================
  9 Phoenix                         38-34   0.671   1.5    0.738  0.604     9    11   16   
 10 Oklahoma City                   36-37   0.630   1.2    0.716  0.545     10   15   14   
 11 New Orleans                     36-37   0.606   0.9    0.696  0.516     11   20   29   
 12 Chicago                         34-38   0.603   0.9    0.695  0.512     12   21   6    
 13 Toronto                         35-38   0.608   0.8    0.694  0.522     13   19   10   
 14 Brooklyn                        39-34   0.670   0.8    0.691  0.648     14   10   2    
 15 Dallas                          36-37   0.602   0.4    0.668  0.536     15   17   15   
 16 Golden State                    38-36   0.614   0.3    0.658  0.570     16   13   21   

                                           -------Rating----------------  ----Rank----            
Rank Team                            W-L     KRS    SRS    S-Ix   WRS       S    W    SOS
========================================================================================
 17 LA Clippers                     39-35   0.622   0.2    0.652  0.592     17   12   28   
 18 Atlanta                         36-37   0.581   -0.1   0.634  0.529     18   18   24   
 19 Miami                           40-34   0.638   -0.2   0.626  0.649     19   9    7    
 20 Utah                            35-37   0.565   -0.3   0.622  0.509     20   22   23   
 21 LA Lakers                       36-37   0.580   -0.3   0.621  0.540     21   16   18   
 22 Minnesota                       37-37   0.582   -0.3   0.617  0.547     22   14   19   
 23 Washington                      32-41   0.515   -0.8   0.588  0.441     23   24   4    
 24 Portland                        32-40   0.480   -1.7   0.526  0.433     24   25   17   

                                           -------Rating----------------  ----Rank----            
Rank Team                            W-L     KRS    SRS    S-Ix   WRS       S    W    SOS
========================================================================================
 25 Indiana                         33-40   0.476   -2.2   0.493  0.458     25   23   11   
 26 Orlando                         31-43   0.431   -2.5   0.475  0.388     26   26   12   
 27 Charlotte                       23-51   0.215   -6.0   0.250  0.179     27   27   3    
 28 Detroit                         16-57   0.082   -7.3   0.164  0.000     28   30   1    
 29 Houston                         18-55   0.093   -7.6   0.147  0.039     29   29   5    
 30 San Antonio                     19-54   0.028   -9.8   0.000  0.056     30   28   8    
</div></pre>
</div>
<div class="tabbertab" title="Wins Based">
<pre><div id=data>

                                           -------Rating----------------  ----Rank----            
Rank Team                            W-L     KRS    SRS    S-Ix   WRS       S    W    SOS
========================================================================================
  1 Milwaukee                       52-20   0.955   4.2    0.910  1.000     4    1    22   
  2 Boston                          50-23   0.962   5.5    0.996  0.929     2    2    20   
  3 Philadelphia                    49-23   0.938   5.0    0.965  0.912     3    3    25   
  4 Denver                          49-24   0.871   3.5    0.865  0.878     6    4    30   
  5 Cleveland                       47-28   0.913   5.6    1.000  0.826     1    5    13   
  6 Memphis                         45-27   0.832   3.6    0.872  0.793     5    6    27   
  7 Sacramento                      43-29   0.757   2.1    0.775  0.738     8    7    26   
  8 New York                        42-33   0.752   2.7    0.814  0.690     7    8    9    

                                           -------Rating----------------  ----Rank----            
Rank Team                            W-L     KRS    SRS    S-Ix   WRS       S    W    SOS
========================================================================================
  9 Miami                           40-34   0.638   -0.2   0.626  0.649     19   9    7    
 10 Brooklyn                        39-34   0.670   0.8    0.691  0.648     14   10   2    
 11 Phoenix                         38-34   0.671   1.5    0.738  0.604     9    11   16   
 12 LA Clippers                     39-35   0.622   0.2    0.652  0.592     17   12   28   
 13 Golden State                    38-36   0.614   0.3    0.658  0.570     16   13   21   
 14 Minnesota                       37-37   0.582   -0.3   0.617  0.547     22   14   19   
 15 Oklahoma City                   36-37   0.630   1.2    0.716  0.545     10   15   14   
 16 LA Lakers                       36-37   0.580   -0.3   0.621  0.540     21   16   18   

                                           -------Rating----------------  ----Rank----            
Rank Team                            W-L     KRS    SRS    S-Ix   WRS       S    W    SOS
========================================================================================
 17 Dallas                          36-37   0.602   0.4    0.668  0.536     15   17   15   
 18 Atlanta                         36-37   0.581   -0.1   0.634  0.529     18   18   24   
 19 Toronto                         35-38   0.608   0.8    0.694  0.522     13   19   10   
 20 New Orleans                     36-37   0.606   0.9    0.696  0.516     11   20   29   
 21 Chicago                         34-38   0.603   0.9    0.695  0.512     12   21   6    
 22 Utah                            35-37   0.565   -0.3   0.622  0.509     20   22   23   
 23 Indiana                         33-40   0.476   -2.2   0.493  0.458     25   23   11   
 24 Washington                      32-41   0.515   -0.8   0.588  0.441     23   24   4    

                                           -------Rating----------------  ----Rank----            
Rank Team                            W-L     KRS    SRS    S-Ix   WRS       S    W    SOS
========================================================================================
 25 Portland                        32-40   0.480   -1.7   0.526  0.433     24   25   17   
 26 Orlando                         31-43   0.431   -2.5   0.475  0.388     26   26   12   
 27 Charlotte                       23-51   0.215   -6.0   0.250  0.179     27   27   3    
 28 San Antonio                     19-54   0.028   -9.8   0.000  0.056     30   28   8    
 29 Houston                         18-55   0.093   -7.6   0.147  0.039     29   29   5    
 30 Detroit                         16-57   0.082   -7.3   0.164  0.000     28   30   1    
</div></pre>
</div>
<div class="tabbertab" title="BCS">
<pre><div id=data>

                                           -------Rating----------------  ----Rank----            
Rank Team                            W-L     KRS    SRS    S-Ix   WRS       S    W    SOS
========================================================================================
  1 Boston                          50-23   0.962   5.5    0.996  0.929     2    2    20   
  2 Milwaukee                       52-20   0.955   4.2    0.910  1.000     4    1    22   
  3 Philadelphia                    49-23   0.938   5.0    0.965  0.912     3    3    25   
  4 Cleveland                       47-28   0.913   5.6    1.000  0.826     1    5    13   
  5 Denver                          49-24   0.871   3.5    0.865  0.878     6    4    30   
  6 Memphis                         45-27   0.832   3.6    0.872  0.793     5    6    27   
  7 Sacramento                      43-29   0.757   2.1    0.775  0.738     8    7    26   
  8 New York                        42-33   0.752   2.7    0.814  0.690     7    8    9    

                                           -------Rating----------------  ----Rank----            
Rank Team                            W-L     KRS    SRS    S-Ix   WRS       S    W    SOS
========================================================================================
  9 Phoenix                         38-34   0.671   1.5    0.738  0.604     9    11   16   
 10 Brooklyn                        39-34   0.670   0.8    0.691  0.648     14   10   2    
 11 Miami                           40-34   0.638   -0.2   0.626  0.649     19   9    7    
 12 Oklahoma City                   36-37   0.630   1.2    0.716  0.545     10   15   14   
 13 LA Clippers                     39-35   0.622   0.2    0.652  0.592     17   12   28   
 14 Golden State                    38-36   0.614   0.3    0.658  0.570     16   13   21   
 15 Toronto                         35-38   0.608   0.8    0.694  0.522     13   19   10   
 16 New Orleans                     36-37   0.606   0.9    0.696  0.516     11   20   29   

                                           -------Rating----------------  ----Rank----            
Rank Team                            W-L     KRS    SRS    S-Ix   WRS       S    W    SOS
========================================================================================
 17 Chicago                         34-38   0.603   0.9    0.695  0.512     12   21   6    
 18 Dallas                          36-37   0.602   0.4    0.668  0.536     15   17   15   
 19 Minnesota                       37-37   0.582   -0.3   0.617  0.547     22   14   19   
 20 Atlanta                         36-37   0.581   -0.1   0.634  0.529     18   18   24   
 21 LA Lakers                       36-37   0.580   -0.3   0.621  0.540     21   16   18   
 22 Utah                            35-37   0.565   -0.3   0.622  0.509     20   22   23   
 23 Washington                      32-41   0.515   -0.8   0.588  0.441     23   24   4    
 24 Portland                        32-40   0.480   -1.7   0.526  0.433     24   25   17   

                                           -------Rating----------------  ----Rank----            
Rank Team                            W-L     KRS    SRS    S-Ix   WRS       S    W    SOS
========================================================================================
 25 Indiana                         33-40   0.476   -2.2   0.493  0.458     25   23   11   
 26 Orlando                         31-43   0.431   -2.5   0.475  0.388     26   26   12   
 27 Charlotte                       23-51   0.215   -6.0   0.250  0.179     27   27   3    
 28 Houston                         18-55   0.093   -7.6   0.147  0.039     29   29   5    
 29 Detroit                         16-57   0.082   -7.3   0.164  0.000     28   30   1    
 30 San Antonio                     19-54   0.028   -9.8   0.000  0.056     30   28   8    
</div></pre>
</div>
<div class="tabbertab" title="SOS">
<pre><div id=data>

                                           -------Rating----------------  ----Rank----            
Rank Team                            W-L     KRS    SRS    S-Ix   WRS       S    W    SOS
========================================================================================
  1 Detroit                         16-57   0.082   -7.3   0.164  0.000     28   30   1    
  2 Brooklyn                        39-34   0.670   0.8    0.691  0.648     14   10   2    
  3 Charlotte                       23-51   0.215   -6.0   0.250  0.179     27   27   3    
  4 Washington                      32-41   0.515   -0.8   0.588  0.441     23   24   4    
  5 Houston                         18-55   0.093   -7.6   0.147  0.039     29   29   5    
  6 Chicago                         34-38   0.603   0.9    0.695  0.512     12   21   6    
  7 Miami                           40-34   0.638   -0.2   0.626  0.649     19   9    7    
  8 San Antonio                     19-54   0.028   -9.8   0.000  0.056     30   28   8    

                                           -------Rating----------------  ----Rank----            
Rank Team                            W-L     KRS    SRS    S-Ix   WRS       S    W    SOS
========================================================================================
  9 New York                        42-33   0.752   2.7    0.814  0.690     7    8    9    
 10 Toronto                         35-38   0.608   0.8    0.694  0.522     13   19   10   
 11 Indiana                         33-40   0.476   -2.2   0.493  0.458     25   23   11   
 12 Orlando                         31-43   0.431   -2.5   0.475  0.388     26   26   12   
 13 Cleveland                       47-28   0.913   5.6    1.000  0.826     1    5    13   
 14 Oklahoma City                   36-37   0.630   1.2    0.716  0.545     10   15   14   
 15 Dallas                          36-37   0.602   0.4    0.668  0.536     15   17   15   
 16 Phoenix                         38-34   0.671   1.5    0.738  0.604     9    11   16   

                                           -------Rating----------------  ----Rank----            
Rank Team                            W-L     KRS    SRS    S-Ix   WRS       S    W    SOS
========================================================================================
 17 Portland                        32-40   0.480   -1.7   0.526  0.433     24   25   17   
 18 LA Lakers                       36-37   0.580   -0.3   0.621  0.540     21   16   18   
 19 Minnesota                       37-37   0.582   -0.3   0.617  0.547     22   14   19   
 20 Boston                          50-23   0.962   5.5    0.996  0.929     2    2    20   
 21 Golden State                    38-36   0.614   0.3    0.658  0.570     16   13   21   
 22 Milwaukee                       52-20   0.955   4.2    0.910  1.000     4    1    22   
 23 Utah                            35-37   0.565   -0.3   0.622  0.509     20   22   23   
 24 Atlanta                         36-37   0.581   -0.1   0.634  0.529     18   18   24   

                                           -------Rating----------------  ----Rank----            
Rank Team                            W-L     KRS    SRS    S-Ix   WRS       S    W    SOS
========================================================================================
 25 Philadelphia                    49-23   0.938   5.0    0.965  0.912     3    3    25   
 26 Sacramento                      43-29   0.757   2.1    0.775  0.738     8    7    26   
 27 Memphis                         45-27   0.832   3.6    0.872  0.793     5    6    27   
 28 LA Clippers                     39-35   0.622   0.2    0.652  0.592     17   12   28   
 29 New Orleans                     36-37   0.606   0.9    0.696  0.516     11   20   29   
 30 Denver                          49-24   0.871   3.5    0.865  0.878     6    4    30   
</div></pre>
</div>
	</pre>
	</p>
	</span>
</body>
<body>
<h3>Other links</h3>
<h4>Home</h4>
	<ul>
			<li class="listyle"><a href="https://2skupz.github.io/index.html"> Index</a></li>
	</ul>
</body>
