<html>
<head>
<!-- Global Site Tag (gtag.js) - Google Analytics -->
<title>2024 NBA Rankings</title>
<script type="text/javascript" src="tabber.js">
</script>
<link href="https://fonts.googleapis.com/css?family=Roboto+Slab|Droid+Sans+Mono" rel="stylesheet">
<style>
 body {
			font-family: "Roboto Slab", serif;
			font-size: 12px;
			}
#data {
			font-family: "Droid Sans Mono", serif;
			font-size: 13px;
		}
</style>
<link rel="stylesheet" href="tabbedPage.css" TYPE="text/css" MEDIA="screen">
</head>
<body bgcolor=#fbeec1>
<hr>
<table width=100%>
<tr><td align=left>
<h1 align="center">2024 NBA Rankings</h1>
</td>
</tr></table>
<p>
Standings through 12.05.23
<hr>
<center>
<table width=100% border=1><tr>
<td valign=top>
<div class="tabber">
<div class="tabbertab" title="Ken Power Index">
<pre><div id=data>

                                           -------Rating----------------  ----Rank----            
Rank Team                            W-L     KRS    SRS    S-Ix   WRS       S    W    SOS
========================================================================================
  1 Boston                          15-5    0.995   10.15  1.000  0.989     1    2    2    
  2 Minnesota                       15-4    0.925   7.00   0.851  1.000     4    1    14   
  3 Philadelphia                    12-7    0.886   8.88   0.940  0.832     2    6    1    
  4 Oklahoma City                   13-6    0.864   7.93   0.895  0.832     3    5    22   
  5 Milwaukee                       15-6    0.769   3.57   0.688  0.849     6    3    21   
  6 Orlando                         14-6    0.758   3.44   0.682  0.835     8    4    24   
  7 Denver                          14-7    0.747   3.74   0.696  0.799     5    7    19   
  8 New York                        12-8    0.698   3.53   0.686  0.711     7    8    20   

                                           -------Rating----------------  ----Rank----            
Rank Team                            W-L     KRS    SRS    S-Ix   WRS       S    W    SOS
========================================================================================
  9 Indiana                         11-8    0.665   2.91   0.656  0.673     10   11   17   
 10 Brooklyn                        10-9    0.664   3.39   0.679  0.649     9    15   10   
 11 New Orleans                     12-10   0.616   1.21   0.576  0.655     15   12   15   
 12 Sacramento                      11-8    0.604   -0.43  0.498  0.711     20   9    12   
 13 Cleveland                       11-9    0.596   0.45   0.540  0.651     17   14   9    
 14 Houston                          8-9    0.594   2.28   0.627  0.562     11   19   23   
 15 Miami                           11-9    0.594   0.80   0.556  0.632     16   16   18   
 16 LA Lakers                       13-9    0.591   -0.91  0.475  0.706     22   10   16   

                                           -------Rating----------------  ----Rank----            
Rank Team                            W-L     KRS    SRS    S-Ix   WRS       S    W    SOS
========================================================================================
 17 Golden State                     9-11   0.585   1.90   0.608  0.562     12   20   3    
 18 Atlanta                          9-10   0.572   1.28   0.579  0.565     14   18   7    
 19 Dallas                          11-8    0.568   -0.71  0.485  0.651     21   13   25   
 20 Phoenix                         12-9    0.567   0.32   0.533  0.602     18   17   30   
 21 LA Clippers                      9-10   0.542   1.51   0.590  0.493     13   22   29   
 22 Toronto                          9-11   0.526   -0.19  0.509  0.542     19   21   6    
 23 Chicago                          7-14   0.358   -3.97  0.329  0.387     23   23   5    
 24 Charlotte                        6-12   0.251   -7.47  0.163  0.340     24   24   8    

                                           -------Rating----------------  ----Rank----            
Rank Team                            W-L     KRS    SRS    S-Ix   WRS       S    W    SOS
========================================================================================
 25 Utah                             7-13   0.250   -7.54  0.160  0.339     25   25   27   
 26 Portland                         6-13   0.217   -7.77  0.149  0.285     27   26   26   
 27 Memphis                          5-14   0.173   -7.69  0.153  0.192     26   27   28   
 28 Washington                       3-16   0.119   -7.97  0.139  0.098     28   29   11   
 29 San Antonio                      3-16   0.058   -10.91 0.000  0.116     30   28   4    
 30 Detroit                          2-18   0.052   -8.72  0.104  0.000     29   30   13   
</div></pre>
</div>
<div class="tabbertab" title="Points Based">
<pre><div id=data>

                                           -------Rating----------------  ----Rank----            
Rank Team                            W-L     KRS    SRS    S-Ix   WRS       S    W    SOS
========================================================================================
  1 Boston                          15-5    0.995   10.15  1.000  0.989     1    2    2    
  2 Philadelphia                    12-7    0.886   8.88   0.940  0.832     2    6    1    
  3 Oklahoma City                   13-6    0.864   7.93   0.895  0.832     3    5    22   
  4 Minnesota                       15-4    0.925   7.00   0.851  1.000     4    1    14   
  5 Denver                          14-7    0.747   3.74   0.696  0.799     5    7    19   
  6 Milwaukee                       15-6    0.769   3.57   0.688  0.849     6    3    21   
  7 New York                        12-8    0.698   3.53   0.686  0.711     7    8    20   
  8 Orlando                         14-6    0.758   3.44   0.682  0.835     8    4    24   

                                           -------Rating----------------  ----Rank----            
Rank Team                            W-L     KRS    SRS    S-Ix   WRS       S    W    SOS
========================================================================================
  9 Brooklyn                        10-9    0.664   3.39   0.679  0.649     9    15   10   
 10 Indiana                         11-8    0.665   2.91   0.656  0.673     10   11   17   
 11 Houston                          8-9    0.594   2.28   0.627  0.562     11   19   23   
 12 Golden State                     9-11   0.585   1.90   0.608  0.562     12   20   3    
 13 LA Clippers                      9-10   0.542   1.51   0.590  0.493     13   22   29   
 14 Atlanta                          9-10   0.572   1.28   0.579  0.565     14   18   7    
 15 New Orleans                     12-10   0.616   1.21   0.576  0.655     15   12   15   
 16 Miami                           11-9    0.594   0.80   0.556  0.632     16   16   18   

                                           -------Rating----------------  ----Rank----            
Rank Team                            W-L     KRS    SRS    S-Ix   WRS       S    W    SOS
========================================================================================
 17 Cleveland                       11-9    0.596   0.45   0.540  0.651     17   14   9    
 18 Phoenix                         12-9    0.567   0.32   0.533  0.602     18   17   30   
 19 Toronto                          9-11   0.526   -0.19  0.509  0.542     19   21   6    
 20 Sacramento                      11-8    0.604   -0.43  0.498  0.711     20   9    12   
 21 Dallas                          11-8    0.568   -0.71  0.485  0.651     21   13   25   
 22 LA Lakers                       13-9    0.591   -0.91  0.475  0.706     22   10   16   
 23 Chicago                          7-14   0.358   -3.97  0.329  0.387     23   23   5    
 24 Charlotte                        6-12   0.251   -7.47  0.163  0.340     24   24   8    

                                           -------Rating----------------  ----Rank----            
Rank Team                            W-L     KRS    SRS    S-Ix   WRS       S    W    SOS
========================================================================================
 25 Utah                             7-13   0.250   -7.54  0.160  0.339     25   25   27   
 26 Memphis                          5-14   0.173   -7.69  0.153  0.192     26   27   28   
 27 Portland                         6-13   0.217   -7.77  0.149  0.285     27   26   26   
 28 Washington                       3-16   0.119   -7.97  0.139  0.098     28   29   11   
 29 Detroit                          2-18   0.052   -8.72  0.104  0.000     29   30   13   
 30 San Antonio                      3-16   0.058   -10.91 0.000  0.116     30   28   4    
</div></pre>
</div>
<div class="tabbertab" title="Wins Based">
<pre><div id=data>

                                           -------Rating----------------  ----Rank----            
Rank Team                            W-L     KRS    SRS    S-Ix   WRS       S    W    SOS
========================================================================================
  1 Minnesota                       15-4    0.925   7.00   0.851  1.000     4    1    14   
  2 Boston                          15-5    0.995   10.15  1.000  0.989     1    2    2    
  3 Milwaukee                       15-6    0.769   3.57   0.688  0.849     6    3    21   
  4 Orlando                         14-6    0.758   3.44   0.682  0.835     8    4    24   
  5 Oklahoma City                   13-6    0.864   7.93   0.895  0.832     3    5    22   
  6 Philadelphia                    12-7    0.886   8.88   0.940  0.832     2    6    1    
  7 Denver                          14-7    0.747   3.74   0.696  0.799     5    7    19   
  8 New York                        12-8    0.698   3.53   0.686  0.711     7    8    20   

                                           -------Rating----------------  ----Rank----            
Rank Team                            W-L     KRS    SRS    S-Ix   WRS       S    W    SOS
========================================================================================
  9 Sacramento                      11-8    0.604   -0.43  0.498  0.711     20   9    12   
 10 LA Lakers                       13-9    0.591   -0.91  0.475  0.706     22   10   16   
 11 Indiana                         11-8    0.665   2.91   0.656  0.673     10   11   17   
 12 New Orleans                     12-10   0.616   1.21   0.576  0.655     15   12   15   
 13 Dallas                          11-8    0.568   -0.71  0.485  0.651     21   13   25   
 14 Cleveland                       11-9    0.596   0.45   0.540  0.651     17   14   9    
 15 Brooklyn                        10-9    0.664   3.39   0.679  0.649     9    15   10   
 16 Miami                           11-9    0.594   0.80   0.556  0.632     16   16   18   

                                           -------Rating----------------  ----Rank----            
Rank Team                            W-L     KRS    SRS    S-Ix   WRS       S    W    SOS
========================================================================================
 17 Phoenix                         12-9    0.567   0.32   0.533  0.602     18   17   30   
 18 Atlanta                          9-10   0.572   1.28   0.579  0.565     14   18   7    
 19 Houston                          8-9    0.594   2.28   0.627  0.562     11   19   23   
 20 Golden State                     9-11   0.585   1.90   0.608  0.562     12   20   3    
 21 Toronto                          9-11   0.526   -0.19  0.509  0.542     19   21   6    
 22 LA Clippers                      9-10   0.542   1.51   0.590  0.493     13   22   29   
 23 Chicago                          7-14   0.358   -3.97  0.329  0.387     23   23   5    
 24 Charlotte                        6-12   0.251   -7.47  0.163  0.340     24   24   8    

                                           -------Rating----------------  ----Rank----            
Rank Team                            W-L     KRS    SRS    S-Ix   WRS       S    W    SOS
========================================================================================
 25 Utah                             7-13   0.250   -7.54  0.160  0.339     25   25   27   
 26 Portland                         6-13   0.217   -7.77  0.149  0.285     27   26   26   
 27 Memphis                          5-14   0.173   -7.69  0.153  0.192     26   27   28   
 28 San Antonio                      3-16   0.058   -10.91 0.000  0.116     30   28   4    
 29 Washington                       3-16   0.119   -7.97  0.139  0.098     28   29   11   
 30 Detroit                          2-18   0.052   -8.72  0.104  0.000     29   30   13   
</div></pre>
</div>
<div class="tabbertab" title="BCS">
<pre><div id=data>

                                           -------Rating----------------  ----Rank----            
Rank Team                            W-L     KRS    SRS    S-Ix   WRS       S    W    SOS
========================================================================================
  1 Boston                          15-5    0.995   10.15  1.000  0.989     1    2    2    
  2 Minnesota                       15-4    0.925   7.00   0.851  1.000     4    1    14   
  3 Philadelphia                    12-7    0.886   8.88   0.940  0.832     2    6    1    
  4 Oklahoma City                   13-6    0.864   7.93   0.895  0.832     3    5    22   
  5 Milwaukee                       15-6    0.769   3.57   0.688  0.849     6    3    21   
  6 Orlando                         14-6    0.758   3.44   0.682  0.835     8    4    24   
  7 Denver                          14-7    0.747   3.74   0.696  0.799     5    7    19   
  8 New York                        12-8    0.698   3.53   0.686  0.711     7    8    20   

                                           -------Rating----------------  ----Rank----            
Rank Team                            W-L     KRS    SRS    S-Ix   WRS       S    W    SOS
========================================================================================
  9 Indiana                         11-8    0.665   2.91   0.656  0.673     10   11   17   
 10 Brooklyn                        10-9    0.664   3.39   0.679  0.649     9    15   10   
 11 New Orleans                     12-10   0.616   1.21   0.576  0.655     15   12   15   
 12 Sacramento                      11-8    0.604   -0.43  0.498  0.711     20   9    12   
 13 Cleveland                       11-9    0.596   0.45   0.540  0.651     17   14   9    
 14 Houston                          8-9    0.594   2.28   0.627  0.562     11   19   23   
 15 Miami                           11-9    0.594   0.80   0.556  0.632     16   16   18   
 16 LA Lakers                       13-9    0.591   -0.91  0.475  0.706     22   10   16   

                                           -------Rating----------------  ----Rank----            
Rank Team                            W-L     KRS    SRS    S-Ix   WRS       S    W    SOS
========================================================================================
 17 Golden State                     9-11   0.585   1.90   0.608  0.562     12   20   3    
 18 Atlanta                          9-10   0.572   1.28   0.579  0.565     14   18   7    
 19 Dallas                          11-8    0.568   -0.71  0.485  0.651     21   13   25   
 20 Phoenix                         12-9    0.567   0.32   0.533  0.602     18   17   30   
 21 LA Clippers                      9-10   0.542   1.51   0.590  0.493     13   22   29   
 22 Toronto                          9-11   0.526   -0.19  0.509  0.542     19   21   6    
 23 Chicago                          7-14   0.358   -3.97  0.329  0.387     23   23   5    
 24 Charlotte                        6-12   0.251   -7.47  0.163  0.340     24   24   8    

                                           -------Rating----------------  ----Rank----            
Rank Team                            W-L     KRS    SRS    S-Ix   WRS       S    W    SOS
========================================================================================
 25 Utah                             7-13   0.250   -7.54  0.160  0.339     25   25   27   
 26 Portland                         6-13   0.217   -7.77  0.149  0.285     27   26   26   
 27 Memphis                          5-14   0.173   -7.69  0.153  0.192     26   27   28   
 28 Washington                       3-16   0.119   -7.97  0.139  0.098     28   29   11   
 29 San Antonio                      3-16   0.058   -10.91 0.000  0.116     30   28   4    
 30 Detroit                          2-18   0.052   -8.72  0.104  0.000     29   30   13   
</div></pre>
</div>
<div class="tabbertab" title="SOS">
<pre><div id=data>

                                           -------Rating----------------  ----Rank----            
Rank Team                            W-L     KRS    SRS    S-Ix   WRS       S    W    SOS
========================================================================================
  1 Philadelphia                    12-7    0.886   8.88   0.940  0.832     2    6    1    
  2 Boston                          15-5    0.995   10.15  1.000  0.989     1    2    2    
  3 Golden State                     9-11   0.585   1.90   0.608  0.562     12   20   3    
  4 San Antonio                      3-16   0.058   -10.91 0.000  0.116     30   28   4    
  5 Chicago                          7-14   0.358   -3.97  0.329  0.387     23   23   5    
  6 Toronto                          9-11   0.526   -0.19  0.509  0.542     19   21   6    
  7 Atlanta                          9-10   0.572   1.28   0.579  0.565     14   18   7    
  8 Charlotte                        6-12   0.251   -7.47  0.163  0.340     24   24   8    

                                           -------Rating----------------  ----Rank----            
Rank Team                            W-L     KRS    SRS    S-Ix   WRS       S    W    SOS
========================================================================================
  9 Cleveland                       11-9    0.596   0.45   0.540  0.651     17   14   9    
 10 Brooklyn                        10-9    0.664   3.39   0.679  0.649     9    15   10   
 11 Washington                       3-16   0.119   -7.97  0.139  0.098     28   29   11   
 12 Sacramento                      11-8    0.604   -0.43  0.498  0.711     20   9    12   
 13 Detroit                          2-18   0.052   -8.72  0.104  0.000     29   30   13   
 14 Minnesota                       15-4    0.925   7.00   0.851  1.000     4    1    14   
 15 New Orleans                     12-10   0.616   1.21   0.576  0.655     15   12   15   
 16 LA Lakers                       13-9    0.591   -0.91  0.475  0.706     22   10   16   

                                           -------Rating----------------  ----Rank----            
Rank Team                            W-L     KRS    SRS    S-Ix   WRS       S    W    SOS
========================================================================================
 17 Indiana                         11-8    0.665   2.91   0.656  0.673     10   11   17   
 18 Miami                           11-9    0.594   0.80   0.556  0.632     16   16   18   
 19 Denver                          14-7    0.747   3.74   0.696  0.799     5    7    19   
 20 New York                        12-8    0.698   3.53   0.686  0.711     7    8    20   
 21 Milwaukee                       15-6    0.769   3.57   0.688  0.849     6    3    21   
 22 Oklahoma City                   13-6    0.864   7.93   0.895  0.832     3    5    22   
 23 Houston                          8-9    0.594   2.28   0.627  0.562     11   19   23   
 24 Orlando                         14-6    0.758   3.44   0.682  0.835     8    4    24   

                                           -------Rating----------------  ----Rank----            
Rank Team                            W-L     KRS    SRS    S-Ix   WRS       S    W    SOS
========================================================================================
 25 Dallas                          11-8    0.568   -0.71  0.485  0.651     21   13   25   
 26 Portland                         6-13   0.217   -7.77  0.149  0.285     27   26   26   
 27 Utah                             7-13   0.250   -7.54  0.160  0.339     25   25   27   
 28 Memphis                          5-14   0.173   -7.69  0.153  0.192     26   27   28   
 29 LA Clippers                      9-10   0.542   1.51   0.590  0.493     13   22   29   
 30 Phoenix                         12-9    0.567   0.32   0.533  0.602     18   17   30   
</div></pre>
</div>
	</pre>
	</p>
	</span>
</body>
<body>
<h3>Other links</h3>
<h4>Home</h4>
	<ul>
			<li class="listyle"><a href="https://2skupz.github.io/index.html"> Index</a></li>
	</ul>
</body>
