<html>
<head>
<!-- Global Site Tag (gtag.js) - Google Analytics -->
<title>2023 NBA Rankings</title>
<script type="text/javascript" src="tabber.js">
</script>
<link href="https://fonts.googleapis.com/css?family=Roboto+Slab|Droid+Sans+Mono" rel="stylesheet">
<style>
 body {
			font-family: "Roboto Slab", serif;
			font-size: 12px;
			}
#data {
			font-family: "Droid Sans Mono", serif;
			font-size: 13px;
		}
</style>
<link rel="stylesheet" href="tabbedPage.css" TYPE="text/css" MEDIA="screen">
</head>
<body bgcolor=#fbeec1>
<hr>
<table width=100%>
<tr><td align=left>
<h1 align="center">2023 NBA Rankings</h1>
</td>
</tr></table>
<p>
Standings through 12.27.22
<hr>
<center>
<table width=100% border=1><tr>
<td valign=top>
<div class="tabber">
<div class="tabbertab" title="Ken Power Index">
<pre><div id=data>

                                           -------Rating----------------  ----Rank----            
Rank Team                            W-L     KRS    SRS    S-Ix   WRS       S    W    SOS
========================================================================================
  1 Boston                          25-10   1.000   6.4    1.000  1.000     1    1    25   
  2 New Orleans                     21-12   0.883   5.0    0.909  0.858     3    5    23   
  3 Cleveland                       22-13   0.882   5.4    0.935  0.829     2    6    19   
  4 Brooklyn                        22-12   0.844   3.3    0.803  0.885     6    4    9    
  5 Milwaukee                       22-11   0.839   2.6    0.759  0.920     8    2    12   
  6 Memphis                         20-13   0.812   3.7    0.826  0.799     5    7    13   
  7 Phoenix                         20-15   0.793   4.2    0.862  0.724     4    9    17   
  8 Denver                          22-11   0.782   1.3    0.677  0.888     11   3    28   

                                           -------Rating----------------  ----Rank----            
Rank Team                            W-L     KRS    SRS    S-Ix   WRS       S    W    SOS
========================================================================================
  9 Philadelphia                    20-13   0.766   3.1    0.791  0.740     7    8    27   
 10 Dallas                          19-16   0.727   2.6    0.756  0.697     9    10   3    
 11 New York                        18-17   0.665   2.4    0.742  0.588     10   15   8    
 12 Utah                            19-17   0.648   1.0    0.656  0.639     13   12   15   
 13 Sacramento                      17-15   0.639   1.3    0.671  0.606     12   14   24   
 14 Portland                        18-16   0.620   0.2    0.603  0.637     15   13   18   
 15 LA Clippers                     21-15   0.615   -0.5   0.560  0.670     16   11   30   
 16 Indiana                         18-17   0.552   -1.0   0.526  0.578     20   16   21   

                                           -------Rating----------------  ----Rank----            
Rank Team                            W-L     KRS    SRS    S-Ix   WRS       S    W    SOS
========================================================================================
 17 Toronto                         15-19   0.539   0.6    0.631  0.447     14   22   4    
 18 Golden State                    17-18   0.538   -0.6   0.550  0.525     17   17   11   
 19 Atlanta                         17-17   0.517   -1.1   0.523  0.512     21   18   22   
 20 Oklahoma City                   15-19   0.506   -0.7   0.545  0.467     18   21   7    
 21 Miami                           17-17   0.491   -1.8   0.479  0.504     23   19   29   
 22 Minnesota                       16-18   0.489   -1.4   0.503  0.475     22   20   26   
 23 Chicago                         14-19   0.477   -1.0   0.531  0.423     19   23   2    
 24 LA Lakers                       14-20   0.422   -1.9   0.472  0.372     24   24   20   

                                           -------Rating----------------  ----Rank----            
Rank Team                            W-L     KRS    SRS    S-Ix   WRS       S    W    SOS
========================================================================================
 25 Washington                      14-21   0.415   -1.9   0.469  0.362     25   25   5    
 26 Orlando                         13-22   0.323   -3.2   0.389  0.258     26   26   10   
 27 Houston                         10-24   0.196   -5.4   0.246  0.145     27   28   6    
 28 Charlotte                        9-26   0.093   -6.8   0.162  0.025     29   29   14   
 29 Detroit                          8-28   0.086   -6.6   0.171  0.000     28   30   1    
 30 San Antonio                     11-23   0.082   -9.3   0.000  0.165     30   27   16   
</div></pre>
</div>
<div class="tabbertab" title="Points Based">
<pre><div id=data>

                                           -------Rating----------------  ----Rank----            
Rank Team                            W-L     KRS    SRS    S-Ix   WRS       S    W    SOS
========================================================================================
  1 Boston                          25-10   1.000   6.4    1.000  1.000     1    1    25   
  2 Cleveland                       22-13   0.882   5.4    0.935  0.829     2    6    19   
  3 New Orleans                     21-12   0.883   5.0    0.909  0.858     3    5    23   
  4 Phoenix                         20-15   0.793   4.2    0.862  0.724     4    9    17   
  5 Memphis                         20-13   0.812   3.7    0.826  0.799     5    7    13   
  6 Brooklyn                        22-12   0.844   3.3    0.803  0.885     6    4    9    
  7 Philadelphia                    20-13   0.766   3.1    0.791  0.740     7    8    27   
  8 Milwaukee                       22-11   0.839   2.6    0.759  0.920     8    2    12   

                                           -------Rating----------------  ----Rank----            
Rank Team                            W-L     KRS    SRS    S-Ix   WRS       S    W    SOS
========================================================================================
  9 Dallas                          19-16   0.727   2.6    0.756  0.697     9    10   3    
 10 New York                        18-17   0.665   2.4    0.742  0.588     10   15   8    
 11 Denver                          22-11   0.782   1.3    0.677  0.888     11   3    28   
 12 Sacramento                      17-15   0.639   1.3    0.671  0.606     12   14   24   
 13 Utah                            19-17   0.648   1.0    0.656  0.639     13   12   15   
 14 Toronto                         15-19   0.539   0.6    0.631  0.447     14   22   4    
 15 Portland                        18-16   0.620   0.2    0.603  0.637     15   13   18   
 16 LA Clippers                     21-15   0.615   -0.5   0.560  0.670     16   11   30   

                                           -------Rating----------------  ----Rank----            
Rank Team                            W-L     KRS    SRS    S-Ix   WRS       S    W    SOS
========================================================================================
 17 Golden State                    17-18   0.538   -0.6   0.550  0.525     17   17   11   
 18 Oklahoma City                   15-19   0.506   -0.7   0.545  0.467     18   21   7    
 19 Chicago                         14-19   0.477   -1.0   0.531  0.423     19   23   2    
 20 Indiana                         18-17   0.552   -1.0   0.526  0.578     20   16   21   
 21 Atlanta                         17-17   0.517   -1.1   0.523  0.512     21   18   22   
 22 Minnesota                       16-18   0.489   -1.4   0.503  0.475     22   20   26   
 23 Miami                           17-17   0.491   -1.8   0.479  0.504     23   19   29   
 24 LA Lakers                       14-20   0.422   -1.9   0.472  0.372     24   24   20   

                                           -------Rating----------------  ----Rank----            
Rank Team                            W-L     KRS    SRS    S-Ix   WRS       S    W    SOS
========================================================================================
 25 Washington                      14-21   0.415   -1.9   0.469  0.362     25   25   5    
 26 Orlando                         13-22   0.323   -3.2   0.389  0.258     26   26   10   
 27 Houston                         10-24   0.196   -5.4   0.246  0.145     27   28   6    
 28 Detroit                          8-28   0.086   -6.6   0.171  0.000     28   30   1    
 29 Charlotte                        9-26   0.093   -6.8   0.162  0.025     29   29   14   
 30 San Antonio                     11-23   0.082   -9.3   0.000  0.165     30   27   16   
</div></pre>
</div>
<div class="tabbertab" title="Wins Based">
<pre><div id=data>

                                           -------Rating----------------  ----Rank----            
Rank Team                            W-L     KRS    SRS    S-Ix   WRS       S    W    SOS
========================================================================================
  1 Boston                          25-10   1.000   6.4    1.000  1.000     1    1    25   
  2 Milwaukee                       22-11   0.839   2.6    0.759  0.920     8    2    12   
  3 Denver                          22-11   0.782   1.3    0.677  0.888     11   3    28   
  4 Brooklyn                        22-12   0.844   3.3    0.803  0.885     6    4    9    
  5 New Orleans                     21-12   0.883   5.0    0.909  0.858     3    5    23   
  6 Cleveland                       22-13   0.882   5.4    0.935  0.829     2    6    19   
  7 Memphis                         20-13   0.812   3.7    0.826  0.799     5    7    13   
  8 Philadelphia                    20-13   0.766   3.1    0.791  0.740     7    8    27   

                                           -------Rating----------------  ----Rank----            
Rank Team                            W-L     KRS    SRS    S-Ix   WRS       S    W    SOS
========================================================================================
  9 Phoenix                         20-15   0.793   4.2    0.862  0.724     4    9    17   
 10 Dallas                          19-16   0.727   2.6    0.756  0.697     9    10   3    
 11 LA Clippers                     21-15   0.615   -0.5   0.560  0.670     16   11   30   
 12 Utah                            19-17   0.648   1.0    0.656  0.639     13   12   15   
 13 Portland                        18-16   0.620   0.2    0.603  0.637     15   13   18   
 14 Sacramento                      17-15   0.639   1.3    0.671  0.606     12   14   24   
 15 New York                        18-17   0.665   2.4    0.742  0.588     10   15   8    
 16 Indiana                         18-17   0.552   -1.0   0.526  0.578     20   16   21   

                                           -------Rating----------------  ----Rank----            
Rank Team                            W-L     KRS    SRS    S-Ix   WRS       S    W    SOS
========================================================================================
 17 Golden State                    17-18   0.538   -0.6   0.550  0.525     17   17   11   
 18 Atlanta                         17-17   0.517   -1.1   0.523  0.512     21   18   22   
 19 Miami                           17-17   0.491   -1.8   0.479  0.504     23   19   29   
 20 Minnesota                       16-18   0.489   -1.4   0.503  0.475     22   20   26   
 21 Oklahoma City                   15-19   0.506   -0.7   0.545  0.467     18   21   7    
 22 Toronto                         15-19   0.539   0.6    0.631  0.447     14   22   4    
 23 Chicago                         14-19   0.477   -1.0   0.531  0.423     19   23   2    
 24 LA Lakers                       14-20   0.422   -1.9   0.472  0.372     24   24   20   

                                           -------Rating----------------  ----Rank----            
Rank Team                            W-L     KRS    SRS    S-Ix   WRS       S    W    SOS
========================================================================================
 25 Washington                      14-21   0.415   -1.9   0.469  0.362     25   25   5    
 26 Orlando                         13-22   0.323   -3.2   0.389  0.258     26   26   10   
 27 San Antonio                     11-23   0.082   -9.3   0.000  0.165     30   27   16   
 28 Houston                         10-24   0.196   -5.4   0.246  0.145     27   28   6    
 29 Charlotte                        9-26   0.093   -6.8   0.162  0.025     29   29   14   
 30 Detroit                          8-28   0.086   -6.6   0.171  0.000     28   30   1    
</div></pre>
</div>
<div class="tabbertab" title="BCS">
<pre><div id=data>

                                           -------Rating----------------  ----Rank----            
Rank Team                            W-L     KRS    SRS    S-Ix   WRS       S    W    SOS
========================================================================================
  1 Boston                          25-10   1.000   6.4    1.000  1.000     1    1    25   
  2 New Orleans                     21-12   0.883   5.0    0.909  0.858     3    5    23   
  3 Cleveland                       22-13   0.882   5.4    0.935  0.829     2    6    19   
  4 Brooklyn                        22-12   0.844   3.3    0.803  0.885     6    4    9    
  5 Milwaukee                       22-11   0.839   2.6    0.759  0.920     8    2    12   
  6 Memphis                         20-13   0.812   3.7    0.826  0.799     5    7    13   
  7 Phoenix                         20-15   0.793   4.2    0.862  0.724     4    9    17   
  8 Denver                          22-11   0.782   1.3    0.677  0.888     11   3    28   

                                           -------Rating----------------  ----Rank----            
Rank Team                            W-L     KRS    SRS    S-Ix   WRS       S    W    SOS
========================================================================================
  9 Philadelphia                    20-13   0.766   3.1    0.791  0.740     7    8    27   
 10 Dallas                          19-16   0.727   2.6    0.756  0.697     9    10   3    
 11 New York                        18-17   0.665   2.4    0.742  0.588     10   15   8    
 12 Utah                            19-17   0.648   1.0    0.656  0.639     13   12   15   
 13 Sacramento                      17-15   0.639   1.3    0.671  0.606     12   14   24   
 14 Portland                        18-16   0.620   0.2    0.603  0.637     15   13   18   
 15 LA Clippers                     21-15   0.615   -0.5   0.560  0.670     16   11   30   
 16 Indiana                         18-17   0.552   -1.0   0.526  0.578     20   16   21   

                                           -------Rating----------------  ----Rank----            
Rank Team                            W-L     KRS    SRS    S-Ix   WRS       S    W    SOS
========================================================================================
 17 Toronto                         15-19   0.539   0.6    0.631  0.447     14   22   4    
 18 Golden State                    17-18   0.538   -0.6   0.550  0.525     17   17   11   
 19 Atlanta                         17-17   0.517   -1.1   0.523  0.512     21   18   22   
 20 Oklahoma City                   15-19   0.506   -0.7   0.545  0.467     18   21   7    
 21 Miami                           17-17   0.491   -1.8   0.479  0.504     23   19   29   
 22 Minnesota                       16-18   0.489   -1.4   0.503  0.475     22   20   26   
 23 Chicago                         14-19   0.477   -1.0   0.531  0.423     19   23   2    
 24 LA Lakers                       14-20   0.422   -1.9   0.472  0.372     24   24   20   

                                           -------Rating----------------  ----Rank----            
Rank Team                            W-L     KRS    SRS    S-Ix   WRS       S    W    SOS
========================================================================================
 25 Washington                      14-21   0.415   -1.9   0.469  0.362     25   25   5    
 26 Orlando                         13-22   0.323   -3.2   0.389  0.258     26   26   10   
 27 Houston                         10-24   0.196   -5.4   0.246  0.145     27   28   6    
 28 Charlotte                        9-26   0.093   -6.8   0.162  0.025     29   29   14   
 29 Detroit                          8-28   0.086   -6.6   0.171  0.000     28   30   1    
 30 San Antonio                     11-23   0.082   -9.3   0.000  0.165     30   27   16   
</div></pre>
</div>
<div class="tabbertab" title="SOS">
<pre><div id=data>

                                           -------Rating----------------  ----Rank----            
Rank Team                            W-L     KRS    SRS    S-Ix   WRS       S    W    SOS
========================================================================================
  1 Detroit                          8-28   0.086   -6.6   0.171  0.000     28   30   1    
  2 Chicago                         14-19   0.477   -1.0   0.531  0.423     19   23   2    
  3 Dallas                          19-16   0.727   2.6    0.756  0.697     9    10   3    
  4 Toronto                         15-19   0.539   0.6    0.631  0.447     14   22   4    
  5 Washington                      14-21   0.415   -1.9   0.469  0.362     25   25   5    
  6 Houston                         10-24   0.196   -5.4   0.246  0.145     27   28   6    
  7 Oklahoma City                   15-19   0.506   -0.7   0.545  0.467     18   21   7    
  8 New York                        18-17   0.665   2.4    0.742  0.588     10   15   8    

                                           -------Rating----------------  ----Rank----            
Rank Team                            W-L     KRS    SRS    S-Ix   WRS       S    W    SOS
========================================================================================
  9 Brooklyn                        22-12   0.844   3.3    0.803  0.885     6    4    9    
 10 Orlando                         13-22   0.323   -3.2   0.389  0.258     26   26   10   
 11 Golden State                    17-18   0.538   -0.6   0.550  0.525     17   17   11   
 12 Milwaukee                       22-11   0.839   2.6    0.759  0.920     8    2    12   
 13 Memphis                         20-13   0.812   3.7    0.826  0.799     5    7    13   
 14 Charlotte                        9-26   0.093   -6.8   0.162  0.025     29   29   14   
 15 Utah                            19-17   0.648   1.0    0.656  0.639     13   12   15   
 16 San Antonio                     11-23   0.082   -9.3   0.000  0.165     30   27   16   

                                           -------Rating----------------  ----Rank----            
Rank Team                            W-L     KRS    SRS    S-Ix   WRS       S    W    SOS
========================================================================================
 17 Phoenix                         20-15   0.793   4.2    0.862  0.724     4    9    17   
 18 Portland                        18-16   0.620   0.2    0.603  0.637     15   13   18   
 19 Cleveland                       22-13   0.882   5.4    0.935  0.829     2    6    19   
 20 LA Lakers                       14-20   0.422   -1.9   0.472  0.372     24   24   20   
 21 Indiana                         18-17   0.552   -1.0   0.526  0.578     20   16   21   
 22 Atlanta                         17-17   0.517   -1.1   0.523  0.512     21   18   22   
 23 New Orleans                     21-12   0.883   5.0    0.909  0.858     3    5    23   
 24 Sacramento                      17-15   0.639   1.3    0.671  0.606     12   14   24   

                                           -------Rating----------------  ----Rank----            
Rank Team                            W-L     KRS    SRS    S-Ix   WRS       S    W    SOS
========================================================================================
 25 Boston                          25-10   1.000   6.4    1.000  1.000     1    1    25   
 26 Minnesota                       16-18   0.489   -1.4   0.503  0.475     22   20   26   
 27 Philadelphia                    20-13   0.766   3.1    0.791  0.740     7    8    27   
 28 Denver                          22-11   0.782   1.3    0.677  0.888     11   3    28   
 29 Miami                           17-17   0.491   -1.8   0.479  0.504     23   19   29   
 30 LA Clippers                     21-15   0.615   -0.5   0.560  0.670     16   11   30   
</div></pre>
</div>
	</pre>
	</p>
	</span>
</body>
<body>
<h3>Other links</h3>
<h4>Pro</h4>
	<ul>
			<li class="listyle"><a href="https://2skupz.github.io/nflKpi.html"> NFL</a></li>
			<li class="listyle"><a href="https://2skupz.github.io/nbaKpi.html"> NBA</a></li>
			<li class="listyle"><a href="https://2skupz.github.io/nhlKpi.html"> NHL</a></li>
	</ul>
<h4>Football</h4>
	<ul>
			<li class="listyle"><a href="https://2skupz.github.io/fbD1Rankings.html"> Division I</a></li>
			<li class="listyle"><a href="https://2skupz.github.io/fbFBSRankings.html"> Division I - FBS</a></li>
			<li class="listyle"><a href="https://2skupz.github.io/fbFCSRankings.html"> Division I - FCS</a></li>
			<li class="listyle"><a href="https://2skupz.github.io/fbD2Rankings.html"> Division II</a></li>
			<li class="listyle"><a href="https://2skupz.github.io/fbD3Rankings.html"> Division III</a></li>
	</ul>
<h4>Baseball</h4>
	<ul>
			<li class="listyle"><a href="https://2skupz.github.io/mlbPlayoffOdds.html"> MLB Playoff Odds</a></li>
			<li class="listyle"><a href="https://2skupz.github.io/baseD1Rankings.html"> Division 1</a></li>
			<li class="listyle"><a href="https://2skupz.github.io/baseD1Rankings.html"> Division 2</a></li>
			<li class="listyle"><a href="https://2skupz.github.io/baseD1Rankings.html"> Division 3</a></li>
	</ul>
<h4>Men's College Basketball</h4>
	<ul>
			<li class="listyle"><a href="https://2skupz.github.io/d1MbbRankings.html"> Division 1</a></li>
			<li class="listyle"><a href="https://2skupz.github.io/d2MbbRankings.html"> Division 2</a></li>
			<li class="listyle"><a href="https://2skupz.github.io/d3MbbRankings.html"> Division 3</a></li>
			<li class="listyle"><a href="https://2skupz.github.io/uSportMbbRankings.html"> U Sports</a></li>
	</ul>
<h4>Women's College Basketball</h4>
	<ul>
			<li class="listyle"><a href="https://2skupz.github.io/d1WbbRankings.html"> Division 1</a></li>
			<li class="listyle"><a href="https://2skupz.github.io/d2WbbRankings.html"> Division 2</a></li>
			<li class="listyle"><a href="https://2skupz.github.io/d3WbbRankings.html"> Division 3</a></li>
			<li class="listyle"><a href="https://2skupz.github.io/uSportsWbbRankings.html"> U Sports</a></li>
	</ul>
</body>
