<html>
<head>
<!-- Global Site Tag (gtag.js) - Google Analytics -->
<title>2023 NBA Rankings</title>
<script type="text/javascript" src="tabber.js">
</script>
<link href="https://fonts.googleapis.com/css?family=Roboto+Slab|Droid+Sans+Mono" rel="stylesheet">
<style>
 body {
			font-family: "Roboto Slab", serif;
			font-size: 12px;
			}
#data {
			font-family: "Droid Sans Mono", serif;
			font-size: 13px;
		}
</style>
<link rel="stylesheet" href="tabbedPage.css" TYPE="text/css" MEDIA="screen">
</head>
<body bgcolor=#fbeec1>
<hr>
<table width=100%>
<tr><td align=left>
<h1 align="center">2023 NBA Rankings</h1>
</td>
</tr></table>
<p>
Standings through 03.20.23
<hr>
<center>
<table width=100% border=1><tr>
<td valign=top>
<div class="tabber">
<div class="tabbertab" title="Ken Power Index">
<pre><div id=data>

                                           -------Rating----------------  ----Rank----            
Rank Team                            W-L     KRS    SRS    S-Ix   WRS       S    W    SOS
========================================================================================
  1 Boston                          49-23   0.947   5.2    0.976  0.918     2    2    23   
  2 Milwaukee                       51-20   0.942   3.9    0.884  1.000     4    1    16   
  3 Philadelphia                    48-23   0.923   4.7    0.942  0.904     3    3    27   
  4 Cleveland                       45-28   0.901   5.6    1.000  0.803     1    5    13   
  5 Denver                          48-24   0.859   3.3    0.849  0.869     6    4    30   
  6 Memphis                         44-27   0.831   3.7    0.873  0.789     5    6    26   
  7 New York                        42-31   0.773   3.0    0.823  0.723     7    8    5    
  8 Sacramento                      43-28   0.766   2.4    0.783  0.749     8    7    29   

                                           -------Rating----------------  ----Rank----            
Rank Team                            W-L     KRS    SRS    S-Ix   WRS       S    W    SOS
========================================================================================
  9 Phoenix                         38-33   0.677   1.7    0.737  0.617     9    11   19   
 10 Brooklyn                        39-32   0.674   0.8    0.676  0.673     13   9    3    
 11 Oklahoma City                   35-36   0.632   1.5    0.724  0.540     10   15   14   
 12 Miami                           39-34   0.616   -0.3   0.600  0.631     20   10   8    
 13 Toronto                         35-37   0.610   0.9    0.686  0.534     12   16   6    
 14 Chicago                         34-37   0.609   1.1    0.700  0.519     11   21   9    
 15 LA Clippers                     38-34   0.604   -0.1   0.617  0.592     18   12   28   
 16 Dallas                          36-36   0.600   0.5    0.654  0.547     14   14   15   

                                           -------Rating----------------  ----Rank----            
Rank Team                            W-L     KRS    SRS    S-Ix   WRS       S    W    SOS
========================================================================================
 17 Golden State                    37-36   0.597   0.3    0.640  0.554     16   13   22   
 18 New Orleans                     34-37   0.571   0.4    0.649  0.494     15   22   24   
 19 Utah                            35-36   0.569   -0.1   0.618  0.521     17   20   25   
 20 Atlanta                         35-36   0.566   -0.4   0.598  0.534     21   17   21   
 21 Minnesota                       36-37   0.565   -0.3   0.600  0.531     19   18   18   
 22 LA Lakers                       35-37   0.556   -0.5   0.591  0.522     22   19   20   
 23 Washington                      32-39   0.526   -0.5   0.589  0.462     23   23   4    
 24 Portland                        31-40   0.453   -1.9   0.493  0.414     24   25   17   

                                           -------Rating----------------  ----Rank----            
Rank Team                            W-L     KRS    SRS    S-Ix   WRS       S    W    SOS
========================================================================================
 25 Indiana                         32-40   0.452   -2.3   0.464  0.439     25   24   11   
 26 Orlando                         29-43   0.390   -2.8   0.430  0.350     26   26   12   
 27 Charlotte                       23-50   0.206   -5.8   0.228  0.183     27   27   2    
 28 Detroit                         16-56   0.074   -7.0   0.148  0.000     28   30   1    
 29 Houston                         18-54   0.070   -7.7   0.105  0.035     29   29   7    
 30 San Antonio                     19-52   0.029   -9.2   0.000  0.058     30   28   10   
</div></pre>
</div>
<div class="tabbertab" title="Points Based">
<pre><div id=data>

                                           -------Rating----------------  ----Rank----            
Rank Team                            W-L     KRS    SRS    S-Ix   WRS       S    W    SOS
========================================================================================
  1 Cleveland                       45-28   0.901   5.6    1.000  0.803     1    5    13   
  2 Boston                          49-23   0.947   5.2    0.976  0.918     2    2    23   
  3 Philadelphia                    48-23   0.923   4.7    0.942  0.904     3    3    27   
  4 Milwaukee                       51-20   0.942   3.9    0.884  1.000     4    1    16   
  5 Memphis                         44-27   0.831   3.7    0.873  0.789     5    6    26   
  6 Denver                          48-24   0.859   3.3    0.849  0.869     6    4    30   
  7 New York                        42-31   0.773   3.0    0.823  0.723     7    8    5    
  8 Sacramento                      43-28   0.766   2.4    0.783  0.749     8    7    29   

                                           -------Rating----------------  ----Rank----            
Rank Team                            W-L     KRS    SRS    S-Ix   WRS       S    W    SOS
========================================================================================
  9 Phoenix                         38-33   0.677   1.7    0.737  0.617     9    11   19   
 10 Oklahoma City                   35-36   0.632   1.5    0.724  0.540     10   15   14   
 11 Chicago                         34-37   0.609   1.1    0.700  0.519     11   21   9    
 12 Toronto                         35-37   0.610   0.9    0.686  0.534     12   16   6    
 13 Brooklyn                        39-32   0.674   0.8    0.676  0.673     13   9    3    
 14 Dallas                          36-36   0.600   0.5    0.654  0.547     14   14   15   
 15 New Orleans                     34-37   0.571   0.4    0.649  0.494     15   22   24   
 16 Golden State                    37-36   0.597   0.3    0.640  0.554     16   13   22   

                                           -------Rating----------------  ----Rank----            
Rank Team                            W-L     KRS    SRS    S-Ix   WRS       S    W    SOS
========================================================================================
 17 Utah                            35-36   0.569   -0.1   0.618  0.521     17   20   25   
 18 LA Clippers                     38-34   0.604   -0.1   0.617  0.592     18   12   28   
 19 Minnesota                       36-37   0.565   -0.3   0.600  0.531     19   18   18   
 20 Miami                           39-34   0.616   -0.3   0.600  0.631     20   10   8    
 21 Atlanta                         35-36   0.566   -0.4   0.598  0.534     21   17   21   
 22 LA Lakers                       35-37   0.556   -0.5   0.591  0.522     22   19   20   
 23 Washington                      32-39   0.526   -0.5   0.589  0.462     23   23   4    
 24 Portland                        31-40   0.453   -1.9   0.493  0.414     24   25   17   

                                           -------Rating----------------  ----Rank----            
Rank Team                            W-L     KRS    SRS    S-Ix   WRS       S    W    SOS
========================================================================================
 25 Indiana                         32-40   0.452   -2.3   0.464  0.439     25   24   11   
 26 Orlando                         29-43   0.390   -2.8   0.430  0.350     26   26   12   
 27 Charlotte                       23-50   0.206   -5.8   0.228  0.183     27   27   2    
 28 Detroit                         16-56   0.074   -7.0   0.148  0.000     28   30   1    
 29 Houston                         18-54   0.070   -7.7   0.105  0.035     29   29   7    
 30 San Antonio                     19-52   0.029   -9.2   0.000  0.058     30   28   10   
</div></pre>
</div>
<div class="tabbertab" title="Wins Based">
<pre><div id=data>

                                           -------Rating----------------  ----Rank----            
Rank Team                            W-L     KRS    SRS    S-Ix   WRS       S    W    SOS
========================================================================================
  1 Milwaukee                       51-20   0.942   3.9    0.884  1.000     4    1    16   
  2 Boston                          49-23   0.947   5.2    0.976  0.918     2    2    23   
  3 Philadelphia                    48-23   0.923   4.7    0.942  0.904     3    3    27   
  4 Denver                          48-24   0.859   3.3    0.849  0.869     6    4    30   
  5 Cleveland                       45-28   0.901   5.6    1.000  0.803     1    5    13   
  6 Memphis                         44-27   0.831   3.7    0.873  0.789     5    6    26   
  7 Sacramento                      43-28   0.766   2.4    0.783  0.749     8    7    29   
  8 New York                        42-31   0.773   3.0    0.823  0.723     7    8    5    

                                           -------Rating----------------  ----Rank----            
Rank Team                            W-L     KRS    SRS    S-Ix   WRS       S    W    SOS
========================================================================================
  9 Brooklyn                        39-32   0.674   0.8    0.676  0.673     13   9    3    
 10 Miami                           39-34   0.616   -0.3   0.600  0.631     20   10   8    
 11 Phoenix                         38-33   0.677   1.7    0.737  0.617     9    11   19   
 12 LA Clippers                     38-34   0.604   -0.1   0.617  0.592     18   12   28   
 13 Golden State                    37-36   0.597   0.3    0.640  0.554     16   13   22   
 14 Dallas                          36-36   0.600   0.5    0.654  0.547     14   14   15   
 15 Oklahoma City                   35-36   0.632   1.5    0.724  0.540     10   15   14   
 16 Toronto                         35-37   0.610   0.9    0.686  0.534     12   16   6    

                                           -------Rating----------------  ----Rank----            
Rank Team                            W-L     KRS    SRS    S-Ix   WRS       S    W    SOS
========================================================================================
 17 Atlanta                         35-36   0.566   -0.4   0.598  0.534     21   17   21   
 18 Minnesota                       36-37   0.565   -0.3   0.600  0.531     19   18   18   
 19 LA Lakers                       35-37   0.556   -0.5   0.591  0.522     22   19   20   
 20 Utah                            35-36   0.569   -0.1   0.618  0.521     17   20   25   
 21 Chicago                         34-37   0.609   1.1    0.700  0.519     11   21   9    
 22 New Orleans                     34-37   0.571   0.4    0.649  0.494     15   22   24   
 23 Washington                      32-39   0.526   -0.5   0.589  0.462     23   23   4    
 24 Indiana                         32-40   0.452   -2.3   0.464  0.439     25   24   11   

                                           -------Rating----------------  ----Rank----            
Rank Team                            W-L     KRS    SRS    S-Ix   WRS       S    W    SOS
========================================================================================
 25 Portland                        31-40   0.453   -1.9   0.493  0.414     24   25   17   
 26 Orlando                         29-43   0.390   -2.8   0.430  0.350     26   26   12   
 27 Charlotte                       23-50   0.206   -5.8   0.228  0.183     27   27   2    
 28 San Antonio                     19-52   0.029   -9.2   0.000  0.058     30   28   10   
 29 Houston                         18-54   0.070   -7.7   0.105  0.035     29   29   7    
 30 Detroit                         16-56   0.074   -7.0   0.148  0.000     28   30   1    
</div></pre>
</div>
<div class="tabbertab" title="BCS">
<pre><div id=data>

                                           -------Rating----------------  ----Rank----            
Rank Team                            W-L     KRS    SRS    S-Ix   WRS       S    W    SOS
========================================================================================
  1 Boston                          49-23   0.947   5.2    0.976  0.918     2    2    23   
  2 Milwaukee                       51-20   0.942   3.9    0.884  1.000     4    1    16   
  3 Philadelphia                    48-23   0.923   4.7    0.942  0.904     3    3    27   
  4 Cleveland                       45-28   0.901   5.6    1.000  0.803     1    5    13   
  5 Denver                          48-24   0.859   3.3    0.849  0.869     6    4    30   
  6 Memphis                         44-27   0.831   3.7    0.873  0.789     5    6    26   
  7 New York                        42-31   0.773   3.0    0.823  0.723     7    8    5    
  8 Sacramento                      43-28   0.766   2.4    0.783  0.749     8    7    29   

                                           -------Rating----------------  ----Rank----            
Rank Team                            W-L     KRS    SRS    S-Ix   WRS       S    W    SOS
========================================================================================
  9 Phoenix                         38-33   0.677   1.7    0.737  0.617     9    11   19   
 10 Brooklyn                        39-32   0.674   0.8    0.676  0.673     13   9    3    
 11 Oklahoma City                   35-36   0.632   1.5    0.724  0.540     10   15   14   
 12 Miami                           39-34   0.616   -0.3   0.600  0.631     20   10   8    
 13 Toronto                         35-37   0.610   0.9    0.686  0.534     12   16   6    
 14 Chicago                         34-37   0.609   1.1    0.700  0.519     11   21   9    
 15 LA Clippers                     38-34   0.604   -0.1   0.617  0.592     18   12   28   
 16 Dallas                          36-36   0.600   0.5    0.654  0.547     14   14   15   

                                           -------Rating----------------  ----Rank----            
Rank Team                            W-L     KRS    SRS    S-Ix   WRS       S    W    SOS
========================================================================================
 17 Golden State                    37-36   0.597   0.3    0.640  0.554     16   13   22   
 18 New Orleans                     34-37   0.571   0.4    0.649  0.494     15   22   24   
 19 Utah                            35-36   0.569   -0.1   0.618  0.521     17   20   25   
 20 Atlanta                         35-36   0.566   -0.4   0.598  0.534     21   17   21   
 21 Minnesota                       36-37   0.565   -0.3   0.600  0.531     19   18   18   
 22 LA Lakers                       35-37   0.556   -0.5   0.591  0.522     22   19   20   
 23 Washington                      32-39   0.526   -0.5   0.589  0.462     23   23   4    
 24 Portland                        31-40   0.453   -1.9   0.493  0.414     24   25   17   

                                           -------Rating----------------  ----Rank----            
Rank Team                            W-L     KRS    SRS    S-Ix   WRS       S    W    SOS
========================================================================================
 25 Indiana                         32-40   0.452   -2.3   0.464  0.439     25   24   11   
 26 Orlando                         29-43   0.390   -2.8   0.430  0.350     26   26   12   
 27 Charlotte                       23-50   0.206   -5.8   0.228  0.183     27   27   2    
 28 Detroit                         16-56   0.074   -7.0   0.148  0.000     28   30   1    
 29 Houston                         18-54   0.070   -7.7   0.105  0.035     29   29   7    
 30 San Antonio                     19-52   0.029   -9.2   0.000  0.058     30   28   10   
</div></pre>
</div>
<div class="tabbertab" title="SOS">
<pre><div id=data>

                                           -------Rating----------------  ----Rank----            
Rank Team                            W-L     KRS    SRS    S-Ix   WRS       S    W    SOS
========================================================================================
  1 Detroit                         16-56   0.074   -7.0   0.148  0.000     28   30   1    
  2 Charlotte                       23-50   0.206   -5.8   0.228  0.183     27   27   2    
  3 Brooklyn                        39-32   0.674   0.8    0.676  0.673     13   9    3    
  4 Washington                      32-39   0.526   -0.5   0.589  0.462     23   23   4    
  5 New York                        42-31   0.773   3.0    0.823  0.723     7    8    5    
  6 Toronto                         35-37   0.610   0.9    0.686  0.534     12   16   6    
  7 Houston                         18-54   0.070   -7.7   0.105  0.035     29   29   7    
  8 Miami                           39-34   0.616   -0.3   0.600  0.631     20   10   8    

                                           -------Rating----------------  ----Rank----            
Rank Team                            W-L     KRS    SRS    S-Ix   WRS       S    W    SOS
========================================================================================
  9 Chicago                         34-37   0.609   1.1    0.700  0.519     11   21   9    
 10 San Antonio                     19-52   0.029   -9.2   0.000  0.058     30   28   10   
 11 Indiana                         32-40   0.452   -2.3   0.464  0.439     25   24   11   
 12 Orlando                         29-43   0.390   -2.8   0.430  0.350     26   26   12   
 13 Cleveland                       45-28   0.901   5.6    1.000  0.803     1    5    13   
 14 Oklahoma City                   35-36   0.632   1.5    0.724  0.540     10   15   14   
 15 Dallas                          36-36   0.600   0.5    0.654  0.547     14   14   15   
 16 Milwaukee                       51-20   0.942   3.9    0.884  1.000     4    1    16   

                                           -------Rating----------------  ----Rank----            
Rank Team                            W-L     KRS    SRS    S-Ix   WRS       S    W    SOS
========================================================================================
 17 Portland                        31-40   0.453   -1.9   0.493  0.414     24   25   17   
 18 Minnesota                       36-37   0.565   -0.3   0.600  0.531     19   18   18   
 19 Phoenix                         38-33   0.677   1.7    0.737  0.617     9    11   19   
 20 LA Lakers                       35-37   0.556   -0.5   0.591  0.522     22   19   20   
 21 Atlanta                         35-36   0.566   -0.4   0.598  0.534     21   17   21   
 22 Golden State                    37-36   0.597   0.3    0.640  0.554     16   13   22   
 23 Boston                          49-23   0.947   5.2    0.976  0.918     2    2    23   
 24 New Orleans                     34-37   0.571   0.4    0.649  0.494     15   22   24   

                                           -------Rating----------------  ----Rank----            
Rank Team                            W-L     KRS    SRS    S-Ix   WRS       S    W    SOS
========================================================================================
 25 Utah                            35-36   0.569   -0.1   0.618  0.521     17   20   25   
 26 Memphis                         44-27   0.831   3.7    0.873  0.789     5    6    26   
 27 Philadelphia                    48-23   0.923   4.7    0.942  0.904     3    3    27   
 28 LA Clippers                     38-34   0.604   -0.1   0.617  0.592     18   12   28   
 29 Sacramento                      43-28   0.766   2.4    0.783  0.749     8    7    29   
 30 Denver                          48-24   0.859   3.3    0.849  0.869     6    4    30   
</div></pre>
</div>
	</pre>
	</p>
	</span>
</body>
<body>
<h3>Other links</h3>
<h4>Home</h4>
	<ul>
			<li class="listyle"><a href="https://2skupz.github.io/index.html"> Index</a></li>
	</ul>
</body>
