<html>
<head>
<!-- Global Site Tag (gtag.js) - Google Analytics -->
<title>2023 NBA Rankings</title>
<script type="text/javascript" src="tabber.js">
</script>
<link href="https://fonts.googleapis.com/css?family=Roboto+Slab|Droid+Sans+Mono" rel="stylesheet">
<style>
 body {
			font-family: "Roboto Slab", serif;
			font-size: 12px;
			}
#data {
			font-family: "Droid Sans Mono", serif;
			font-size: 13px;
		}
</style>
<link rel="stylesheet" href="tabbedPage.css" TYPE="text/css" MEDIA="screen">
</head>
<body bgcolor=#fbeec1>
<hr>
<table width=100%>
<tr><td align=left>
<h1 align="center">2023 NBA Rankings</h1>
</td>
</tr></table>
<p>
Standings through 02.20.23
<hr>
<center>
<table width=100% border=1><tr>
<td valign=top>
<div class="tabber">
<div class="tabbertab" title="Ken Power Index">
<pre><div id=data>

                                           -------Rating----------------  ----Rank----            
Rank Team                            W-L     KRS    SRS    S-Ix   WRS       S    W    SOS
========================================================================================
  1 Boston                          42-17   1.000   5.8    1.000  1.000     1    1    26   
  2 Denver                          41-18   0.921   4.0    0.885  0.958     3    3    28   
  3 Cleveland                       38-23   0.912   5.6    0.988  0.835     2    5    17   
  4 Milwaukee                       41-17   0.912   3.1    0.829  0.994     6    2    21   
  5 Philadelphia                    38-19   0.874   3.5    0.855  0.893     5    4    27   
  6 Memphis                         35-22   0.834   3.8    0.873  0.795     4    6    22   
  7 Brooklyn                        34-24   0.748   1.8    0.743  0.752     8    7    11   
  8 New York                        33-27   0.727   2.3    0.775  0.679     7    8    13   

                                           -------Rating----------------  ----Rank----            
Rank Team                            W-L     KRS    SRS    S-Ix   WRS       S    W    SOS
========================================================================================
  9 Sacramento                      32-25   0.695   1.6    0.732  0.658     10   10   30   
 10 Phoenix                         32-28   0.673   1.3    0.713  0.632     12   11   20   
 11 New Orleans                     30-29   0.659   1.4    0.722  0.595     11   14   14   
 12 Oklahoma City                   28-29   0.651   1.7    0.739  0.564     9    16   10   
 13 Miami                           32-27   0.645   0.0    0.631  0.659     19   9    16   
 14 Dallas                          31-29   0.642   0.6    0.672  0.613     14   13   8    
 15 LA Clippers                     33-28   0.617   -0.3   0.610  0.624     22   12   29   
 16 Washington                      28-30   0.603   0.4    0.659  0.548     15   18   9    

                                           -------Rating----------------  ----Rank----            
Rank Team                            W-L     KRS    SRS    S-Ix   WRS       S    W    SOS
========================================================================================
 17 Toronto                         28-31   0.602   0.9    0.686  0.519     13   22   15   
 18 Golden State                    29-29   0.597   0.0    0.633  0.560     17   17   18   
 19 Utah                            29-31   0.595   0.4    0.654  0.536     16   20   12   
 20 Minnesota                       31-30   0.593   -0.3   0.614  0.572     20   15   24   
 21 Portland                        28-30   0.568   -0.3   0.610  0.526     21   21   23   
 22 Atlanta                         29-30   0.567   -0.6   0.593  0.540     23   19   25   
 23 Chicago                         26-33   0.550   0.0    0.633  0.466     18   24   5    
 24 LA Lakers                       27-32   0.522   -1.2   0.553  0.490     24   23   19   

                                           -------Rating----------------  ----Rank----            
Rank Team                            W-L     KRS    SRS    S-Ix   WRS       S    W    SOS
========================================================================================
 25 Indiana                         26-34   0.474   -2.2   0.492  0.456     25   25   2    
 26 Orlando                         24-35   0.427   -2.5   0.471  0.383     26   26   7    
 27 Charlotte                       17-43   0.192   -6.0   0.244  0.139     27   27   3    
 28 Detroit                         15-44   0.145   -6.8   0.195  0.096     28   28   1    
 29 Houston                         13-45   0.058   -8.1   0.115  0.000     29   30   4    
 30 San Antonio                     14-45   0.010   -9.9   0.000  0.019     30   29   6    
</div></pre>
</div>
<div class="tabbertab" title="Points Based">
<pre><div id=data>

                                           -------Rating----------------  ----Rank----            
Rank Team                            W-L     KRS    SRS    S-Ix   WRS       S    W    SOS
========================================================================================
  1 Boston                          42-17   1.000   5.8    1.000  1.000     1    1    26   
  2 Cleveland                       38-23   0.912   5.6    0.988  0.835     2    5    17   
  3 Denver                          41-18   0.921   4.0    0.885  0.958     3    3    28   
  4 Memphis                         35-22   0.834   3.8    0.873  0.795     4    6    22   
  5 Philadelphia                    38-19   0.874   3.5    0.855  0.893     5    4    27   
  6 Milwaukee                       41-17   0.912   3.1    0.829  0.994     6    2    21   
  7 New York                        33-27   0.727   2.3    0.775  0.679     7    8    13   
  8 Brooklyn                        34-24   0.748   1.8    0.743  0.752     8    7    11   

                                           -------Rating----------------  ----Rank----            
Rank Team                            W-L     KRS    SRS    S-Ix   WRS       S    W    SOS
========================================================================================
  9 Oklahoma City                   28-29   0.651   1.7    0.739  0.564     9    16   10   
 10 Sacramento                      32-25   0.695   1.6    0.732  0.658     10   10   30   
 11 New Orleans                     30-29   0.659   1.4    0.722  0.595     11   14   14   
 12 Phoenix                         32-28   0.673   1.3    0.713  0.632     12   11   20   
 13 Toronto                         28-31   0.602   0.9    0.686  0.519     13   22   15   
 14 Dallas                          31-29   0.642   0.6    0.672  0.613     14   13   8    
 15 Washington                      28-30   0.603   0.4    0.659  0.548     15   18   9    
 16 Utah                            29-31   0.595   0.4    0.654  0.536     16   20   12   

                                           -------Rating----------------  ----Rank----            
Rank Team                            W-L     KRS    SRS    S-Ix   WRS       S    W    SOS
========================================================================================
 17 Golden State                    29-29   0.597   0.0    0.633  0.560     17   17   18   
 18 Chicago                         26-33   0.550   0.0    0.633  0.466     18   24   5    
 19 Miami                           32-27   0.645   0.0    0.631  0.659     19   9    16   
 20 Minnesota                       31-30   0.593   -0.3   0.614  0.572     20   15   24   
 21 Portland                        28-30   0.568   -0.3   0.610  0.526     21   21   23   
 22 LA Clippers                     33-28   0.617   -0.3   0.610  0.624     22   12   29   
 23 Atlanta                         29-30   0.567   -0.6   0.593  0.540     23   19   25   
 24 LA Lakers                       27-32   0.522   -1.2   0.553  0.490     24   23   19   

                                           -------Rating----------------  ----Rank----            
Rank Team                            W-L     KRS    SRS    S-Ix   WRS       S    W    SOS
========================================================================================
 25 Indiana                         26-34   0.474   -2.2   0.492  0.456     25   25   2    
 26 Orlando                         24-35   0.427   -2.5   0.471  0.383     26   26   7    
 27 Charlotte                       17-43   0.192   -6.0   0.244  0.139     27   27   3    
 28 Detroit                         15-44   0.145   -6.8   0.195  0.096     28   28   1    
 29 Houston                         13-45   0.058   -8.1   0.115  0.000     29   30   4    
 30 San Antonio                     14-45   0.010   -9.9   0.000  0.019     30   29   6    
</div></pre>
</div>
<div class="tabbertab" title="Wins Based">
<pre><div id=data>

                                           -------Rating----------------  ----Rank----            
Rank Team                            W-L     KRS    SRS    S-Ix   WRS       S    W    SOS
========================================================================================
  1 Boston                          42-17   1.000   5.8    1.000  1.000     1    1    26   
  2 Milwaukee                       41-17   0.912   3.1    0.829  0.994     6    2    21   
  3 Denver                          41-18   0.921   4.0    0.885  0.958     3    3    28   
  4 Philadelphia                    38-19   0.874   3.5    0.855  0.893     5    4    27   
  5 Cleveland                       38-23   0.912   5.6    0.988  0.835     2    5    17   
  6 Memphis                         35-22   0.834   3.8    0.873  0.795     4    6    22   
  7 Brooklyn                        34-24   0.748   1.8    0.743  0.752     8    7    11   
  8 New York                        33-27   0.727   2.3    0.775  0.679     7    8    13   

                                           -------Rating----------------  ----Rank----            
Rank Team                            W-L     KRS    SRS    S-Ix   WRS       S    W    SOS
========================================================================================
  9 Miami                           32-27   0.645   0.0    0.631  0.659     19   9    16   
 10 Sacramento                      32-25   0.695   1.6    0.732  0.658     10   10   30   
 11 Phoenix                         32-28   0.673   1.3    0.713  0.632     12   11   20   
 12 LA Clippers                     33-28   0.617   -0.3   0.610  0.624     22   12   29   
 13 Dallas                          31-29   0.642   0.6    0.672  0.613     14   13   8    
 14 New Orleans                     30-29   0.659   1.4    0.722  0.595     11   14   14   
 15 Minnesota                       31-30   0.593   -0.3   0.614  0.572     20   15   24   
 16 Oklahoma City                   28-29   0.651   1.7    0.739  0.564     9    16   10   

                                           -------Rating----------------  ----Rank----            
Rank Team                            W-L     KRS    SRS    S-Ix   WRS       S    W    SOS
========================================================================================
 17 Golden State                    29-29   0.597   0.0    0.633  0.560     17   17   18   
 18 Washington                      28-30   0.603   0.4    0.659  0.548     15   18   9    
 19 Atlanta                         29-30   0.567   -0.6   0.593  0.540     23   19   25   
 20 Utah                            29-31   0.595   0.4    0.654  0.536     16   20   12   
 21 Portland                        28-30   0.568   -0.3   0.610  0.526     21   21   23   
 22 Toronto                         28-31   0.602   0.9    0.686  0.519     13   22   15   
 23 LA Lakers                       27-32   0.522   -1.2   0.553  0.490     24   23   19   
 24 Chicago                         26-33   0.550   0.0    0.633  0.466     18   24   5    

                                           -------Rating----------------  ----Rank----            
Rank Team                            W-L     KRS    SRS    S-Ix   WRS       S    W    SOS
========================================================================================
 25 Indiana                         26-34   0.474   -2.2   0.492  0.456     25   25   2    
 26 Orlando                         24-35   0.427   -2.5   0.471  0.383     26   26   7    
 27 Charlotte                       17-43   0.192   -6.0   0.244  0.139     27   27   3    
 28 Detroit                         15-44   0.145   -6.8   0.195  0.096     28   28   1    
 29 San Antonio                     14-45   0.010   -9.9   0.000  0.019     30   29   6    
 30 Houston                         13-45   0.058   -8.1   0.115  0.000     29   30   4    
</div></pre>
</div>
<div class="tabbertab" title="BCS">
<pre><div id=data>

                                           -------Rating----------------  ----Rank----            
Rank Team                            W-L     KRS    SRS    S-Ix   WRS       S    W    SOS
========================================================================================
  1 Boston                          42-17   1.000   5.8    1.000  1.000     1    1    26   
  2 Denver                          41-18   0.921   4.0    0.885  0.958     3    3    28   
  3 Cleveland                       38-23   0.912   5.6    0.988  0.835     2    5    17   
  4 Milwaukee                       41-17   0.912   3.1    0.829  0.994     6    2    21   
  5 Philadelphia                    38-19   0.874   3.5    0.855  0.893     5    4    27   
  6 Memphis                         35-22   0.834   3.8    0.873  0.795     4    6    22   
  7 Brooklyn                        34-24   0.748   1.8    0.743  0.752     8    7    11   
  8 New York                        33-27   0.727   2.3    0.775  0.679     7    8    13   

                                           -------Rating----------------  ----Rank----            
Rank Team                            W-L     KRS    SRS    S-Ix   WRS       S    W    SOS
========================================================================================
  9 Sacramento                      32-25   0.695   1.6    0.732  0.658     10   10   30   
 10 Phoenix                         32-28   0.673   1.3    0.713  0.632     12   11   20   
 11 New Orleans                     30-29   0.659   1.4    0.722  0.595     11   14   14   
 12 Oklahoma City                   28-29   0.651   1.7    0.739  0.564     9    16   10   
 13 Miami                           32-27   0.645   0.0    0.631  0.659     19   9    16   
 14 Dallas                          31-29   0.642   0.6    0.672  0.613     14   13   8    
 15 LA Clippers                     33-28   0.617   -0.3   0.610  0.624     22   12   29   
 16 Washington                      28-30   0.603   0.4    0.659  0.548     15   18   9    

                                           -------Rating----------------  ----Rank----            
Rank Team                            W-L     KRS    SRS    S-Ix   WRS       S    W    SOS
========================================================================================
 17 Toronto                         28-31   0.602   0.9    0.686  0.519     13   22   15   
 18 Golden State                    29-29   0.597   0.0    0.633  0.560     17   17   18   
 19 Utah                            29-31   0.595   0.4    0.654  0.536     16   20   12   
 20 Minnesota                       31-30   0.593   -0.3   0.614  0.572     20   15   24   
 21 Portland                        28-30   0.568   -0.3   0.610  0.526     21   21   23   
 22 Atlanta                         29-30   0.567   -0.6   0.593  0.540     23   19   25   
 23 Chicago                         26-33   0.550   0.0    0.633  0.466     18   24   5    
 24 LA Lakers                       27-32   0.522   -1.2   0.553  0.490     24   23   19   

                                           -------Rating----------------  ----Rank----            
Rank Team                            W-L     KRS    SRS    S-Ix   WRS       S    W    SOS
========================================================================================
 25 Indiana                         26-34   0.474   -2.2   0.492  0.456     25   25   2    
 26 Orlando                         24-35   0.427   -2.5   0.471  0.383     26   26   7    
 27 Charlotte                       17-43   0.192   -6.0   0.244  0.139     27   27   3    
 28 Detroit                         15-44   0.145   -6.8   0.195  0.096     28   28   1    
 29 Houston                         13-45   0.058   -8.1   0.115  0.000     29   30   4    
 30 San Antonio                     14-45   0.010   -9.9   0.000  0.019     30   29   6    
</div></pre>
</div>
<div class="tabbertab" title="SOS">
<pre><div id=data>

                                           -------Rating----------------  ----Rank----            
Rank Team                            W-L     KRS    SRS    S-Ix   WRS       S    W    SOS
========================================================================================
  1 Detroit                         15-44   0.145   -6.8   0.195  0.096     28   28   1    
  2 Indiana                         26-34   0.474   -2.2   0.492  0.456     25   25   2    
  3 Charlotte                       17-43   0.192   -6.0   0.244  0.139     27   27   3    
  4 Houston                         13-45   0.058   -8.1   0.115  0.000     29   30   4    
  5 Chicago                         26-33   0.550   0.0    0.633  0.466     18   24   5    
  6 San Antonio                     14-45   0.010   -9.9   0.000  0.019     30   29   6    
  7 Orlando                         24-35   0.427   -2.5   0.471  0.383     26   26   7    
  8 Dallas                          31-29   0.642   0.6    0.672  0.613     14   13   8    

                                           -------Rating----------------  ----Rank----            
Rank Team                            W-L     KRS    SRS    S-Ix   WRS       S    W    SOS
========================================================================================
  9 Washington                      28-30   0.603   0.4    0.659  0.548     15   18   9    
 10 Oklahoma City                   28-29   0.651   1.7    0.739  0.564     9    16   10   
 11 Brooklyn                        34-24   0.748   1.8    0.743  0.752     8    7    11   
 12 Utah                            29-31   0.595   0.4    0.654  0.536     16   20   12   
 13 New York                        33-27   0.727   2.3    0.775  0.679     7    8    13   
 14 New Orleans                     30-29   0.659   1.4    0.722  0.595     11   14   14   
 15 Toronto                         28-31   0.602   0.9    0.686  0.519     13   22   15   
 16 Miami                           32-27   0.645   0.0    0.631  0.659     19   9    16   

                                           -------Rating----------------  ----Rank----            
Rank Team                            W-L     KRS    SRS    S-Ix   WRS       S    W    SOS
========================================================================================
 17 Cleveland                       38-23   0.912   5.6    0.988  0.835     2    5    17   
 18 Golden State                    29-29   0.597   0.0    0.633  0.560     17   17   18   
 19 LA Lakers                       27-32   0.522   -1.2   0.553  0.490     24   23   19   
 20 Phoenix                         32-28   0.673   1.3    0.713  0.632     12   11   20   
 21 Milwaukee                       41-17   0.912   3.1    0.829  0.994     6    2    21   
 22 Memphis                         35-22   0.834   3.8    0.873  0.795     4    6    22   
 23 Portland                        28-30   0.568   -0.3   0.610  0.526     21   21   23   
 24 Minnesota                       31-30   0.593   -0.3   0.614  0.572     20   15   24   

                                           -------Rating----------------  ----Rank----            
Rank Team                            W-L     KRS    SRS    S-Ix   WRS       S    W    SOS
========================================================================================
 25 Atlanta                         29-30   0.567   -0.6   0.593  0.540     23   19   25   
 26 Boston                          42-17   1.000   5.8    1.000  1.000     1    1    26   
 27 Philadelphia                    38-19   0.874   3.5    0.855  0.893     5    4    27   
 28 Denver                          41-18   0.921   4.0    0.885  0.958     3    3    28   
 29 LA Clippers                     33-28   0.617   -0.3   0.610  0.624     22   12   29   
 30 Sacramento                      32-25   0.695   1.6    0.732  0.658     10   10   30   
</div></pre>
</div>
	</pre>
	</p>
	</span>
</body>
<body>
<h3>Other links</h3>
<h4>Home</h4>
	<ul>
			<li class="listyle"><a href="https://2skupz.github.io/index.html"> Index</a></li>
	</ul>
</body>
