<html>
<head>
<!-- Global Site Tag (gtag.js) - Google Analytics -->
<title>2023 NBA Rankings</title>
<script type="text/javascript" src="tabber.js">
</script>
<link href="https://fonts.googleapis.com/css?family=Roboto+Slab|Droid+Sans+Mono" rel="stylesheet">
<style>
 body {
			font-family: "Roboto Slab", serif;
			font-size: 12px;
			}
#data {
			font-family: "Droid Sans Mono", serif;
			font-size: 13px;
		}
</style>
<link rel="stylesheet" href="tabbedPage.css" TYPE="text/css" MEDIA="screen">
</head>
<body bgcolor=#fbeec1>
<hr>
<table width=100%>
<tr><td align=left>
<h1 align="center">2023 NBA Rankings</h1>
</td>
</tr></table>
<p>
Standings through 03.27.23
<hr>
<center>
<table width=100% border=1><tr>
<td valign=top>
<div class="tabber">
<div class="tabbertab" title="Ken Power Index">
<pre><div id=data>

                                           -------Rating----------------  ----Rank----            
Rank Team                            W-L     KRS    SRS    S-Ix   WRS       S    W    SOS
========================================================================================
  1 Boston                          52-23   0.973   6.1    1.000  0.947     1    2    25   
  2 Milwaukee                       54-21   0.940   4.1    0.880  1.000     4    1    24   
  3 Cleveland                       48-28   0.904   5.6    0.970  0.837     2    5    17   
  4 Denver                          51-24   0.887   3.8    0.861  0.914     6    3    27   
  5 Philadelphia                    49-26   0.886   4.5    0.900  0.871     3    4    21   
  6 Memphis                         47-27   0.840   3.9    0.866  0.815     5    6    30   
  7 Sacramento                      45-30   0.756   2.2    0.759  0.753     8    7    26   
  8 New York                        43-33   0.752   2.9    0.801  0.702     7    8    11   

                                           -------Rating----------------  ----Rank----            
Rank Team                            W-L     KRS    SRS    S-Ix   WRS       S    W    SOS
========================================================================================
  9 Phoenix                         40-35   0.686   1.9    0.743  0.630     9    11   13   
 10 Brooklyn                        40-35   0.670   1.0    0.687  0.652     14   9    3    
 11 New Orleans                     38-37   0.634   1.5    0.719  0.549     10   16   29   
 12 Oklahoma City                   37-38   0.623   1.1    0.696  0.551     12   15   15   
 13 Toronto                         37-38   0.622   1.1    0.695  0.548     13   17   12   
 14 Miami                           40-35   0.619   -0.5   0.594  0.643     21   10   6    
 15 Golden State                    39-37   0.616   0.4    0.651  0.582     15   14   18   
 16 LA Clippers                     40-36   0.614   0.1    0.631  0.597     17   12   28   

                                           -------Rating----------------  ----Rank----            
Rank Team                            W-L     KRS    SRS    S-Ix   WRS       S    W    SOS
========================================================================================
 17 Chicago                         36-39   0.614   1.1    0.696  0.532     11   20   8    
 18 Minnesota                       39-37   0.598   -0.2   0.612  0.583     19   13   19   
 19 Dallas                          37-39   0.585   0.4    0.649  0.521     16   21   23   
 20 Atlanta                         37-38   0.582   -0.0   0.625  0.538     18   19   22   
 21 LA Lakers                       37-38   0.577   -0.3   0.607  0.547     20   18   16   
 22 Utah                            35-40   0.531   -0.8   0.576  0.486     22   22   20   
 23 Washington                      33-42   0.509   -0.8   0.575  0.444     23   23   9    
 24 Orlando                         32-43   0.448   -2.3   0.485  0.411     24   25   10   

                                           -------Rating----------------  ----Rank----            
Rank Team                            W-L     KRS    SRS    S-Ix   WRS       S    W    SOS
========================================================================================
 25 Indiana                         33-43   0.442   -2.8   0.452  0.432     26   24   7    
 26 Portland                        32-43   0.438   -2.5   0.473  0.403     25   26   14   
 27 Charlotte                       25-51   0.252   -5.6   0.283  0.221     27   27   4    
 28 Detroit                         16-59   0.090   -7.3   0.179  0.000     28   30   1    
 29 Houston                         18-58   0.082   -8.1   0.131  0.033     29   29   2    
 30 San Antonio                     19-56   0.026   -10.2  0.000  0.052     30   28   5    
</div></pre>
</div>
<div class="tabbertab" title="Points Based">
<pre><div id=data>

                                           -------Rating----------------  ----Rank----            
Rank Team                            W-L     KRS    SRS    S-Ix   WRS       S    W    SOS
========================================================================================
  1 Boston                          52-23   0.973   6.1    1.000  0.947     1    2    25   
  2 Cleveland                       48-28   0.904   5.6    0.970  0.837     2    5    17   
  3 Philadelphia                    49-26   0.886   4.5    0.900  0.871     3    4    21   
  4 Milwaukee                       54-21   0.940   4.1    0.880  1.000     4    1    24   
  5 Memphis                         47-27   0.840   3.9    0.866  0.815     5    6    30   
  6 Denver                          51-24   0.887   3.8    0.861  0.914     6    3    27   
  7 New York                        43-33   0.752   2.9    0.801  0.702     7    8    11   
  8 Sacramento                      45-30   0.756   2.2    0.759  0.753     8    7    26   

                                           -------Rating----------------  ----Rank----            
Rank Team                            W-L     KRS    SRS    S-Ix   WRS       S    W    SOS
========================================================================================
  9 Phoenix                         40-35   0.686   1.9    0.743  0.630     9    11   13   
 10 New Orleans                     38-37   0.634   1.5    0.719  0.549     10   16   29   
 11 Chicago                         36-39   0.614   1.1    0.696  0.532     11   20   8    
 12 Oklahoma City                   37-38   0.623   1.1    0.696  0.551     12   15   15   
 13 Toronto                         37-38   0.622   1.1    0.695  0.548     13   17   12   
 14 Brooklyn                        40-35   0.670   1.0    0.687  0.652     14   9    3    
 15 Golden State                    39-37   0.616   0.4    0.651  0.582     15   14   18   
 16 Dallas                          37-39   0.585   0.4    0.649  0.521     16   21   23   

                                           -------Rating----------------  ----Rank----            
Rank Team                            W-L     KRS    SRS    S-Ix   WRS       S    W    SOS
========================================================================================
 17 LA Clippers                     40-36   0.614   0.1    0.631  0.597     17   12   28   
 18 Atlanta                         37-38   0.582   -0.0   0.625  0.538     18   19   22   
 19 Minnesota                       39-37   0.598   -0.2   0.612  0.583     19   13   19   
 20 LA Lakers                       37-38   0.577   -0.3   0.607  0.547     20   18   16   
 21 Miami                           40-35   0.619   -0.5   0.594  0.643     21   10   6    
 22 Utah                            35-40   0.531   -0.8   0.576  0.486     22   22   20   
 23 Washington                      33-42   0.509   -0.8   0.575  0.444     23   23   9    
 24 Orlando                         32-43   0.448   -2.3   0.485  0.411     24   25   10   

                                           -------Rating----------------  ----Rank----            
Rank Team                            W-L     KRS    SRS    S-Ix   WRS       S    W    SOS
========================================================================================
 25 Portland                        32-43   0.438   -2.5   0.473  0.403     25   26   14   
 26 Indiana                         33-43   0.442   -2.8   0.452  0.432     26   24   7    
 27 Charlotte                       25-51   0.252   -5.6   0.283  0.221     27   27   4    
 28 Detroit                         16-59   0.090   -7.3   0.179  0.000     28   30   1    
 29 Houston                         18-58   0.082   -8.1   0.131  0.033     29   29   2    
 30 San Antonio                     19-56   0.026   -10.2  0.000  0.052     30   28   5    
</div></pre>
</div>
<div class="tabbertab" title="Wins Based">
<pre><div id=data>

                                           -------Rating----------------  ----Rank----            
Rank Team                            W-L     KRS    SRS    S-Ix   WRS       S    W    SOS
========================================================================================
  1 Milwaukee                       54-21   0.940   4.1    0.880  1.000     4    1    24   
  2 Boston                          52-23   0.973   6.1    1.000  0.947     1    2    25   
  3 Denver                          51-24   0.887   3.8    0.861  0.914     6    3    27   
  4 Philadelphia                    49-26   0.886   4.5    0.900  0.871     3    4    21   
  5 Cleveland                       48-28   0.904   5.6    0.970  0.837     2    5    17   
  6 Memphis                         47-27   0.840   3.9    0.866  0.815     5    6    30   
  7 Sacramento                      45-30   0.756   2.2    0.759  0.753     8    7    26   
  8 New York                        43-33   0.752   2.9    0.801  0.702     7    8    11   

                                           -------Rating----------------  ----Rank----            
Rank Team                            W-L     KRS    SRS    S-Ix   WRS       S    W    SOS
========================================================================================
  9 Brooklyn                        40-35   0.670   1.0    0.687  0.652     14   9    3    
 10 Miami                           40-35   0.619   -0.5   0.594  0.643     21   10   6    
 11 Phoenix                         40-35   0.686   1.9    0.743  0.630     9    11   13   
 12 LA Clippers                     40-36   0.614   0.1    0.631  0.597     17   12   28   
 13 Minnesota                       39-37   0.598   -0.2   0.612  0.583     19   13   19   
 14 Golden State                    39-37   0.616   0.4    0.651  0.582     15   14   18   
 15 Oklahoma City                   37-38   0.623   1.1    0.696  0.551     12   15   15   
 16 New Orleans                     38-37   0.634   1.5    0.719  0.549     10   16   29   

                                           -------Rating----------------  ----Rank----            
Rank Team                            W-L     KRS    SRS    S-Ix   WRS       S    W    SOS
========================================================================================
 17 Toronto                         37-38   0.622   1.1    0.695  0.548     13   17   12   
 18 LA Lakers                       37-38   0.577   -0.3   0.607  0.547     20   18   16   
 19 Atlanta                         37-38   0.582   -0.0   0.625  0.538     18   19   22   
 20 Chicago                         36-39   0.614   1.1    0.696  0.532     11   20   8    
 21 Dallas                          37-39   0.585   0.4    0.649  0.521     16   21   23   
 22 Utah                            35-40   0.531   -0.8   0.576  0.486     22   22   20   
 23 Washington                      33-42   0.509   -0.8   0.575  0.444     23   23   9    
 24 Indiana                         33-43   0.442   -2.8   0.452  0.432     26   24   7    

                                           -------Rating----------------  ----Rank----            
Rank Team                            W-L     KRS    SRS    S-Ix   WRS       S    W    SOS
========================================================================================
 25 Orlando                         32-43   0.448   -2.3   0.485  0.411     24   25   10   
 26 Portland                        32-43   0.438   -2.5   0.473  0.403     25   26   14   
 27 Charlotte                       25-51   0.252   -5.6   0.283  0.221     27   27   4    
 28 San Antonio                     19-56   0.026   -10.2  0.000  0.052     30   28   5    
 29 Houston                         18-58   0.082   -8.1   0.131  0.033     29   29   2    
 30 Detroit                         16-59   0.090   -7.3   0.179  0.000     28   30   1    
</div></pre>
</div>
<div class="tabbertab" title="BCS">
<pre><div id=data>

                                           -------Rating----------------  ----Rank----            
Rank Team                            W-L     KRS    SRS    S-Ix   WRS       S    W    SOS
========================================================================================
  1 Boston                          52-23   0.973   6.1    1.000  0.947     1    2    25   
  2 Milwaukee                       54-21   0.940   4.1    0.880  1.000     4    1    24   
  3 Cleveland                       48-28   0.904   5.6    0.970  0.837     2    5    17   
  4 Denver                          51-24   0.887   3.8    0.861  0.914     6    3    27   
  5 Philadelphia                    49-26   0.886   4.5    0.900  0.871     3    4    21   
  6 Memphis                         47-27   0.840   3.9    0.866  0.815     5    6    30   
  7 Sacramento                      45-30   0.756   2.2    0.759  0.753     8    7    26   
  8 New York                        43-33   0.752   2.9    0.801  0.702     7    8    11   

                                           -------Rating----------------  ----Rank----            
Rank Team                            W-L     KRS    SRS    S-Ix   WRS       S    W    SOS
========================================================================================
  9 Phoenix                         40-35   0.686   1.9    0.743  0.630     9    11   13   
 10 Brooklyn                        40-35   0.670   1.0    0.687  0.652     14   9    3    
 11 New Orleans                     38-37   0.634   1.5    0.719  0.549     10   16   29   
 12 Oklahoma City                   37-38   0.623   1.1    0.696  0.551     12   15   15   
 13 Toronto                         37-38   0.622   1.1    0.695  0.548     13   17   12   
 14 Miami                           40-35   0.619   -0.5   0.594  0.643     21   10   6    
 15 Golden State                    39-37   0.616   0.4    0.651  0.582     15   14   18   
 16 LA Clippers                     40-36   0.614   0.1    0.631  0.597     17   12   28   

                                           -------Rating----------------  ----Rank----            
Rank Team                            W-L     KRS    SRS    S-Ix   WRS       S    W    SOS
========================================================================================
 17 Chicago                         36-39   0.614   1.1    0.696  0.532     11   20   8    
 18 Minnesota                       39-37   0.598   -0.2   0.612  0.583     19   13   19   
 19 Dallas                          37-39   0.585   0.4    0.649  0.521     16   21   23   
 20 Atlanta                         37-38   0.582   -0.0   0.625  0.538     18   19   22   
 21 LA Lakers                       37-38   0.577   -0.3   0.607  0.547     20   18   16   
 22 Utah                            35-40   0.531   -0.8   0.576  0.486     22   22   20   
 23 Washington                      33-42   0.509   -0.8   0.575  0.444     23   23   9    
 24 Orlando                         32-43   0.448   -2.3   0.485  0.411     24   25   10   

                                           -------Rating----------------  ----Rank----            
Rank Team                            W-L     KRS    SRS    S-Ix   WRS       S    W    SOS
========================================================================================
 25 Indiana                         33-43   0.442   -2.8   0.452  0.432     26   24   7    
 26 Portland                        32-43   0.438   -2.5   0.473  0.403     25   26   14   
 27 Charlotte                       25-51   0.252   -5.6   0.283  0.221     27   27   4    
 28 Detroit                         16-59   0.090   -7.3   0.179  0.000     28   30   1    
 29 Houston                         18-58   0.082   -8.1   0.131  0.033     29   29   2    
 30 San Antonio                     19-56   0.026   -10.2  0.000  0.052     30   28   5    
</div></pre>
</div>
<div class="tabbertab" title="SOS">
<pre><div id=data>

                                           -------Rating----------------  ----Rank----            
Rank Team                            W-L     KRS    SRS    S-Ix   WRS       S    W    SOS
========================================================================================
  1 Detroit                         16-59   0.090   -7.3   0.179  0.000     28   30   1    
  2 Houston                         18-58   0.082   -8.1   0.131  0.033     29   29   2    
  3 Brooklyn                        40-35   0.670   1.0    0.687  0.652     14   9    3    
  4 Charlotte                       25-51   0.252   -5.6   0.283  0.221     27   27   4    
  5 San Antonio                     19-56   0.026   -10.2  0.000  0.052     30   28   5    
  6 Miami                           40-35   0.619   -0.5   0.594  0.643     21   10   6    
  7 Indiana                         33-43   0.442   -2.8   0.452  0.432     26   24   7    
  8 Chicago                         36-39   0.614   1.1    0.696  0.532     11   20   8    

                                           -------Rating----------------  ----Rank----            
Rank Team                            W-L     KRS    SRS    S-Ix   WRS       S    W    SOS
========================================================================================
  9 Washington                      33-42   0.509   -0.8   0.575  0.444     23   23   9    
 10 Orlando                         32-43   0.448   -2.3   0.485  0.411     24   25   10   
 11 New York                        43-33   0.752   2.9    0.801  0.702     7    8    11   
 12 Toronto                         37-38   0.622   1.1    0.695  0.548     13   17   12   
 13 Phoenix                         40-35   0.686   1.9    0.743  0.630     9    11   13   
 14 Portland                        32-43   0.438   -2.5   0.473  0.403     25   26   14   
 15 Oklahoma City                   37-38   0.623   1.1    0.696  0.551     12   15   15   
 16 LA Lakers                       37-38   0.577   -0.3   0.607  0.547     20   18   16   

                                           -------Rating----------------  ----Rank----            
Rank Team                            W-L     KRS    SRS    S-Ix   WRS       S    W    SOS
========================================================================================
 17 Cleveland                       48-28   0.904   5.6    0.970  0.837     2    5    17   
 18 Golden State                    39-37   0.616   0.4    0.651  0.582     15   14   18   
 19 Minnesota                       39-37   0.598   -0.2   0.612  0.583     19   13   19   
 20 Utah                            35-40   0.531   -0.8   0.576  0.486     22   22   20   
 21 Philadelphia                    49-26   0.886   4.5    0.900  0.871     3    4    21   
 22 Atlanta                         37-38   0.582   -0.0   0.625  0.538     18   19   22   
 23 Dallas                          37-39   0.585   0.4    0.649  0.521     16   21   23   
 24 Milwaukee                       54-21   0.940   4.1    0.880  1.000     4    1    24   

                                           -------Rating----------------  ----Rank----            
Rank Team                            W-L     KRS    SRS    S-Ix   WRS       S    W    SOS
========================================================================================
 25 Boston                          52-23   0.973   6.1    1.000  0.947     1    2    25   
 26 Sacramento                      45-30   0.756   2.2    0.759  0.753     8    7    26   
 27 Denver                          51-24   0.887   3.8    0.861  0.914     6    3    27   
 28 LA Clippers                     40-36   0.614   0.1    0.631  0.597     17   12   28   
 29 New Orleans                     38-37   0.634   1.5    0.719  0.549     10   16   29   
 30 Memphis                         47-27   0.840   3.9    0.866  0.815     5    6    30   
</div></pre>
</div>
	</pre>
	</p>
	</span>
</body>
<body>
<h3>Other links</h3>
<h4>Home</h4>
	<ul>
			<li class="listyle"><a href="https://2skupz.github.io/index.html"> Index</a></li>
	</ul>
</body>
