<html>
<head>
<!-- Global Site Tag (gtag.js) - Google Analytics -->
<title>2023 NBA Rankings</title>
<script type="text/javascript" src="tabber.js">
</script>
<link href="https://fonts.googleapis.com/css?family=Roboto+Slab|Droid+Sans+Mono" rel="stylesheet">
<style>
 body {
			font-family: "Roboto Slab", serif;
			font-size: 12px;
			}
#data {
			font-family: "Droid Sans Mono", serif;
			font-size: 13px;
		}
</style>
<link rel="stylesheet" href="tabbedPage.css" TYPE="text/css" MEDIA="screen">
</head>
<body bgcolor=#fbeec1>
<hr>
<table width=100%>
<tr><td align=left>
<h1 align="center">2023 NBA Rankings</h1>
</td>
</tr></table>
<p>
Standings through 04.15.23
<hr>
<center>
<table width=100% border=1><tr>
<td valign=top>
<div class="tabber">
<div class="tabbertab" title="Ken Power Index">
<pre><div id=data>

                                           -------Rating----------------  ----Rank----            
Rank Team                            W-L     KRS    SRS    S-Ix   WRS       S    W    SOS
========================================================================================
  1 Boston                          58-25   0.991   6.5    1.000  0.982     1    2    22   
  2 Milwaukee                       58-24   0.912   3.6    0.825  1.000     4    1    17   
  3 Philadelphia                    55-28   0.902   4.6    0.883  0.920     3    3    14   
  4 Cleveland                       51-32   0.867   5.2    0.920  0.814     2    5    20   
  5 Denver                          53-29   0.826   3.0    0.790  0.862     7    4    28   
  6 Memphis                         51-31   0.818   3.6    0.824  0.811     5    6    30   
  7 New York                        48-35   0.769   3.1    0.791  0.747     6    8    11   
  8 Sacramento                      49-34   0.748   2.3    0.746  0.749     8    7    29   

                                           -------Rating----------------  ----Rank----            
Rank Team                            W-L     KRS    SRS    S-Ix   WRS       S    W    SOS
========================================================================================
  9 Phoenix                         45-37   0.706   2.1    0.731  0.682     9    9    16   
 10 Golden State                    44-39   0.670   1.6    0.703  0.637     10   13   21   
 11 Brooklyn                        45-38   0.668   0.8    0.655  0.680     14   10   4    
 12 New Orleans                     42-41   0.640   1.6    0.699  0.580     11   17   27   
 13 Toronto                         41-42   0.638   1.5    0.698  0.578     12   18   10   
 14 LA Lakers                       44-39   0.633   0.5    0.633  0.633     16   14   23   
 15 LA Clippers                     44-38   0.632   0.3    0.622  0.643     18   12   25   
 16 Miami                           45-39   0.628   -0.1   0.596  0.660     20   11   7    

                                           -------Rating----------------  ----Rank----            
Rank Team                            W-L     KRS    SRS    S-Ix   WRS       S    W    SOS
========================================================================================
 17 Chicago                         41-43   0.622   1.3    0.681  0.564     13   19   13   
 18 Atlanta                         42-42   0.606   0.4    0.625  0.587     17   16   12   
 19 Oklahoma City                   41-43   0.599   0.7    0.648  0.551     15   20   19   
 20 Minnesota                       43-41   0.599   0.0    0.604  0.594     19   15   24   
 21 Dallas                          38-44   0.545   -0.1   0.594  0.495     21   21   26   
 22 Utah                            37-45   0.508   -1.0   0.540  0.477     22   22   18   
 23 Washington                      35-47   0.490   -1.1   0.538  0.441     23   23   9    
 24 Orlando                         34-48   0.433   -2.4   0.456  0.410     24   25   8    

                                           -------Rating----------------  ----Rank----            
Rank Team                            W-L     KRS    SRS    S-Ix   WRS       S    W    SOS
========================================================================================
 25 Indiana                         35-47   0.433   -2.9   0.425  0.441     25   24   3    
 26 Portland                        33-49   0.368   -4.0   0.359  0.377     26   26   15   
 27 Charlotte                       27-55   0.240   -5.9   0.241  0.238     27   27   2    
 28 Houston                         22-60   0.123   -7.6   0.135  0.110     28   28   5    
 29 Detroit                         17-65   0.064   -7.7   0.128  0.000     29   30   1    
 30 San Antonio                     22-60   0.052   -9.8   0.000  0.104     30   29   6    
</div></pre>
</div>
<div class="tabbertab" title="Points Based">
<pre><div id=data>

                                           -------Rating----------------  ----Rank----            
Rank Team                            W-L     KRS    SRS    S-Ix   WRS       S    W    SOS
========================================================================================
  1 Boston                          58-25   0.991   6.5    1.000  0.982     1    2    22   
  2 Cleveland                       51-32   0.867   5.2    0.920  0.814     2    5    20   
  3 Philadelphia                    55-28   0.902   4.6    0.883  0.920     3    3    14   
  4 Milwaukee                       58-24   0.912   3.6    0.825  1.000     4    1    17   
  5 Memphis                         51-31   0.818   3.6    0.824  0.811     5    6    30   
  6 New York                        48-35   0.769   3.1    0.791  0.747     6    8    11   
  7 Denver                          53-29   0.826   3.0    0.790  0.862     7    4    28   
  8 Sacramento                      49-34   0.748   2.3    0.746  0.749     8    7    29   

                                           -------Rating----------------  ----Rank----            
Rank Team                            W-L     KRS    SRS    S-Ix   WRS       S    W    SOS
========================================================================================
  9 Phoenix                         45-37   0.706   2.1    0.731  0.682     9    9    16   
 10 Golden State                    44-39   0.670   1.6    0.703  0.637     10   13   21   
 11 New Orleans                     42-41   0.640   1.6    0.699  0.580     11   17   27   
 12 Toronto                         41-42   0.638   1.5    0.698  0.578     12   18   10   
 13 Chicago                         41-43   0.622   1.3    0.681  0.564     13   19   13   
 14 Brooklyn                        45-38   0.668   0.8    0.655  0.680     14   10   4    
 15 Oklahoma City                   41-43   0.599   0.7    0.648  0.551     15   20   19   
 16 LA Lakers                       44-39   0.633   0.5    0.633  0.633     16   14   23   

                                           -------Rating----------------  ----Rank----            
Rank Team                            W-L     KRS    SRS    S-Ix   WRS       S    W    SOS
========================================================================================
 17 Atlanta                         42-42   0.606   0.4    0.625  0.587     17   16   12   
 18 LA Clippers                     44-38   0.632   0.3    0.622  0.643     18   12   25   
 19 Minnesota                       43-41   0.599   0.0    0.604  0.594     19   15   24   
 20 Miami                           45-39   0.628   -0.1   0.596  0.660     20   11   7    
 21 Dallas                          38-44   0.545   -0.1   0.594  0.495     21   21   26   
 22 Utah                            37-45   0.508   -1.0   0.540  0.477     22   22   18   
 23 Washington                      35-47   0.490   -1.1   0.538  0.441     23   23   9    
 24 Orlando                         34-48   0.433   -2.4   0.456  0.410     24   25   8    

                                           -------Rating----------------  ----Rank----            
Rank Team                            W-L     KRS    SRS    S-Ix   WRS       S    W    SOS
========================================================================================
 25 Indiana                         35-47   0.433   -2.9   0.425  0.441     25   24   3    
 26 Portland                        33-49   0.368   -4.0   0.359  0.377     26   26   15   
 27 Charlotte                       27-55   0.240   -5.9   0.241  0.238     27   27   2    
 28 Houston                         22-60   0.123   -7.6   0.135  0.110     28   28   5    
 29 Detroit                         17-65   0.064   -7.7   0.128  0.000     29   30   1    
 30 San Antonio                     22-60   0.052   -9.8   0.000  0.104     30   29   6    
</div></pre>
</div>
<div class="tabbertab" title="Wins Based">
<pre><div id=data>

                                           -------Rating----------------  ----Rank----            
Rank Team                            W-L     KRS    SRS    S-Ix   WRS       S    W    SOS
========================================================================================
  1 Milwaukee                       58-24   0.912   3.6    0.825  1.000     4    1    17   
  2 Boston                          58-25   0.991   6.5    1.000  0.982     1    2    22   
  3 Philadelphia                    55-28   0.902   4.6    0.883  0.920     3    3    14   
  4 Denver                          53-29   0.826   3.0    0.790  0.862     7    4    28   
  5 Cleveland                       51-32   0.867   5.2    0.920  0.814     2    5    20   
  6 Memphis                         51-31   0.818   3.6    0.824  0.811     5    6    30   
  7 Sacramento                      49-34   0.748   2.3    0.746  0.749     8    7    29   
  8 New York                        48-35   0.769   3.1    0.791  0.747     6    8    11   

                                           -------Rating----------------  ----Rank----            
Rank Team                            W-L     KRS    SRS    S-Ix   WRS       S    W    SOS
========================================================================================
  9 Phoenix                         45-37   0.706   2.1    0.731  0.682     9    9    16   
 10 Brooklyn                        45-38   0.668   0.8    0.655  0.680     14   10   4    
 11 Miami                           45-39   0.628   -0.1   0.596  0.660     20   11   7    
 12 LA Clippers                     44-38   0.632   0.3    0.622  0.643     18   12   25   
 13 Golden State                    44-39   0.670   1.6    0.703  0.637     10   13   21   
 14 LA Lakers                       44-39   0.633   0.5    0.633  0.633     16   14   23   
 15 Minnesota                       43-41   0.599   0.0    0.604  0.594     19   15   24   
 16 Atlanta                         42-42   0.606   0.4    0.625  0.587     17   16   12   

                                           -------Rating----------------  ----Rank----            
Rank Team                            W-L     KRS    SRS    S-Ix   WRS       S    W    SOS
========================================================================================
 17 New Orleans                     42-41   0.640   1.6    0.699  0.580     11   17   27   
 18 Toronto                         41-42   0.638   1.5    0.698  0.578     12   18   10   
 19 Chicago                         41-43   0.622   1.3    0.681  0.564     13   19   13   
 20 Oklahoma City                   41-43   0.599   0.7    0.648  0.551     15   20   19   
 21 Dallas                          38-44   0.545   -0.1   0.594  0.495     21   21   26   
 22 Utah                            37-45   0.508   -1.0   0.540  0.477     22   22   18   
 23 Washington                      35-47   0.490   -1.1   0.538  0.441     23   23   9    
 24 Indiana                         35-47   0.433   -2.9   0.425  0.441     25   24   3    

                                           -------Rating----------------  ----Rank----            
Rank Team                            W-L     KRS    SRS    S-Ix   WRS       S    W    SOS
========================================================================================
 25 Orlando                         34-48   0.433   -2.4   0.456  0.410     24   25   8    
 26 Portland                        33-49   0.368   -4.0   0.359  0.377     26   26   15   
 27 Charlotte                       27-55   0.240   -5.9   0.241  0.238     27   27   2    
 28 Houston                         22-60   0.123   -7.6   0.135  0.110     28   28   5    
 29 San Antonio                     22-60   0.052   -9.8   0.000  0.104     30   29   6    
 30 Detroit                         17-65   0.064   -7.7   0.128  0.000     29   30   1    
</div></pre>
</div>
<div class="tabbertab" title="BCS">
<pre><div id=data>

                                           -------Rating----------------  ----Rank----            
Rank Team                            W-L     KRS    SRS    S-Ix   WRS       S    W    SOS
========================================================================================
  1 Boston                          58-25   0.991   6.5    1.000  0.982     1    2    22   
  2 Milwaukee                       58-24   0.912   3.6    0.825  1.000     4    1    17   
  3 Philadelphia                    55-28   0.902   4.6    0.883  0.920     3    3    14   
  4 Cleveland                       51-32   0.867   5.2    0.920  0.814     2    5    20   
  5 Denver                          53-29   0.826   3.0    0.790  0.862     7    4    28   
  6 Memphis                         51-31   0.818   3.6    0.824  0.811     5    6    30   
  7 New York                        48-35   0.769   3.1    0.791  0.747     6    8    11   
  8 Sacramento                      49-34   0.748   2.3    0.746  0.749     8    7    29   

                                           -------Rating----------------  ----Rank----            
Rank Team                            W-L     KRS    SRS    S-Ix   WRS       S    W    SOS
========================================================================================
  9 Phoenix                         45-37   0.706   2.1    0.731  0.682     9    9    16   
 10 Golden State                    44-39   0.670   1.6    0.703  0.637     10   13   21   
 11 Brooklyn                        45-38   0.668   0.8    0.655  0.680     14   10   4    
 12 New Orleans                     42-41   0.640   1.6    0.699  0.580     11   17   27   
 13 Toronto                         41-42   0.638   1.5    0.698  0.578     12   18   10   
 14 LA Lakers                       44-39   0.633   0.5    0.633  0.633     16   14   23   
 15 LA Clippers                     44-38   0.632   0.3    0.622  0.643     18   12   25   
 16 Miami                           45-39   0.628   -0.1   0.596  0.660     20   11   7    

                                           -------Rating----------------  ----Rank----            
Rank Team                            W-L     KRS    SRS    S-Ix   WRS       S    W    SOS
========================================================================================
 17 Chicago                         41-43   0.622   1.3    0.681  0.564     13   19   13   
 18 Atlanta                         42-42   0.606   0.4    0.625  0.587     17   16   12   
 19 Oklahoma City                   41-43   0.599   0.7    0.648  0.551     15   20   19   
 20 Minnesota                       43-41   0.599   0.0    0.604  0.594     19   15   24   
 21 Dallas                          38-44   0.545   -0.1   0.594  0.495     21   21   26   
 22 Utah                            37-45   0.508   -1.0   0.540  0.477     22   22   18   
 23 Washington                      35-47   0.490   -1.1   0.538  0.441     23   23   9    
 24 Orlando                         34-48   0.433   -2.4   0.456  0.410     24   25   8    

                                           -------Rating----------------  ----Rank----            
Rank Team                            W-L     KRS    SRS    S-Ix   WRS       S    W    SOS
========================================================================================
 25 Indiana                         35-47   0.433   -2.9   0.425  0.441     25   24   3    
 26 Portland                        33-49   0.368   -4.0   0.359  0.377     26   26   15   
 27 Charlotte                       27-55   0.240   -5.9   0.241  0.238     27   27   2    
 28 Houston                         22-60   0.123   -7.6   0.135  0.110     28   28   5    
 29 Detroit                         17-65   0.064   -7.7   0.128  0.000     29   30   1    
 30 San Antonio                     22-60   0.052   -9.8   0.000  0.104     30   29   6    
</div></pre>
</div>
<div class="tabbertab" title="SOS">
<pre><div id=data>

                                           -------Rating----------------  ----Rank----            
Rank Team                            W-L     KRS    SRS    S-Ix   WRS       S    W    SOS
========================================================================================
  1 Detroit                         17-65   0.064   -7.7   0.128  0.000     29   30   1    
  2 Charlotte                       27-55   0.240   -5.9   0.241  0.238     27   27   2    
  3 Indiana                         35-47   0.433   -2.9   0.425  0.441     25   24   3    
  4 Brooklyn                        45-38   0.668   0.8    0.655  0.680     14   10   4    
  5 Houston                         22-60   0.123   -7.6   0.135  0.110     28   28   5    
  6 San Antonio                     22-60   0.052   -9.8   0.000  0.104     30   29   6    
  7 Miami                           45-39   0.628   -0.1   0.596  0.660     20   11   7    
  8 Orlando                         34-48   0.433   -2.4   0.456  0.410     24   25   8    

                                           -------Rating----------------  ----Rank----            
Rank Team                            W-L     KRS    SRS    S-Ix   WRS       S    W    SOS
========================================================================================
  9 Washington                      35-47   0.490   -1.1   0.538  0.441     23   23   9    
 10 Toronto                         41-42   0.638   1.5    0.698  0.578     12   18   10   
 11 New York                        48-35   0.769   3.1    0.791  0.747     6    8    11   
 12 Atlanta                         42-42   0.606   0.4    0.625  0.587     17   16   12   
 13 Chicago                         41-43   0.622   1.3    0.681  0.564     13   19   13   
 14 Philadelphia                    55-28   0.902   4.6    0.883  0.920     3    3    14   
 15 Portland                        33-49   0.368   -4.0   0.359  0.377     26   26   15   
 16 Phoenix                         45-37   0.706   2.1    0.731  0.682     9    9    16   

                                           -------Rating----------------  ----Rank----            
Rank Team                            W-L     KRS    SRS    S-Ix   WRS       S    W    SOS
========================================================================================
 17 Milwaukee                       58-24   0.912   3.6    0.825  1.000     4    1    17   
 18 Utah                            37-45   0.508   -1.0   0.540  0.477     22   22   18   
 19 Oklahoma City                   41-43   0.599   0.7    0.648  0.551     15   20   19   
 20 Cleveland                       51-32   0.867   5.2    0.920  0.814     2    5    20   
 21 Golden State                    44-39   0.670   1.6    0.703  0.637     10   13   21   
 22 Boston                          58-25   0.991   6.5    1.000  0.982     1    2    22   
 23 LA Lakers                       44-39   0.633   0.5    0.633  0.633     16   14   23   
 24 Minnesota                       43-41   0.599   0.0    0.604  0.594     19   15   24   

                                           -------Rating----------------  ----Rank----            
Rank Team                            W-L     KRS    SRS    S-Ix   WRS       S    W    SOS
========================================================================================
 25 LA Clippers                     44-38   0.632   0.3    0.622  0.643     18   12   25   
 26 Dallas                          38-44   0.545   -0.1   0.594  0.495     21   21   26   
 27 New Orleans                     42-41   0.640   1.6    0.699  0.580     11   17   27   
 28 Denver                          53-29   0.826   3.0    0.790  0.862     7    4    28   
 29 Sacramento                      49-34   0.748   2.3    0.746  0.749     8    7    29   
 30 Memphis                         51-31   0.818   3.6    0.824  0.811     5    6    30   
</div></pre>
</div>
	</pre>
	</p>
	</span>
</body>
<body>
<h3>Other links</h3>
<h4>Home</h4>
	<ul>
			<li class="listyle"><a href="https://2skupz.github.io/index.html"> Index</a></li>
	</ul>
</body>
