<html>
<head>
<!-- Global Site Tag (gtag.js) - Google Analytics -->
<title>2023 NBA Rankings</title>
<script type="text/javascript" src="tabber.js">
</script>
<link href="https://fonts.googleapis.com/css?family=Roboto+Slab|Droid+Sans+Mono" rel="stylesheet">
<style>
 body {
			font-family: "Roboto Slab", serif;
			font-size: 12px;
			}
#data {
			font-family: "Droid Sans Mono", serif;
			font-size: 13px;
		}
</style>
<link rel="stylesheet" href="tabbedPage.css" TYPE="text/css" MEDIA="screen">
</head>
<body bgcolor=#fbeec1>
<hr>
<table width=100%>
<tr><td align=left>
<h1 align="center">2023 NBA Rankings</h1>
</td>
</tr></table>
<p>
Standings through 03.07.23
<hr>
<center>
<table width=100% border=1><tr>
<td valign=top>
<div class="tabber">
<div class="tabbertab" title="Ken Power Index">
<pre><div id=data>

                                           -------Rating----------------  ----Rank----            
Rank Team                            W-L     KRS    SRS    S-Ix   WRS       S    W    SOS
========================================================================================
  1 Milwaukee                       47-18   0.950   4.0    0.899  1.000     4    1    20   
  2 Boston                          45-21   0.950   5.2    0.973  0.927     2    3    16   
  3 Denver                          46-19   0.933   4.2    0.912  0.954     3    2    27   
  4 Cleveland                       41-26   0.897   5.6    1.000  0.794     1    5    8    
  5 Philadelphia                    43-22   0.884   3.9    0.893  0.875     5    4    23   
  6 Memphis                         38-26   0.802   3.5    0.865  0.738     6    6    21   
  7 New York                        39-28   0.785   3.1    0.840  0.729     7    7    7    
  8 Sacramento                      38-26   0.742   2.1    0.779  0.706     8    8    30   

                                           -------Rating----------------  ----Rank----            
Rank Team                            W-L     KRS    SRS    S-Ix   WRS       S    W    SOS
========================================================================================
  9 Phoenix                         36-29   0.702   1.8    0.758  0.647     9    10   22   
 10 Brooklyn                        37-28   0.702   1.0    0.711  0.694     11   9    14   
 11 Dallas                          34-32   0.638   0.8    0.697  0.579     12   12   18   
 12 Oklahoma City                   31-34   0.634   1.8    0.755  0.513     10   20   12   
 13 Golden State                    34-32   0.618   0.5    0.675  0.562     16   13   25   
 14 Miami                           35-31   0.618   -0.6   0.610  0.626     21   11   9    
 15 Toronto                         32-34   0.601   0.6    0.681  0.522     14   18   11   
 16 New Orleans                     31-34   0.596   0.6    0.684  0.508     13   21   13   

                                           -------Rating----------------  ----Rank----            
Rank Team                            W-L     KRS    SRS    S-Ix   WRS       S    W    SOS
========================================================================================
 17 Atlanta                         32-33   0.590   -0.0   0.645  0.536     18   16   19   
 18 Washington                      31-34   0.581   0.1    0.649  0.513     17   19   6    
 19 Minnesota                       34-33   0.580   -0.5   0.611  0.549     20   15   26   
 20 LA Clippers                     34-33   0.578   -0.6   0.605  0.551     22   14   29   
 21 LA Lakers                       32-34   0.566   -0.7   0.601  0.532     23   17   15   
 22 Chicago                         29-36   0.563   0.5    0.676  0.450     15   24   5    
 23 Utah                            31-35   0.546   -0.4   0.622  0.470     19   23   24   
 24 Portland                        31-34   0.531   -1.1   0.579  0.482     24   22   28   

                                           -------Rating----------------  ----Rank----            
Rank Team                            W-L     KRS    SRS    S-Ix   WRS       S    W    SOS
========================================================================================
 25 Indiana                         29-37   0.481   -2.1   0.516  0.447     25   25   2    
 26 Orlando                         27-39   0.423   -2.7   0.476  0.371     26   26   4    
 27 Charlotte                       21-46   0.239   -5.6   0.291  0.186     27   27   3    
 28 Detroit                         15-51   0.119   -6.8   0.215  0.023     28   28   1    
 29 Houston                         15-50   0.069   -8.1   0.138  0.000     29   30   10   
 30 San Antonio                     16-49   0.006   -10.3  0.000  0.011     30   29   17   
</div></pre>
</div>
<div class="tabbertab" title="Points Based">
<pre><div id=data>

                                           -------Rating----------------  ----Rank----            
Rank Team                            W-L     KRS    SRS    S-Ix   WRS       S    W    SOS
========================================================================================
  1 Cleveland                       41-26   0.897   5.6    1.000  0.794     1    5    8    
  2 Boston                          45-21   0.950   5.2    0.973  0.927     2    3    16   
  3 Denver                          46-19   0.933   4.2    0.912  0.954     3    2    27   
  4 Milwaukee                       47-18   0.950   4.0    0.899  1.000     4    1    20   
  5 Philadelphia                    43-22   0.884   3.9    0.893  0.875     5    4    23   
  6 Memphis                         38-26   0.802   3.5    0.865  0.738     6    6    21   
  7 New York                        39-28   0.785   3.1    0.840  0.729     7    7    7    
  8 Sacramento                      38-26   0.742   2.1    0.779  0.706     8    8    30   

                                           -------Rating----------------  ----Rank----            
Rank Team                            W-L     KRS    SRS    S-Ix   WRS       S    W    SOS
========================================================================================
  9 Phoenix                         36-29   0.702   1.8    0.758  0.647     9    10   22   
 10 Oklahoma City                   31-34   0.634   1.8    0.755  0.513     10   20   12   
 11 Brooklyn                        37-28   0.702   1.0    0.711  0.694     11   9    14   
 12 Dallas                          34-32   0.638   0.8    0.697  0.579     12   12   18   
 13 New Orleans                     31-34   0.596   0.6    0.684  0.508     13   21   13   
 14 Toronto                         32-34   0.601   0.6    0.681  0.522     14   18   11   
 15 Chicago                         29-36   0.563   0.5    0.676  0.450     15   24   5    
 16 Golden State                    34-32   0.618   0.5    0.675  0.562     16   13   25   

                                           -------Rating----------------  ----Rank----            
Rank Team                            W-L     KRS    SRS    S-Ix   WRS       S    W    SOS
========================================================================================
 17 Washington                      31-34   0.581   0.1    0.649  0.513     17   19   6    
 18 Atlanta                         32-33   0.590   -0.0   0.645  0.536     18   16   19   
 19 Utah                            31-35   0.546   -0.4   0.622  0.470     19   23   24   
 20 Minnesota                       34-33   0.580   -0.5   0.611  0.549     20   15   26   
 21 Miami                           35-31   0.618   -0.6   0.610  0.626     21   11   9    
 22 LA Clippers                     34-33   0.578   -0.6   0.605  0.551     22   14   29   
 23 LA Lakers                       32-34   0.566   -0.7   0.601  0.532     23   17   15   
 24 Portland                        31-34   0.531   -1.1   0.579  0.482     24   22   28   

                                           -------Rating----------------  ----Rank----            
Rank Team                            W-L     KRS    SRS    S-Ix   WRS       S    W    SOS
========================================================================================
 25 Indiana                         29-37   0.481   -2.1   0.516  0.447     25   25   2    
 26 Orlando                         27-39   0.423   -2.7   0.476  0.371     26   26   4    
 27 Charlotte                       21-46   0.239   -5.6   0.291  0.186     27   27   3    
 28 Detroit                         15-51   0.119   -6.8   0.215  0.023     28   28   1    
 29 Houston                         15-50   0.069   -8.1   0.138  0.000     29   30   10   
 30 San Antonio                     16-49   0.006   -10.3  0.000  0.011     30   29   17   
</div></pre>
</div>
<div class="tabbertab" title="Wins Based">
<pre><div id=data>

                                           -------Rating----------------  ----Rank----            
Rank Team                            W-L     KRS    SRS    S-Ix   WRS       S    W    SOS
========================================================================================
  1 Milwaukee                       47-18   0.950   4.0    0.899  1.000     4    1    20   
  2 Denver                          46-19   0.933   4.2    0.912  0.954     3    2    27   
  3 Boston                          45-21   0.950   5.2    0.973  0.927     2    3    16   
  4 Philadelphia                    43-22   0.884   3.9    0.893  0.875     5    4    23   
  5 Cleveland                       41-26   0.897   5.6    1.000  0.794     1    5    8    
  6 Memphis                         38-26   0.802   3.5    0.865  0.738     6    6    21   
  7 New York                        39-28   0.785   3.1    0.840  0.729     7    7    7    
  8 Sacramento                      38-26   0.742   2.1    0.779  0.706     8    8    30   

                                           -------Rating----------------  ----Rank----            
Rank Team                            W-L     KRS    SRS    S-Ix   WRS       S    W    SOS
========================================================================================
  9 Brooklyn                        37-28   0.702   1.0    0.711  0.694     11   9    14   
 10 Phoenix                         36-29   0.702   1.8    0.758  0.647     9    10   22   
 11 Miami                           35-31   0.618   -0.6   0.610  0.626     21   11   9    
 12 Dallas                          34-32   0.638   0.8    0.697  0.579     12   12   18   
 13 Golden State                    34-32   0.618   0.5    0.675  0.562     16   13   25   
 14 LA Clippers                     34-33   0.578   -0.6   0.605  0.551     22   14   29   
 15 Minnesota                       34-33   0.580   -0.5   0.611  0.549     20   15   26   
 16 Atlanta                         32-33   0.590   -0.0   0.645  0.536     18   16   19   

                                           -------Rating----------------  ----Rank----            
Rank Team                            W-L     KRS    SRS    S-Ix   WRS       S    W    SOS
========================================================================================
 17 LA Lakers                       32-34   0.566   -0.7   0.601  0.532     23   17   15   
 18 Toronto                         32-34   0.601   0.6    0.681  0.522     14   18   11   
 19 Washington                      31-34   0.581   0.1    0.649  0.513     17   19   6    
 20 Oklahoma City                   31-34   0.634   1.8    0.755  0.513     10   20   12   
 21 New Orleans                     31-34   0.596   0.6    0.684  0.508     13   21   13   
 22 Portland                        31-34   0.531   -1.1   0.579  0.482     24   22   28   
 23 Utah                            31-35   0.546   -0.4   0.622  0.470     19   23   24   
 24 Chicago                         29-36   0.563   0.5    0.676  0.450     15   24   5    

                                           -------Rating----------------  ----Rank----            
Rank Team                            W-L     KRS    SRS    S-Ix   WRS       S    W    SOS
========================================================================================
 25 Indiana                         29-37   0.481   -2.1   0.516  0.447     25   25   2    
 26 Orlando                         27-39   0.423   -2.7   0.476  0.371     26   26   4    
 27 Charlotte                       21-46   0.239   -5.6   0.291  0.186     27   27   3    
 28 Detroit                         15-51   0.119   -6.8   0.215  0.023     28   28   1    
 29 San Antonio                     16-49   0.006   -10.3  0.000  0.011     30   29   17   
 30 Houston                         15-50   0.069   -8.1   0.138  0.000     29   30   10   
</div></pre>
</div>
<div class="tabbertab" title="BCS">
<pre><div id=data>

                                           -------Rating----------------  ----Rank----            
Rank Team                            W-L     KRS    SRS    S-Ix   WRS       S    W    SOS
========================================================================================
  1 Milwaukee                       47-18   0.950   4.0    0.899  1.000     4    1    20   
  2 Boston                          45-21   0.950   5.2    0.973  0.927     2    3    16   
  3 Denver                          46-19   0.933   4.2    0.912  0.954     3    2    27   
  4 Cleveland                       41-26   0.897   5.6    1.000  0.794     1    5    8    
  5 Philadelphia                    43-22   0.884   3.9    0.893  0.875     5    4    23   
  6 Memphis                         38-26   0.802   3.5    0.865  0.738     6    6    21   
  7 New York                        39-28   0.785   3.1    0.840  0.729     7    7    7    
  8 Sacramento                      38-26   0.742   2.1    0.779  0.706     8    8    30   

                                           -------Rating----------------  ----Rank----            
Rank Team                            W-L     KRS    SRS    S-Ix   WRS       S    W    SOS
========================================================================================
  9 Phoenix                         36-29   0.702   1.8    0.758  0.647     9    10   22   
 10 Brooklyn                        37-28   0.702   1.0    0.711  0.694     11   9    14   
 11 Dallas                          34-32   0.638   0.8    0.697  0.579     12   12   18   
 12 Oklahoma City                   31-34   0.634   1.8    0.755  0.513     10   20   12   
 13 Golden State                    34-32   0.618   0.5    0.675  0.562     16   13   25   
 14 Miami                           35-31   0.618   -0.6   0.610  0.626     21   11   9    
 15 Toronto                         32-34   0.601   0.6    0.681  0.522     14   18   11   
 16 New Orleans                     31-34   0.596   0.6    0.684  0.508     13   21   13   

                                           -------Rating----------------  ----Rank----            
Rank Team                            W-L     KRS    SRS    S-Ix   WRS       S    W    SOS
========================================================================================
 17 Atlanta                         32-33   0.590   -0.0   0.645  0.536     18   16   19   
 18 Washington                      31-34   0.581   0.1    0.649  0.513     17   19   6    
 19 Minnesota                       34-33   0.580   -0.5   0.611  0.549     20   15   26   
 20 LA Clippers                     34-33   0.578   -0.6   0.605  0.551     22   14   29   
 21 LA Lakers                       32-34   0.566   -0.7   0.601  0.532     23   17   15   
 22 Chicago                         29-36   0.563   0.5    0.676  0.450     15   24   5    
 23 Utah                            31-35   0.546   -0.4   0.622  0.470     19   23   24   
 24 Portland                        31-34   0.531   -1.1   0.579  0.482     24   22   28   

                                           -------Rating----------------  ----Rank----            
Rank Team                            W-L     KRS    SRS    S-Ix   WRS       S    W    SOS
========================================================================================
 25 Indiana                         29-37   0.481   -2.1   0.516  0.447     25   25   2    
 26 Orlando                         27-39   0.423   -2.7   0.476  0.371     26   26   4    
 27 Charlotte                       21-46   0.239   -5.6   0.291  0.186     27   27   3    
 28 Detroit                         15-51   0.119   -6.8   0.215  0.023     28   28   1    
 29 Houston                         15-50   0.069   -8.1   0.138  0.000     29   30   10   
 30 San Antonio                     16-49   0.006   -10.3  0.000  0.011     30   29   17   
</div></pre>
</div>
<div class="tabbertab" title="SOS">
<pre><div id=data>

                                           -------Rating----------------  ----Rank----            
Rank Team                            W-L     KRS    SRS    S-Ix   WRS       S    W    SOS
========================================================================================
  1 Detroit                         15-51   0.119   -6.8   0.215  0.023     28   28   1    
  2 Indiana                         29-37   0.481   -2.1   0.516  0.447     25   25   2    
  3 Charlotte                       21-46   0.239   -5.6   0.291  0.186     27   27   3    
  4 Orlando                         27-39   0.423   -2.7   0.476  0.371     26   26   4    
  5 Chicago                         29-36   0.563   0.5    0.676  0.450     15   24   5    
  6 Washington                      31-34   0.581   0.1    0.649  0.513     17   19   6    
  7 New York                        39-28   0.785   3.1    0.840  0.729     7    7    7    
  8 Cleveland                       41-26   0.897   5.6    1.000  0.794     1    5    8    

                                           -------Rating----------------  ----Rank----            
Rank Team                            W-L     KRS    SRS    S-Ix   WRS       S    W    SOS
========================================================================================
  9 Miami                           35-31   0.618   -0.6   0.610  0.626     21   11   9    
 10 Houston                         15-50   0.069   -8.1   0.138  0.000     29   30   10   
 11 Toronto                         32-34   0.601   0.6    0.681  0.522     14   18   11   
 12 Oklahoma City                   31-34   0.634   1.8    0.755  0.513     10   20   12   
 13 New Orleans                     31-34   0.596   0.6    0.684  0.508     13   21   13   
 14 Brooklyn                        37-28   0.702   1.0    0.711  0.694     11   9    14   
 15 LA Lakers                       32-34   0.566   -0.7   0.601  0.532     23   17   15   
 16 Boston                          45-21   0.950   5.2    0.973  0.927     2    3    16   

                                           -------Rating----------------  ----Rank----            
Rank Team                            W-L     KRS    SRS    S-Ix   WRS       S    W    SOS
========================================================================================
 17 San Antonio                     16-49   0.006   -10.3  0.000  0.011     30   29   17   
 18 Dallas                          34-32   0.638   0.8    0.697  0.579     12   12   18   
 19 Atlanta                         32-33   0.590   -0.0   0.645  0.536     18   16   19   
 20 Milwaukee                       47-18   0.950   4.0    0.899  1.000     4    1    20   
 21 Memphis                         38-26   0.802   3.5    0.865  0.738     6    6    21   
 22 Phoenix                         36-29   0.702   1.8    0.758  0.647     9    10   22   
 23 Philadelphia                    43-22   0.884   3.9    0.893  0.875     5    4    23   
 24 Utah                            31-35   0.546   -0.4   0.622  0.470     19   23   24   

                                           -------Rating----------------  ----Rank----            
Rank Team                            W-L     KRS    SRS    S-Ix   WRS       S    W    SOS
========================================================================================
 25 Golden State                    34-32   0.618   0.5    0.675  0.562     16   13   25   
 26 Minnesota                       34-33   0.580   -0.5   0.611  0.549     20   15   26   
 27 Denver                          46-19   0.933   4.2    0.912  0.954     3    2    27   
 28 Portland                        31-34   0.531   -1.1   0.579  0.482     24   22   28   
 29 LA Clippers                     34-33   0.578   -0.6   0.605  0.551     22   14   29   
 30 Sacramento                      38-26   0.742   2.1    0.779  0.706     8    8    30   
</div></pre>
</div>
	</pre>
	</p>
	</span>
</body>
<body>
<h3>Other links</h3>
<h4>Home</h4>
	<ul>
			<li class="listyle"><a href="https://2skupz.github.io/index.html"> Index</a></li>
	</ul>
</body>
