<html>
<head>
<!-- Global Site Tag (gtag.js) - Google Analytics -->
<title>2023 NBA Rankings</title>
<script type="text/javascript" src="tabber.js">
</script>
<link href="https://fonts.googleapis.com/css?family=Roboto+Slab|Droid+Sans+Mono" rel="stylesheet">
<style>
 body {
			font-family: "Roboto Slab", serif;
			font-size: 12px;
			}
#data {
			font-family: "Droid Sans Mono", serif;
			font-size: 13px;
		}
</style>
<link rel="stylesheet" href="tabbedPage.css" TYPE="text/css" MEDIA="screen">
</head>
<body bgcolor=#fbeec1>
<hr>
<table width=100%>
<tr><td align=left>
<h1 align="center">2023 NBA Rankings</h1>
</td>
</tr></table>
<p>
Standings through 12.14.22
<hr>
<center>
<table width=100% border=1><tr>
<td valign=top>
<div class="tabber">
<div class="tabbertab" title="Ken Power Index">
<pre><div id=data>

                                           -------Rating----------------  ----Rank----            
Rank Team                            W-L     KRS    SRS    S-Ix   WRS       S    W    SOS
========================================================================================
  1 Boston                          22-7    1.000   6.8    1.000  1.000     1    1    15   
  2 New Orleans                     18-9    0.891   5.8    0.939  0.843     2    3    22   
  3 Milwaukee                       20-7    0.883   4.2    0.841  0.925     5    2    28   
  4 Cleveland                       18-11   0.825   5.6    0.930  0.720     3    6    24   
  5 Memphis                         18-9    0.812   3.4    0.797  0.827     6    4    23   
  6 Phoenix                         16-12   0.751   4.2    0.843  0.660     4    9    13   
  7 Denver                          17-10   0.690   0.9    0.646  0.735     14   5    26   
  8 Sacramento                      15-12   0.685   2.3    0.731  0.640     8    10   8    

                                           -------Rating----------------  ----Rank----            
Rank Team                            W-L     KRS    SRS    S-Ix   WRS       S    W    SOS
========================================================================================
  9 Brooklyn                        17-12   0.682   1.6    0.686  0.679     11   8    16   
 10 Utah                            16-14   0.671   2.3    0.729  0.613     9    11   10   
 11 Portland                        16-12   0.669   1.0    0.650  0.688     13   7    14   
 12 Philadelphia                    15-12   0.660   2.4    0.738  0.582     7    14   25   
 13 Dallas                          14-14   0.638   2.1    0.717  0.559     10   15   3    
 14 New York                        15-13   0.632   1.4    0.678  0.587     12   13   6    
 15 Golden State                    14-15   0.563   0.8    0.641  0.486     15   16   11   
 16 LA Clippers                     17-13   0.558   -1.3   0.517  0.598     18   12   27   

                                           -------Rating----------------  ----Rank----            
Rank Team                            W-L     KRS    SRS    S-Ix   WRS       S    W    SOS
========================================================================================
 17 Toronto                         13-15   0.517   0.6    0.630  0.404     17   21   21   
 18 Chicago                         11-16   0.505   0.8    0.638  0.371     16   22   2    
 19 Atlanta                         14-15   0.488   -1.5   0.504  0.472     19   18   5    
 20 Indiana                         15-14   0.482   -1.8   0.484  0.480     23   17   30   
 21 Miami                           14-15   0.481   -1.5   0.504  0.457     20   19   20   
 22 LA Lakers                       11-16   0.424   -1.7   0.492  0.356     21   23   19   
 23 Minnesota                       13-15   0.420   -2.7   0.433  0.407     24   20   29   
 24 Oklahoma City                   11-17   0.409   -1.8   0.485  0.333     22   24   12   

                                           -------Rating----------------  ----Rank----            
Rank Team                            W-L     KRS    SRS    S-Ix   WRS       S    W    SOS
========================================================================================
 25 Washington                      11-18   0.342   -2.9   0.420  0.264     25   25   17   
 26 Houston                          9-18   0.276   -4.6   0.318  0.234     27   26   4    
 27 Orlando                          9-20   0.219   -4.4   0.332  0.106     26   28   9    
 28 Detroit                          8-22   0.184   -5.4   0.269  0.100     28   29   1    
 29 Charlotte                        7-21   0.092   -6.8   0.184  0.000     29   30   18   
 30 San Antonio                      9-19   0.086   -9.9   0.000  0.173     30   27   7    
</div></pre>
</div>
<div class="tabbertab" title="Points Based">
<pre><div id=data>

                                           -------Rating----------------  ----Rank----            
Rank Team                            W-L     KRS    SRS    S-Ix   WRS       S    W    SOS
========================================================================================
  1 Boston                          22-7    1.000   6.8    1.000  1.000     1    1    15   
  2 New Orleans                     18-9    0.891   5.8    0.939  0.843     2    3    22   
  3 Cleveland                       18-11   0.825   5.6    0.930  0.720     3    6    24   
  4 Phoenix                         16-12   0.751   4.2    0.843  0.660     4    9    13   
  5 Milwaukee                       20-7    0.883   4.2    0.841  0.925     5    2    28   
  6 Memphis                         18-9    0.812   3.4    0.797  0.827     6    4    23   
  7 Philadelphia                    15-12   0.660   2.4    0.738  0.582     7    14   25   
  8 Sacramento                      15-12   0.685   2.3    0.731  0.640     8    10   8    

                                           -------Rating----------------  ----Rank----            
Rank Team                            W-L     KRS    SRS    S-Ix   WRS       S    W    SOS
========================================================================================
  9 Utah                            16-14   0.671   2.3    0.729  0.613     9    11   10   
 10 Dallas                          14-14   0.638   2.1    0.717  0.559     10   15   3    
 11 Brooklyn                        17-12   0.682   1.6    0.686  0.679     11   8    16   
 12 New York                        15-13   0.632   1.4    0.678  0.587     12   13   6    
 13 Portland                        16-12   0.669   1.0    0.650  0.688     13   7    14   
 14 Denver                          17-10   0.690   0.9    0.646  0.735     14   5    26   
 15 Golden State                    14-15   0.563   0.8    0.641  0.486     15   16   11   
 16 Chicago                         11-16   0.505   0.8    0.638  0.371     16   22   2    

                                           -------Rating----------------  ----Rank----            
Rank Team                            W-L     KRS    SRS    S-Ix   WRS       S    W    SOS
========================================================================================
 17 Toronto                         13-15   0.517   0.6    0.630  0.404     17   21   21   
 18 LA Clippers                     17-13   0.558   -1.3   0.517  0.598     18   12   27   
 19 Atlanta                         14-15   0.488   -1.5   0.504  0.472     19   18   5    
 20 Miami                           14-15   0.481   -1.5   0.504  0.457     20   19   20   
 21 LA Lakers                       11-16   0.424   -1.7   0.492  0.356     21   23   19   
 22 Oklahoma City                   11-17   0.409   -1.8   0.485  0.333     22   24   12   
 23 Indiana                         15-14   0.482   -1.8   0.484  0.480     23   17   30   
 24 Minnesota                       13-15   0.420   -2.7   0.433  0.407     24   20   29   

                                           -------Rating----------------  ----Rank----            
Rank Team                            W-L     KRS    SRS    S-Ix   WRS       S    W    SOS
========================================================================================
 25 Washington                      11-18   0.342   -2.9   0.420  0.264     25   25   17   
 26 Orlando                          9-20   0.219   -4.4   0.332  0.106     26   28   9    
 27 Houston                          9-18   0.276   -4.6   0.318  0.234     27   26   4    
 28 Detroit                          8-22   0.184   -5.4   0.269  0.100     28   29   1    
 29 Charlotte                        7-21   0.092   -6.8   0.184  0.000     29   30   18   
 30 San Antonio                      9-19   0.086   -9.9   0.000  0.173     30   27   7    
</div></pre>
</div>
<div class="tabbertab" title="Wins Based">
<pre><div id=data>

                                           -------Rating----------------  ----Rank----            
Rank Team                            W-L     KRS    SRS    S-Ix   WRS       S    W    SOS
========================================================================================
  1 Boston                          22-7    1.000   6.8    1.000  1.000     1    1    15   
  2 Milwaukee                       20-7    0.883   4.2    0.841  0.925     5    2    28   
  3 New Orleans                     18-9    0.891   5.8    0.939  0.843     2    3    22   
  4 Memphis                         18-9    0.812   3.4    0.797  0.827     6    4    23   
  5 Denver                          17-10   0.690   0.9    0.646  0.735     14   5    26   
  6 Cleveland                       18-11   0.825   5.6    0.930  0.720     3    6    24   
  7 Portland                        16-12   0.669   1.0    0.650  0.688     13   7    14   
  8 Brooklyn                        17-12   0.682   1.6    0.686  0.679     11   8    16   

                                           -------Rating----------------  ----Rank----            
Rank Team                            W-L     KRS    SRS    S-Ix   WRS       S    W    SOS
========================================================================================
  9 Phoenix                         16-12   0.751   4.2    0.843  0.660     4    9    13   
 10 Sacramento                      15-12   0.685   2.3    0.731  0.640     8    10   8    
 11 Utah                            16-14   0.671   2.3    0.729  0.613     9    11   10   
 12 LA Clippers                     17-13   0.558   -1.3   0.517  0.598     18   12   27   
 13 New York                        15-13   0.632   1.4    0.678  0.587     12   13   6    
 14 Philadelphia                    15-12   0.660   2.4    0.738  0.582     7    14   25   
 15 Dallas                          14-14   0.638   2.1    0.717  0.559     10   15   3    
 16 Golden State                    14-15   0.563   0.8    0.641  0.486     15   16   11   

                                           -------Rating----------------  ----Rank----            
Rank Team                            W-L     KRS    SRS    S-Ix   WRS       S    W    SOS
========================================================================================
 17 Indiana                         15-14   0.482   -1.8   0.484  0.480     23   17   30   
 18 Atlanta                         14-15   0.488   -1.5   0.504  0.472     19   18   5    
 19 Miami                           14-15   0.481   -1.5   0.504  0.457     20   19   20   
 20 Minnesota                       13-15   0.420   -2.7   0.433  0.407     24   20   29   
 21 Toronto                         13-15   0.517   0.6    0.630  0.404     17   21   21   
 22 Chicago                         11-16   0.505   0.8    0.638  0.371     16   22   2    
 23 LA Lakers                       11-16   0.424   -1.7   0.492  0.356     21   23   19   
 24 Oklahoma City                   11-17   0.409   -1.8   0.485  0.333     22   24   12   

                                           -------Rating----------------  ----Rank----            
Rank Team                            W-L     KRS    SRS    S-Ix   WRS       S    W    SOS
========================================================================================
 25 Washington                      11-18   0.342   -2.9   0.420  0.264     25   25   17   
 26 Houston                          9-18   0.276   -4.6   0.318  0.234     27   26   4    
 27 San Antonio                      9-19   0.086   -9.9   0.000  0.173     30   27   7    
 28 Orlando                          9-20   0.219   -4.4   0.332  0.106     26   28   9    
 29 Detroit                          8-22   0.184   -5.4   0.269  0.100     28   29   1    
 30 Charlotte                        7-21   0.092   -6.8   0.184  0.000     29   30   18   
</div></pre>
</div>
<div class="tabbertab" title="BCS">
<pre><div id=data>

                                           -------Rating----------------  ----Rank----            
Rank Team                            W-L     KRS    SRS    S-Ix   WRS       S    W    SOS
========================================================================================
  1 Boston                          22-7    1.000   6.8    1.000  1.000     1    1    15   
  2 New Orleans                     18-9    0.891   5.8    0.939  0.843     2    3    22   
  3 Milwaukee                       20-7    0.883   4.2    0.841  0.925     5    2    28   
  4 Cleveland                       18-11   0.825   5.6    0.930  0.720     3    6    24   
  5 Memphis                         18-9    0.812   3.4    0.797  0.827     6    4    23   
  6 Phoenix                         16-12   0.751   4.2    0.843  0.660     4    9    13   
  7 Denver                          17-10   0.690   0.9    0.646  0.735     14   5    26   
  8 Sacramento                      15-12   0.685   2.3    0.731  0.640     8    10   8    

                                           -------Rating----------------  ----Rank----            
Rank Team                            W-L     KRS    SRS    S-Ix   WRS       S    W    SOS
========================================================================================
  9 Brooklyn                        17-12   0.682   1.6    0.686  0.679     11   8    16   
 10 Utah                            16-14   0.671   2.3    0.729  0.613     9    11   10   
 11 Portland                        16-12   0.669   1.0    0.650  0.688     13   7    14   
 12 Philadelphia                    15-12   0.660   2.4    0.738  0.582     7    14   25   
 13 Dallas                          14-14   0.638   2.1    0.717  0.559     10   15   3    
 14 New York                        15-13   0.632   1.4    0.678  0.587     12   13   6    
 15 Golden State                    14-15   0.563   0.8    0.641  0.486     15   16   11   
 16 LA Clippers                     17-13   0.558   -1.3   0.517  0.598     18   12   27   

                                           -------Rating----------------  ----Rank----            
Rank Team                            W-L     KRS    SRS    S-Ix   WRS       S    W    SOS
========================================================================================
 17 Toronto                         13-15   0.517   0.6    0.630  0.404     17   21   21   
 18 Chicago                         11-16   0.505   0.8    0.638  0.371     16   22   2    
 19 Atlanta                         14-15   0.488   -1.5   0.504  0.472     19   18   5    
 20 Indiana                         15-14   0.482   -1.8   0.484  0.480     23   17   30   
 21 Miami                           14-15   0.481   -1.5   0.504  0.457     20   19   20   
 22 LA Lakers                       11-16   0.424   -1.7   0.492  0.356     21   23   19   
 23 Minnesota                       13-15   0.420   -2.7   0.433  0.407     24   20   29   
 24 Oklahoma City                   11-17   0.409   -1.8   0.485  0.333     22   24   12   

                                           -------Rating----------------  ----Rank----            
Rank Team                            W-L     KRS    SRS    S-Ix   WRS       S    W    SOS
========================================================================================
 25 Washington                      11-18   0.342   -2.9   0.420  0.264     25   25   17   
 26 Houston                          9-18   0.276   -4.6   0.318  0.234     27   26   4    
 27 Orlando                          9-20   0.219   -4.4   0.332  0.106     26   28   9    
 28 Detroit                          8-22   0.184   -5.4   0.269  0.100     28   29   1    
 29 Charlotte                        7-21   0.092   -6.8   0.184  0.000     29   30   18   
 30 San Antonio                      9-19   0.086   -9.9   0.000  0.173     30   27   7    
</div></pre>
</div>
<div class="tabbertab" title="SOS">
<pre><div id=data>

                                           -------Rating----------------  ----Rank----            
Rank Team                            W-L     KRS    SRS    S-Ix   WRS       S    W    SOS
========================================================================================
  1 Detroit                          8-22   0.184   -5.4   0.269  0.100     28   29   1    
  2 Chicago                         11-16   0.505   0.8    0.638  0.371     16   22   2    
  3 Dallas                          14-14   0.638   2.1    0.717  0.559     10   15   3    
  4 Houston                          9-18   0.276   -4.6   0.318  0.234     27   26   4    
  5 Atlanta                         14-15   0.488   -1.5   0.504  0.472     19   18   5    
  6 New York                        15-13   0.632   1.4    0.678  0.587     12   13   6    
  7 San Antonio                      9-19   0.086   -9.9   0.000  0.173     30   27   7    
  8 Sacramento                      15-12   0.685   2.3    0.731  0.640     8    10   8    

                                           -------Rating----------------  ----Rank----            
Rank Team                            W-L     KRS    SRS    S-Ix   WRS       S    W    SOS
========================================================================================
  9 Orlando                          9-20   0.219   -4.4   0.332  0.106     26   28   9    
 10 Utah                            16-14   0.671   2.3    0.729  0.613     9    11   10   
 11 Golden State                    14-15   0.563   0.8    0.641  0.486     15   16   11   
 12 Oklahoma City                   11-17   0.409   -1.8   0.485  0.333     22   24   12   
 13 Phoenix                         16-12   0.751   4.2    0.843  0.660     4    9    13   
 14 Portland                        16-12   0.669   1.0    0.650  0.688     13   7    14   
 15 Boston                          22-7    1.000   6.8    1.000  1.000     1    1    15   
 16 Brooklyn                        17-12   0.682   1.6    0.686  0.679     11   8    16   

                                           -------Rating----------------  ----Rank----            
Rank Team                            W-L     KRS    SRS    S-Ix   WRS       S    W    SOS
========================================================================================
 17 Washington                      11-18   0.342   -2.9   0.420  0.264     25   25   17   
 18 Charlotte                        7-21   0.092   -6.8   0.184  0.000     29   30   18   
 19 LA Lakers                       11-16   0.424   -1.7   0.492  0.356     21   23   19   
 20 Miami                           14-15   0.481   -1.5   0.504  0.457     20   19   20   
 21 Toronto                         13-15   0.517   0.6    0.630  0.404     17   21   21   
 22 New Orleans                     18-9    0.891   5.8    0.939  0.843     2    3    22   
 23 Memphis                         18-9    0.812   3.4    0.797  0.827     6    4    23   
 24 Cleveland                       18-11   0.825   5.6    0.930  0.720     3    6    24   

                                           -------Rating----------------  ----Rank----            
Rank Team                            W-L     KRS    SRS    S-Ix   WRS       S    W    SOS
========================================================================================
 25 Philadelphia                    15-12   0.660   2.4    0.738  0.582     7    14   25   
 26 Denver                          17-10   0.690   0.9    0.646  0.735     14   5    26   
 27 LA Clippers                     17-13   0.558   -1.3   0.517  0.598     18   12   27   
 28 Milwaukee                       20-7    0.883   4.2    0.841  0.925     5    2    28   
 29 Minnesota                       13-15   0.420   -2.7   0.433  0.407     24   20   29   
 30 Indiana                         15-14   0.482   -1.8   0.484  0.480     23   17   30   
</div></pre>
</div>
	</pre>
	</p>
	</span>
</body>
<body>
<h3>Other links</h3>
<h4>Pro</h4>
	<ul>
			<li class="listyle"><a href="https://2skupz.github.io/nflKpi.html"> NFL</a></li>
			<li class="listyle"><a href="https://2skupz.github.io/nbaKpi.html"> NBA</a></li>
			<li class="listyle"><a href="https://2skupz.github.io/nhlKpi.html"> NHL</a></li>
	</ul>
<h4>Football</h4>
	<ul>
			<li class="listyle"><a href="https://2skupz.github.io/fbD1Rankings.html"> Division I</a></li>
			<li class="listyle"><a href="https://2skupz.github.io/fbFBSRankings.html"> Division I - FBS</a></li>
			<li class="listyle"><a href="https://2skupz.github.io/fbFCSRankings.html"> Division I - FCS</a></li>
			<li class="listyle"><a href="https://2skupz.github.io/fbD2Rankings.html"> Division II</a></li>
			<li class="listyle"><a href="https://2skupz.github.io/fbD3Rankings.html"> Division III</a></li>
	</ul>
<h4>Baseball</h4>
	<ul>
			<li class="listyle"><a href="https://2skupz.github.io/mlbPlayoffOdds.html"> MLB Playoff Odds</a></li>
			<li class="listyle"><a href="https://2skupz.github.io/baseD1Rankings.html"> Division 1</a></li>
			<li class="listyle"><a href="https://2skupz.github.io/baseD1Rankings.html"> Division 2</a></li>
			<li class="listyle"><a href="https://2skupz.github.io/baseD1Rankings.html"> Division 3</a></li>
	</ul>
<h4>Men's College Basketball</h4>
	<ul>
			<li class="listyle"><a href="https://2skupz.github.io/d1MbbRankings.html"> Division 1</a></li>
			<li class="listyle"><a href="https://2skupz.github.io/d2MbbRankings.html"> Division 2</a></li>
			<li class="listyle"><a href="https://2skupz.github.io/d3MbbRankings.html"> Division 3</a></li>
			<li class="listyle"><a href="https://2skupz.github.io/uSportMbbRankings.html"> U Sports</a></li>
	</ul>
<h4>Women's College Basketball</h4>
	<ul>
			<li class="listyle"><a href="https://2skupz.github.io/d1WbbRankings.html"> Division 1</a></li>
			<li class="listyle"><a href="https://2skupz.github.io/d2WbbRankings.html"> Division 2</a></li>
			<li class="listyle"><a href="https://2skupz.github.io/d3WbbRankings.html"> Division 3</a></li>
			<li class="listyle"><a href="https://2skupz.github.io/uSportsWbbRankings.html"> U Sports</a></li>
	</ul>
</body>
