<html>
<head>
<!-- Global Site Tag (gtag.js) - Google Analytics -->
<title>2023 NBA Rankings</title>
<script type="text/javascript" src="tabber.js">
</script>
<link href="https://fonts.googleapis.com/css?family=Roboto+Slab|Droid+Sans+Mono" rel="stylesheet">
<style>
 body {
			font-family: "Roboto Slab", serif;
			font-size: 12px;
			}
#data {
			font-family: "Droid Sans Mono", serif;
			font-size: 13px;
		}
</style>
<link rel="stylesheet" href="tabbedPage.css" TYPE="text/css" MEDIA="screen">
</head>
<body bgcolor=#fbeec1>
<hr>
<table width=100%>
<tr><td align=left>
<h1 align="center">2023 NBA Rankings</h1>
</td>
</tr></table>
<p>
Standings through 03.26.23
<hr>
<center>
<table width=100% border=1><tr>
<td valign=top>
<div class="tabber">
<div class="tabbertab" title="Ken Power Index">
<pre><div id=data>

                                           -------Rating----------------  ----Rank----            
Rank Team                            W-L     KRS    SRS    S-Ix   WRS       S    W    SOS
========================================================================================
  1 Boston                          52-23   0.974   6.1    1.000  0.948     1    2    25   
  2 Milwaukee                       53-21   0.941   4.2    0.882  1.000     4    1    20   
  3 Cleveland                       48-28   0.904   5.6    0.971  0.838     2    5    15   
  4 Philadelphia                    49-25   0.895   4.6    0.906  0.885     3    4    22   
  5 Denver                          50-24   0.878   3.8    0.856  0.899     6    3    28   
  6 Memphis                         47-27   0.840   3.9    0.865  0.814     5    6    30   
  7 Sacramento                      45-29   0.766   2.3    0.764  0.768     8    7    26   
  8 New York                        42-33   0.745   2.7    0.793  0.697     7    8    8    

                                           -------Rating----------------  ----Rank----            
Rank Team                            W-L     KRS    SRS    S-Ix   WRS       S    W    SOS
========================================================================================
  9 Phoenix                         39-35   0.675   1.7    0.733  0.617     9    11   13   
 10 Brooklyn                        40-35   0.670   1.0    0.688  0.653     14   9    2    
 11 Chicago                         36-38   0.627   1.3    0.708  0.546     10   18   9    
 12 Oklahoma City                   37-38   0.622   1.1    0.695  0.549     12   15   14   
 13 Toronto                         37-38   0.622   1.1    0.695  0.548     11   16   12   
 14 Miami                           40-35   0.620   -0.5   0.595  0.644     21   10   5    
 15 Golden State                    39-37   0.616   0.4    0.651  0.580     15   13   18   
 16 New Orleans                     37-37   0.615   1.1    0.695  0.536     13   20   29   

                                           -------Rating----------------  ----Rank----            
Rank Team                            W-L     KRS    SRS    S-Ix   WRS       S    W    SOS
========================================================================================
 17 LA Clippers                     39-36   0.602   -0.1   0.621  0.583     18   12   27   
 18 Minnesota                       38-37   0.587   -0.3   0.607  0.567     19   14   19   
 19 Atlanta                         37-38   0.585   0.1    0.631  0.539     17   19   24   
 20 LA Lakers                       37-38   0.576   -0.3   0.607  0.546     20   17   17   
 21 Dallas                          36-39   0.569   0.1    0.632  0.506     16   21   23   
 22 Utah                            35-39   0.541   -0.7   0.585  0.496     22   22   21   
 23 Washington                      33-42   0.510   -0.8   0.576  0.444     23   24   10   
 24 Indiana                         33-42   0.457   -2.6   0.469  0.445     26   23   7    

                                           -------Rating----------------  ----Rank----            
Rank Team                            W-L     KRS    SRS    S-Ix   WRS       S    W    SOS
========================================================================================
 25 Portland                        32-42   0.455   -2.1   0.497  0.413     24   25   16   
 26 Orlando                         32-43   0.449   -2.3   0.486  0.411     25   26   11   
 27 Charlotte                       25-51   0.252   -5.6   0.283  0.221     27   27   3    
 28 Houston                         18-57   0.088   -8.0   0.140  0.036     29   29   4    
 29 Detroit                         16-58   0.086   -7.4   0.173  0.000     28   30   1    
 30 San Antonio                     19-56   0.025   -10.3  0.000  0.049     30   28   6    
</div></pre>
</div>
<div class="tabbertab" title="Points Based">
<pre><div id=data>

                                           -------Rating----------------  ----Rank----            
Rank Team                            W-L     KRS    SRS    S-Ix   WRS       S    W    SOS
========================================================================================
  1 Boston                          52-23   0.974   6.1    1.000  0.948     1    2    25   
  2 Cleveland                       48-28   0.904   5.6    0.971  0.838     2    5    15   
  3 Philadelphia                    49-25   0.895   4.6    0.906  0.885     3    4    22   
  4 Milwaukee                       53-21   0.941   4.2    0.882  1.000     4    1    20   
  5 Memphis                         47-27   0.840   3.9    0.865  0.814     5    6    30   
  6 Denver                          50-24   0.878   3.8    0.856  0.899     6    3    28   
  7 New York                        42-33   0.745   2.7    0.793  0.697     7    8    8    
  8 Sacramento                      45-29   0.766   2.3    0.764  0.768     8    7    26   

                                           -------Rating----------------  ----Rank----            
Rank Team                            W-L     KRS    SRS    S-Ix   WRS       S    W    SOS
========================================================================================
  9 Phoenix                         39-35   0.675   1.7    0.733  0.617     9    11   13   
 10 Chicago                         36-38   0.627   1.3    0.708  0.546     10   18   9    
 11 Toronto                         37-38   0.622   1.1    0.695  0.548     11   16   12   
 12 Oklahoma City                   37-38   0.622   1.1    0.695  0.549     12   15   14   
 13 New Orleans                     37-37   0.615   1.1    0.695  0.536     13   20   29   
 14 Brooklyn                        40-35   0.670   1.0    0.688  0.653     14   9    2    
 15 Golden State                    39-37   0.616   0.4    0.651  0.580     15   13   18   
 16 Dallas                          36-39   0.569   0.1    0.632  0.506     16   21   23   

                                           -------Rating----------------  ----Rank----            
Rank Team                            W-L     KRS    SRS    S-Ix   WRS       S    W    SOS
========================================================================================
 17 Atlanta                         37-38   0.585   0.1    0.631  0.539     17   19   24   
 18 LA Clippers                     39-36   0.602   -0.1   0.621  0.583     18   12   27   
 19 Minnesota                       38-37   0.587   -0.3   0.607  0.567     19   14   19   
 20 LA Lakers                       37-38   0.576   -0.3   0.607  0.546     20   17   17   
 21 Miami                           40-35   0.620   -0.5   0.595  0.644     21   10   5    
 22 Utah                            35-39   0.541   -0.7   0.585  0.496     22   22   21   
 23 Washington                      33-42   0.510   -0.8   0.576  0.444     23   24   10   
 24 Portland                        32-42   0.455   -2.1   0.497  0.413     24   25   16   

                                           -------Rating----------------  ----Rank----            
Rank Team                            W-L     KRS    SRS    S-Ix   WRS       S    W    SOS
========================================================================================
 25 Orlando                         32-43   0.449   -2.3   0.486  0.411     25   26   11   
 26 Indiana                         33-42   0.457   -2.6   0.469  0.445     26   23   7    
 27 Charlotte                       25-51   0.252   -5.6   0.283  0.221     27   27   3    
 28 Detroit                         16-58   0.086   -7.4   0.173  0.000     28   30   1    
 29 Houston                         18-57   0.088   -8.0   0.140  0.036     29   29   4    
 30 San Antonio                     19-56   0.025   -10.3  0.000  0.049     30   28   6    
</div></pre>
</div>
<div class="tabbertab" title="Wins Based">
<pre><div id=data>

                                           -------Rating----------------  ----Rank----            
Rank Team                            W-L     KRS    SRS    S-Ix   WRS       S    W    SOS
========================================================================================
  1 Milwaukee                       53-21   0.941   4.2    0.882  1.000     4    1    20   
  2 Boston                          52-23   0.974   6.1    1.000  0.948     1    2    25   
  3 Denver                          50-24   0.878   3.8    0.856  0.899     6    3    28   
  4 Philadelphia                    49-25   0.895   4.6    0.906  0.885     3    4    22   
  5 Cleveland                       48-28   0.904   5.6    0.971  0.838     2    5    15   
  6 Memphis                         47-27   0.840   3.9    0.865  0.814     5    6    30   
  7 Sacramento                      45-29   0.766   2.3    0.764  0.768     8    7    26   
  8 New York                        42-33   0.745   2.7    0.793  0.697     7    8    8    

                                           -------Rating----------------  ----Rank----            
Rank Team                            W-L     KRS    SRS    S-Ix   WRS       S    W    SOS
========================================================================================
  9 Brooklyn                        40-35   0.670   1.0    0.688  0.653     14   9    2    
 10 Miami                           40-35   0.620   -0.5   0.595  0.644     21   10   5    
 11 Phoenix                         39-35   0.675   1.7    0.733  0.617     9    11   13   
 12 LA Clippers                     39-36   0.602   -0.1   0.621  0.583     18   12   27   
 13 Golden State                    39-37   0.616   0.4    0.651  0.580     15   13   18   
 14 Minnesota                       38-37   0.587   -0.3   0.607  0.567     19   14   19   
 15 Oklahoma City                   37-38   0.622   1.1    0.695  0.549     12   15   14   
 16 Toronto                         37-38   0.622   1.1    0.695  0.548     11   16   12   

                                           -------Rating----------------  ----Rank----            
Rank Team                            W-L     KRS    SRS    S-Ix   WRS       S    W    SOS
========================================================================================
 17 LA Lakers                       37-38   0.576   -0.3   0.607  0.546     20   17   17   
 18 Chicago                         36-38   0.627   1.3    0.708  0.546     10   18   9    
 19 Atlanta                         37-38   0.585   0.1    0.631  0.539     17   19   24   
 20 New Orleans                     37-37   0.615   1.1    0.695  0.536     13   20   29   
 21 Dallas                          36-39   0.569   0.1    0.632  0.506     16   21   23   
 22 Utah                            35-39   0.541   -0.7   0.585  0.496     22   22   21   
 23 Indiana                         33-42   0.457   -2.6   0.469  0.445     26   23   7    
 24 Washington                      33-42   0.510   -0.8   0.576  0.444     23   24   10   

                                           -------Rating----------------  ----Rank----            
Rank Team                            W-L     KRS    SRS    S-Ix   WRS       S    W    SOS
========================================================================================
 25 Portland                        32-42   0.455   -2.1   0.497  0.413     24   25   16   
 26 Orlando                         32-43   0.449   -2.3   0.486  0.411     25   26   11   
 27 Charlotte                       25-51   0.252   -5.6   0.283  0.221     27   27   3    
 28 San Antonio                     19-56   0.025   -10.3  0.000  0.049     30   28   6    
 29 Houston                         18-57   0.088   -8.0   0.140  0.036     29   29   4    
 30 Detroit                         16-58   0.086   -7.4   0.173  0.000     28   30   1    
</div></pre>
</div>
<div class="tabbertab" title="BCS">
<pre><div id=data>

                                           -------Rating----------------  ----Rank----            
Rank Team                            W-L     KRS    SRS    S-Ix   WRS       S    W    SOS
========================================================================================
  1 Boston                          52-23   0.974   6.1    1.000  0.948     1    2    25   
  2 Milwaukee                       53-21   0.941   4.2    0.882  1.000     4    1    20   
  3 Cleveland                       48-28   0.904   5.6    0.971  0.838     2    5    15   
  4 Philadelphia                    49-25   0.895   4.6    0.906  0.885     3    4    22   
  5 Denver                          50-24   0.878   3.8    0.856  0.899     6    3    28   
  6 Memphis                         47-27   0.840   3.9    0.865  0.814     5    6    30   
  7 Sacramento                      45-29   0.766   2.3    0.764  0.768     8    7    26   
  8 New York                        42-33   0.745   2.7    0.793  0.697     7    8    8    

                                           -------Rating----------------  ----Rank----            
Rank Team                            W-L     KRS    SRS    S-Ix   WRS       S    W    SOS
========================================================================================
  9 Phoenix                         39-35   0.675   1.7    0.733  0.617     9    11   13   
 10 Brooklyn                        40-35   0.670   1.0    0.688  0.653     14   9    2    
 11 Chicago                         36-38   0.627   1.3    0.708  0.546     10   18   9    
 12 Oklahoma City                   37-38   0.622   1.1    0.695  0.549     12   15   14   
 13 Toronto                         37-38   0.622   1.1    0.695  0.548     11   16   12   
 14 Miami                           40-35   0.620   -0.5   0.595  0.644     21   10   5    
 15 Golden State                    39-37   0.616   0.4    0.651  0.580     15   13   18   
 16 New Orleans                     37-37   0.615   1.1    0.695  0.536     13   20   29   

                                           -------Rating----------------  ----Rank----            
Rank Team                            W-L     KRS    SRS    S-Ix   WRS       S    W    SOS
========================================================================================
 17 LA Clippers                     39-36   0.602   -0.1   0.621  0.583     18   12   27   
 18 Minnesota                       38-37   0.587   -0.3   0.607  0.567     19   14   19   
 19 Atlanta                         37-38   0.585   0.1    0.631  0.539     17   19   24   
 20 LA Lakers                       37-38   0.576   -0.3   0.607  0.546     20   17   17   
 21 Dallas                          36-39   0.569   0.1    0.632  0.506     16   21   23   
 22 Utah                            35-39   0.541   -0.7   0.585  0.496     22   22   21   
 23 Washington                      33-42   0.510   -0.8   0.576  0.444     23   24   10   
 24 Indiana                         33-42   0.457   -2.6   0.469  0.445     26   23   7    

                                           -------Rating----------------  ----Rank----            
Rank Team                            W-L     KRS    SRS    S-Ix   WRS       S    W    SOS
========================================================================================
 25 Portland                        32-42   0.455   -2.1   0.497  0.413     24   25   16   
 26 Orlando                         32-43   0.449   -2.3   0.486  0.411     25   26   11   
 27 Charlotte                       25-51   0.252   -5.6   0.283  0.221     27   27   3    
 28 Houston                         18-57   0.088   -8.0   0.140  0.036     29   29   4    
 29 Detroit                         16-58   0.086   -7.4   0.173  0.000     28   30   1    
 30 San Antonio                     19-56   0.025   -10.3  0.000  0.049     30   28   6    
</div></pre>
</div>
<div class="tabbertab" title="SOS">
<pre><div id=data>

                                           -------Rating----------------  ----Rank----            
Rank Team                            W-L     KRS    SRS    S-Ix   WRS       S    W    SOS
========================================================================================
  1 Detroit                         16-58   0.086   -7.4   0.173  0.000     28   30   1    
  2 Brooklyn                        40-35   0.670   1.0    0.688  0.653     14   9    2    
  3 Charlotte                       25-51   0.252   -5.6   0.283  0.221     27   27   3    
  4 Houston                         18-57   0.088   -8.0   0.140  0.036     29   29   4    
  5 Miami                           40-35   0.620   -0.5   0.595  0.644     21   10   5    
  6 San Antonio                     19-56   0.025   -10.3  0.000  0.049     30   28   6    
  7 Indiana                         33-42   0.457   -2.6   0.469  0.445     26   23   7    
  8 New York                        42-33   0.745   2.7    0.793  0.697     7    8    8    

                                           -------Rating----------------  ----Rank----            
Rank Team                            W-L     KRS    SRS    S-Ix   WRS       S    W    SOS
========================================================================================
  9 Chicago                         36-38   0.627   1.3    0.708  0.546     10   18   9    
 10 Washington                      33-42   0.510   -0.8   0.576  0.444     23   24   10   
 11 Orlando                         32-43   0.449   -2.3   0.486  0.411     25   26   11   
 12 Toronto                         37-38   0.622   1.1    0.695  0.548     11   16   12   
 13 Phoenix                         39-35   0.675   1.7    0.733  0.617     9    11   13   
 14 Oklahoma City                   37-38   0.622   1.1    0.695  0.549     12   15   14   
 15 Cleveland                       48-28   0.904   5.6    0.971  0.838     2    5    15   
 16 Portland                        32-42   0.455   -2.1   0.497  0.413     24   25   16   

                                           -------Rating----------------  ----Rank----            
Rank Team                            W-L     KRS    SRS    S-Ix   WRS       S    W    SOS
========================================================================================
 17 LA Lakers                       37-38   0.576   -0.3   0.607  0.546     20   17   17   
 18 Golden State                    39-37   0.616   0.4    0.651  0.580     15   13   18   
 19 Minnesota                       38-37   0.587   -0.3   0.607  0.567     19   14   19   
 20 Milwaukee                       53-21   0.941   4.2    0.882  1.000     4    1    20   
 21 Utah                            35-39   0.541   -0.7   0.585  0.496     22   22   21   
 22 Philadelphia                    49-25   0.895   4.6    0.906  0.885     3    4    22   
 23 Dallas                          36-39   0.569   0.1    0.632  0.506     16   21   23   
 24 Atlanta                         37-38   0.585   0.1    0.631  0.539     17   19   24   

                                           -------Rating----------------  ----Rank----            
Rank Team                            W-L     KRS    SRS    S-Ix   WRS       S    W    SOS
========================================================================================
 25 Boston                          52-23   0.974   6.1    1.000  0.948     1    2    25   
 26 Sacramento                      45-29   0.766   2.3    0.764  0.768     8    7    26   
 27 LA Clippers                     39-36   0.602   -0.1   0.621  0.583     18   12   27   
 28 Denver                          50-24   0.878   3.8    0.856  0.899     6    3    28   
 29 New Orleans                     37-37   0.615   1.1    0.695  0.536     13   20   29   
 30 Memphis                         47-27   0.840   3.9    0.865  0.814     5    6    30   
</div></pre>
</div>
	</pre>
	</p>
	</span>
</body>
<body>
<h3>Other links</h3>
<h4>Home</h4>
	<ul>
			<li class="listyle"><a href="https://2skupz.github.io/index.html"> Index</a></li>
	</ul>
</body>
