<html>
<head>
<!-- Global Site Tag (gtag.js) - Google Analytics -->
<title>2023 NBA Rankings</title>
<script type="text/javascript" src="tabber.js">
</script>
<link href="https://fonts.googleapis.com/css?family=Roboto+Slab|Droid+Sans+Mono" rel="stylesheet">
<style>
 body {
			font-family: "Roboto Slab", serif;
			font-size: 12px;
			}
#data {
			font-family: "Droid Sans Mono", serif;
			font-size: 13px;
		}
</style>
<link rel="stylesheet" href="tabbedPage.css" TYPE="text/css" MEDIA="screen">
</head>
<body bgcolor=#fbeec1>
<hr>
<table width=100%>
<tr><td align=left>
<h1 align="center">2023 NBA Rankings</h1>
</td>
</tr></table>
<p>
Standings through 12.29.22
<hr>
<center>
<table width=100% border=1><tr>
<td valign=top>
<div class="tabber">
<div class="tabbertab" title="Ken Power Index">
<pre><div id=data>

                                           -------Rating----------------  ----Rank----            
Rank Team                            W-L     KRS    SRS    S-Ix   WRS       S    W    SOS
========================================================================================
  1 Boston                          26-10   1.000   6.4    1.000  1.000     1    1    25   
  2 New Orleans                     22-12   0.873   4.8    0.894  0.853     3    3    26   
  3 Brooklyn                        23-12   0.843   3.3    0.797  0.889     6    2    7    
  4 Cleveland                       22-14   0.835   5.0    0.905  0.765     2    7    21   
  5 Memphis                         21-13   0.817   4.0    0.839  0.795     4    6    10   
  6 Milwaukee                       22-12   0.786   2.3    0.730  0.843     9    4    13   
  7 Philadelphia                    20-13   0.749   3.2    0.786  0.712     7    8    27   
  8 Denver                          22-12   0.742   1.3    0.665  0.819     12   5    29   

                                           -------Rating----------------  ----Rank----            
Rank Team                            W-L     KRS    SRS    S-Ix   WRS       S    W    SOS
========================================================================================
  9 Phoenix                         20-16   0.731   3.4    0.803  0.658     5    10   15   
 10 Dallas                          20-16   0.711   2.6    0.750  0.671     8    9    5    
 11 Sacramento                      18-15   0.647   1.3    0.667  0.626     11   11   22   
 12 New York                        18-18   0.611   1.9    0.702  0.520     10   17   17   
 13 Utah                            19-18   0.606   0.9    0.636  0.576     13   15   11   
 14 Portland                        18-16   0.595   0.1    0.587  0.603     15   13   20   
 15 LA Clippers                     21-16   0.586   -0.5   0.549  0.622     16   12   30   
 16 Indiana                         19-17   0.571   -0.5   0.545  0.596     18   14   16   

                                           -------Rating----------------  ----Rank----            
Rank Team                            W-L     KRS    SRS    S-Ix   WRS       S    W    SOS
========================================================================================
 17 Golden State                    18-18   0.540   -0.5   0.547  0.534     17   16   9    
 18 Miami                           18-17   0.509   -1.2   0.499  0.519     23   18   28   
 19 Toronto                         15-20   0.500   0.3    0.600  0.400     14   22   4    
 20 Chicago                         15-19   0.487   -0.7   0.533  0.441     19   20   2    
 21 Atlanta                         17-18   0.485   -1.1   0.511  0.459     21   19   24   
 22 Minnesota                       16-19   0.460   -1.2   0.498  0.423     24   21   23   
 23 Washington                      15-21   0.450   -1.0   0.515  0.384     20   24   3    
 24 Oklahoma City                   15-20   0.448   -1.1   0.507  0.390     22   23   12   

                                           -------Rating----------------  ----Rank----            
Rank Team                            W-L     KRS    SRS    S-Ix   WRS       S    W    SOS
========================================================================================
 25 LA Lakers                       14-21   0.375   -2.2   0.434  0.317     25   25   19   
 26 Orlando                         13-23   0.259   -3.8   0.328  0.190     26   26   18   
 27 Houston                         10-25   0.148   -5.7   0.206  0.090     27   28   6    
 28 Charlotte                       10-26   0.106   -6.3   0.168  0.044     29   29   8    
 29 Detroit                          9-28   0.091   -6.1   0.182  0.000     28   30   1    
 30 San Antonio                     12-23   0.086   -8.9   0.000  0.172     30   27   14   
</div></pre>
</div>
<div class="tabbertab" title="Points Based">
<pre><div id=data>

                                           -------Rating----------------  ----Rank----            
Rank Team                            W-L     KRS    SRS    S-Ix   WRS       S    W    SOS
========================================================================================
  1 Boston                          26-10   1.000   6.4    1.000  1.000     1    1    25   
  2 Cleveland                       22-14   0.835   5.0    0.905  0.765     2    7    21   
  3 New Orleans                     22-12   0.873   4.8    0.894  0.853     3    3    26   
  4 Memphis                         21-13   0.817   4.0    0.839  0.795     4    6    10   
  5 Phoenix                         20-16   0.731   3.4    0.803  0.658     5    10   15   
  6 Brooklyn                        23-12   0.843   3.3    0.797  0.889     6    2    7    
  7 Philadelphia                    20-13   0.749   3.2    0.786  0.712     7    8    27   
  8 Dallas                          20-16   0.711   2.6    0.750  0.671     8    9    5    

                                           -------Rating----------------  ----Rank----            
Rank Team                            W-L     KRS    SRS    S-Ix   WRS       S    W    SOS
========================================================================================
  9 Milwaukee                       22-12   0.786   2.3    0.730  0.843     9    4    13   
 10 New York                        18-18   0.611   1.9    0.702  0.520     10   17   17   
 11 Sacramento                      18-15   0.647   1.3    0.667  0.626     11   11   22   
 12 Denver                          22-12   0.742   1.3    0.665  0.819     12   5    29   
 13 Utah                            19-18   0.606   0.9    0.636  0.576     13   15   11   
 14 Toronto                         15-20   0.500   0.3    0.600  0.400     14   22   4    
 15 Portland                        18-16   0.595   0.1    0.587  0.603     15   13   20   
 16 LA Clippers                     21-16   0.586   -0.5   0.549  0.622     16   12   30   

                                           -------Rating----------------  ----Rank----            
Rank Team                            W-L     KRS    SRS    S-Ix   WRS       S    W    SOS
========================================================================================
 17 Golden State                    18-18   0.540   -0.5   0.547  0.534     17   16   9    
 18 Indiana                         19-17   0.571   -0.5   0.545  0.596     18   14   16   
 19 Chicago                         15-19   0.487   -0.7   0.533  0.441     19   20   2    
 20 Washington                      15-21   0.450   -1.0   0.515  0.384     20   24   3    
 21 Atlanta                         17-18   0.485   -1.1   0.511  0.459     21   19   24   
 22 Oklahoma City                   15-20   0.448   -1.1   0.507  0.390     22   23   12   
 23 Miami                           18-17   0.509   -1.2   0.499  0.519     23   18   28   
 24 Minnesota                       16-19   0.460   -1.2   0.498  0.423     24   21   23   

                                           -------Rating----------------  ----Rank----            
Rank Team                            W-L     KRS    SRS    S-Ix   WRS       S    W    SOS
========================================================================================
 25 LA Lakers                       14-21   0.375   -2.2   0.434  0.317     25   25   19   
 26 Orlando                         13-23   0.259   -3.8   0.328  0.190     26   26   18   
 27 Houston                         10-25   0.148   -5.7   0.206  0.090     27   28   6    
 28 Detroit                          9-28   0.091   -6.1   0.182  0.000     28   30   1    
 29 Charlotte                       10-26   0.106   -6.3   0.168  0.044     29   29   8    
 30 San Antonio                     12-23   0.086   -8.9   0.000  0.172     30   27   14   
</div></pre>
</div>
<div class="tabbertab" title="Wins Based">
<pre><div id=data>

                                           -------Rating----------------  ----Rank----            
Rank Team                            W-L     KRS    SRS    S-Ix   WRS       S    W    SOS
========================================================================================
  1 Boston                          26-10   1.000   6.4    1.000  1.000     1    1    25   
  2 Brooklyn                        23-12   0.843   3.3    0.797  0.889     6    2    7    
  3 New Orleans                     22-12   0.873   4.8    0.894  0.853     3    3    26   
  4 Milwaukee                       22-12   0.786   2.3    0.730  0.843     9    4    13   
  5 Denver                          22-12   0.742   1.3    0.665  0.819     12   5    29   
  6 Memphis                         21-13   0.817   4.0    0.839  0.795     4    6    10   
  7 Cleveland                       22-14   0.835   5.0    0.905  0.765     2    7    21   
  8 Philadelphia                    20-13   0.749   3.2    0.786  0.712     7    8    27   

                                           -------Rating----------------  ----Rank----            
Rank Team                            W-L     KRS    SRS    S-Ix   WRS       S    W    SOS
========================================================================================
  9 Dallas                          20-16   0.711   2.6    0.750  0.671     8    9    5    
 10 Phoenix                         20-16   0.731   3.4    0.803  0.658     5    10   15   
 11 Sacramento                      18-15   0.647   1.3    0.667  0.626     11   11   22   
 12 LA Clippers                     21-16   0.586   -0.5   0.549  0.622     16   12   30   
 13 Portland                        18-16   0.595   0.1    0.587  0.603     15   13   20   
 14 Indiana                         19-17   0.571   -0.5   0.545  0.596     18   14   16   
 15 Utah                            19-18   0.606   0.9    0.636  0.576     13   15   11   
 16 Golden State                    18-18   0.540   -0.5   0.547  0.534     17   16   9    

                                           -------Rating----------------  ----Rank----            
Rank Team                            W-L     KRS    SRS    S-Ix   WRS       S    W    SOS
========================================================================================
 17 New York                        18-18   0.611   1.9    0.702  0.520     10   17   17   
 18 Miami                           18-17   0.509   -1.2   0.499  0.519     23   18   28   
 19 Atlanta                         17-18   0.485   -1.1   0.511  0.459     21   19   24   
 20 Chicago                         15-19   0.487   -0.7   0.533  0.441     19   20   2    
 21 Minnesota                       16-19   0.460   -1.2   0.498  0.423     24   21   23   
 22 Toronto                         15-20   0.500   0.3    0.600  0.400     14   22   4    
 23 Oklahoma City                   15-20   0.448   -1.1   0.507  0.390     22   23   12   
 24 Washington                      15-21   0.450   -1.0   0.515  0.384     20   24   3    

                                           -------Rating----------------  ----Rank----            
Rank Team                            W-L     KRS    SRS    S-Ix   WRS       S    W    SOS
========================================================================================
 25 LA Lakers                       14-21   0.375   -2.2   0.434  0.317     25   25   19   
 26 Orlando                         13-23   0.259   -3.8   0.328  0.190     26   26   18   
 27 San Antonio                     12-23   0.086   -8.9   0.000  0.172     30   27   14   
 28 Houston                         10-25   0.148   -5.7   0.206  0.090     27   28   6    
 29 Charlotte                       10-26   0.106   -6.3   0.168  0.044     29   29   8    
 30 Detroit                          9-28   0.091   -6.1   0.182  0.000     28   30   1    
</div></pre>
</div>
<div class="tabbertab" title="BCS">
<pre><div id=data>

                                           -------Rating----------------  ----Rank----            
Rank Team                            W-L     KRS    SRS    S-Ix   WRS       S    W    SOS
========================================================================================
  1 Boston                          26-10   1.000   6.4    1.000  1.000     1    1    25   
  2 New Orleans                     22-12   0.873   4.8    0.894  0.853     3    3    26   
  3 Brooklyn                        23-12   0.843   3.3    0.797  0.889     6    2    7    
  4 Cleveland                       22-14   0.835   5.0    0.905  0.765     2    7    21   
  5 Memphis                         21-13   0.817   4.0    0.839  0.795     4    6    10   
  6 Milwaukee                       22-12   0.786   2.3    0.730  0.843     9    4    13   
  7 Philadelphia                    20-13   0.749   3.2    0.786  0.712     7    8    27   
  8 Denver                          22-12   0.742   1.3    0.665  0.819     12   5    29   

                                           -------Rating----------------  ----Rank----            
Rank Team                            W-L     KRS    SRS    S-Ix   WRS       S    W    SOS
========================================================================================
  9 Phoenix                         20-16   0.731   3.4    0.803  0.658     5    10   15   
 10 Dallas                          20-16   0.711   2.6    0.750  0.671     8    9    5    
 11 Sacramento                      18-15   0.647   1.3    0.667  0.626     11   11   22   
 12 New York                        18-18   0.611   1.9    0.702  0.520     10   17   17   
 13 Utah                            19-18   0.606   0.9    0.636  0.576     13   15   11   
 14 Portland                        18-16   0.595   0.1    0.587  0.603     15   13   20   
 15 LA Clippers                     21-16   0.586   -0.5   0.549  0.622     16   12   30   
 16 Indiana                         19-17   0.571   -0.5   0.545  0.596     18   14   16   

                                           -------Rating----------------  ----Rank----            
Rank Team                            W-L     KRS    SRS    S-Ix   WRS       S    W    SOS
========================================================================================
 17 Golden State                    18-18   0.540   -0.5   0.547  0.534     17   16   9    
 18 Miami                           18-17   0.509   -1.2   0.499  0.519     23   18   28   
 19 Toronto                         15-20   0.500   0.3    0.600  0.400     14   22   4    
 20 Chicago                         15-19   0.487   -0.7   0.533  0.441     19   20   2    
 21 Atlanta                         17-18   0.485   -1.1   0.511  0.459     21   19   24   
 22 Minnesota                       16-19   0.460   -1.2   0.498  0.423     24   21   23   
 23 Washington                      15-21   0.450   -1.0   0.515  0.384     20   24   3    
 24 Oklahoma City                   15-20   0.448   -1.1   0.507  0.390     22   23   12   

                                           -------Rating----------------  ----Rank----            
Rank Team                            W-L     KRS    SRS    S-Ix   WRS       S    W    SOS
========================================================================================
 25 LA Lakers                       14-21   0.375   -2.2   0.434  0.317     25   25   19   
 26 Orlando                         13-23   0.259   -3.8   0.328  0.190     26   26   18   
 27 Houston                         10-25   0.148   -5.7   0.206  0.090     27   28   6    
 28 Charlotte                       10-26   0.106   -6.3   0.168  0.044     29   29   8    
 29 Detroit                          9-28   0.091   -6.1   0.182  0.000     28   30   1    
 30 San Antonio                     12-23   0.086   -8.9   0.000  0.172     30   27   14   
</div></pre>
</div>
<div class="tabbertab" title="SOS">
<pre><div id=data>

                                           -------Rating----------------  ----Rank----            
Rank Team                            W-L     KRS    SRS    S-Ix   WRS       S    W    SOS
========================================================================================
  1 Detroit                          9-28   0.091   -6.1   0.182  0.000     28   30   1    
  2 Chicago                         15-19   0.487   -0.7   0.533  0.441     19   20   2    
  3 Washington                      15-21   0.450   -1.0   0.515  0.384     20   24   3    
  4 Toronto                         15-20   0.500   0.3    0.600  0.400     14   22   4    
  5 Dallas                          20-16   0.711   2.6    0.750  0.671     8    9    5    
  6 Houston                         10-25   0.148   -5.7   0.206  0.090     27   28   6    
  7 Brooklyn                        23-12   0.843   3.3    0.797  0.889     6    2    7    
  8 Charlotte                       10-26   0.106   -6.3   0.168  0.044     29   29   8    

                                           -------Rating----------------  ----Rank----            
Rank Team                            W-L     KRS    SRS    S-Ix   WRS       S    W    SOS
========================================================================================
  9 Golden State                    18-18   0.540   -0.5   0.547  0.534     17   16   9    
 10 Memphis                         21-13   0.817   4.0    0.839  0.795     4    6    10   
 11 Utah                            19-18   0.606   0.9    0.636  0.576     13   15   11   
 12 Oklahoma City                   15-20   0.448   -1.1   0.507  0.390     22   23   12   
 13 Milwaukee                       22-12   0.786   2.3    0.730  0.843     9    4    13   
 14 San Antonio                     12-23   0.086   -8.9   0.000  0.172     30   27   14   
 15 Phoenix                         20-16   0.731   3.4    0.803  0.658     5    10   15   
 16 Indiana                         19-17   0.571   -0.5   0.545  0.596     18   14   16   

                                           -------Rating----------------  ----Rank----            
Rank Team                            W-L     KRS    SRS    S-Ix   WRS       S    W    SOS
========================================================================================
 17 New York                        18-18   0.611   1.9    0.702  0.520     10   17   17   
 18 Orlando                         13-23   0.259   -3.8   0.328  0.190     26   26   18   
 19 LA Lakers                       14-21   0.375   -2.2   0.434  0.317     25   25   19   
 20 Portland                        18-16   0.595   0.1    0.587  0.603     15   13   20   
 21 Cleveland                       22-14   0.835   5.0    0.905  0.765     2    7    21   
 22 Sacramento                      18-15   0.647   1.3    0.667  0.626     11   11   22   
 23 Minnesota                       16-19   0.460   -1.2   0.498  0.423     24   21   23   
 24 Atlanta                         17-18   0.485   -1.1   0.511  0.459     21   19   24   

                                           -------Rating----------------  ----Rank----            
Rank Team                            W-L     KRS    SRS    S-Ix   WRS       S    W    SOS
========================================================================================
 25 Boston                          26-10   1.000   6.4    1.000  1.000     1    1    25   
 26 New Orleans                     22-12   0.873   4.8    0.894  0.853     3    3    26   
 27 Philadelphia                    20-13   0.749   3.2    0.786  0.712     7    8    27   
 28 Miami                           18-17   0.509   -1.2   0.499  0.519     23   18   28   
 29 Denver                          22-12   0.742   1.3    0.665  0.819     12   5    29   
 30 LA Clippers                     21-16   0.586   -0.5   0.549  0.622     16   12   30   
</div></pre>
</div>
	</pre>
	</p>
	</span>
</body>
<body>
<h3>Other links</h3>
<h4>Pro</h4>
	<ul>
			<li class="listyle"><a href="https://2skupz.github.io/nflKpi.html"> NFL</a></li>
			<li class="listyle"><a href="https://2skupz.github.io/nbaKpi.html"> NBA</a></li>
			<li class="listyle"><a href="https://2skupz.github.io/nhlKpi.html"> NHL</a></li>
	</ul>
<h4>Football</h4>
	<ul>
			<li class="listyle"><a href="https://2skupz.github.io/fbD1Rankings.html"> Division I</a></li>
			<li class="listyle"><a href="https://2skupz.github.io/fbFBSRankings.html"> Division I - FBS</a></li>
			<li class="listyle"><a href="https://2skupz.github.io/fbFCSRankings.html"> Division I - FCS</a></li>
			<li class="listyle"><a href="https://2skupz.github.io/fbD2Rankings.html"> Division II</a></li>
			<li class="listyle"><a href="https://2skupz.github.io/fbD3Rankings.html"> Division III</a></li>
	</ul>
<h4>Baseball</h4>
	<ul>
			<li class="listyle"><a href="https://2skupz.github.io/mlbPlayoffOdds.html"> MLB Playoff Odds</a></li>
			<li class="listyle"><a href="https://2skupz.github.io/baseD1Rankings.html"> Division 1</a></li>
			<li class="listyle"><a href="https://2skupz.github.io/baseD1Rankings.html"> Division 2</a></li>
			<li class="listyle"><a href="https://2skupz.github.io/baseD1Rankings.html"> Division 3</a></li>
	</ul>
<h4>Men's College Basketball</h4>
	<ul>
			<li class="listyle"><a href="https://2skupz.github.io/d1MbbRankings.html"> Division 1</a></li>
			<li class="listyle"><a href="https://2skupz.github.io/d2MbbRankings.html"> Division 2</a></li>
			<li class="listyle"><a href="https://2skupz.github.io/d3MbbRankings.html"> Division 3</a></li>
			<li class="listyle"><a href="https://2skupz.github.io/uSportMbbRankings.html"> U Sports</a></li>
	</ul>
<h4>Women's College Basketball</h4>
	<ul>
			<li class="listyle"><a href="https://2skupz.github.io/d1WbbRankings.html"> Division 1</a></li>
			<li class="listyle"><a href="https://2skupz.github.io/d2WbbRankings.html"> Division 2</a></li>
			<li class="listyle"><a href="https://2skupz.github.io/d3WbbRankings.html"> Division 3</a></li>
			<li class="listyle"><a href="https://2skupz.github.io/uSportsWbbRankings.html"> U Sports</a></li>
	</ul>
</body>
