NHL Standings - 2 Points
================================================================================

--------------------------------------------------------------------------------
Pacific                GP    W    L    T    GD   Pts
--------------------------------------------------------------------------------
Edmonton                4    3    0    1     6     7
Vegas                   5    3    1    1     8     7
SEATTLE                 5    3    2    0     7     6
Anaheim                 4    2    1    1     3     5
San Jose                4    0    1    3    -2     3
Vancouver               5    1    3    1    -4     3
Los Angeles             3    0    2    1    -6     1
Calgary                 4    0    4    0   -17     0

--------------------------------------------------------------------------------
Central                GP    W    L    T    GD   Pts
--------------------------------------------------------------------------------
Winnipeg                5    3    1    1    -2     7
Colorado                4    3    1    0    12     6
Utah                    5    3    2    0     4     6
Minnesota               4    2    1    1     3     5
Nashville               4    2    1    1     1     5
Dallas                  4    2    2    0     4     4
St. Louis               4    1    2    1    -4     3
Chicago                 5    1    4    0   -11     2

--------------------------------------------------------------------------------
Metropolitan           GP    W    L    T    GD   Pts
--------------------------------------------------------------------------------
NY Rangers              6    4    2    0     6     8
Washington              4    3    1    0     5     6
Carolina                5    2    1    2     4     6
NY Islanders            4    2    2    0     5     4
Pittsburgh              5    1    2    2     4     4
Columbus                3    1    1    1     1     3
Philadelphia            5    0    3    2   -13     2
New Jersey              3    0    2    1    -7     1

--------------------------------------------------------------------------------
Atlantic               GP    W    L    T    GD   Pts
--------------------------------------------------------------------------------
Ottawa                  4    3    1    0     3     6
Tampa Bay               4    3    1    0     2     6
Florida                 4    1    0    3     0     5
Boston                  5    2    2    1     3     5
Toronto                 5    1    2    2    -1     4
Montreal                4    1    2    1    -5     3
Buffalo                 4    1    2    1    -5     3
Detroit                 4    1    3    0    -4     2

