NHL Standings - 3 Points
================================================================================

--------------------------------------------------------------------------------
Pacific                GP    W   OW   OL    L    GD   Pts
--------------------------------------------------------------------------------
Edmonton                3    2    0    1    0     3     7
Vancouver               3    1    1    0    1     2     5
San Jose                2    0    2    0    0     2     4
Anaheim                 1    1    0    0    0     1     3
SEATTLE                 2    1    0    0    1     3     3
Vegas                   2    1    0    0    1     2     3
Los Angeles             2    0    0    1    1    -5     1
Calgary                 2    0    0    0    2    -8     0

--------------------------------------------------------------------------------
Central                GP    W   OW   OL    L    GD   Pts
--------------------------------------------------------------------------------
Colorado                2    2    0    0    0     9     6
Utah                    2    2    0    0    0     9     6
Minnesota               2    2    0    0    0     5     6
St. Louis               2    1    0    0    1    -1     3
Nashville               2    1    0    0    1    -1     3
Winnipeg                1    0    0    1    0    -1     1
Dallas                  2    0    0    0    2    -5     0
Chicago                 3    0    0    0    3   -10     0

--------------------------------------------------------------------------------
Metropolitan           GP    W   OW   OL    L    GD   Pts
--------------------------------------------------------------------------------
NY Rangers              3    2    0    0    1     3     6
Pittsburgh              2    1    1    0    0     8     5
NY Islanders            2    1    0    0    1     5     3
Washington              2    1    0    0    1     1     3
Columbus                2    1    0    0    1     0     3
Carolina                3    0    1    1    1    -3     3
New Jersey              2    0    1    0    1    -5     2
Philadelphia            3    0    0    2    1    -9     2

--------------------------------------------------------------------------------
Atlantic               GP    W   OW   OL    L    GD   Pts
--------------------------------------------------------------------------------
Boston                  3    1    1    0    1     1     5
Montreal                2    1    0    1    0     0     4
Ottawa                  1    1    0    0    0     1     3
Buffalo                 2    1    0    0    1    -2     3
Tampa Bay               2    1    0    0    1    -2     3
Florida                 2    0    1    1    0     0     3
Toronto                 3    1    0    0    2    -1     3
Detroit                 1    0    0    0    1    -2     0

