<html>
<head>
<!-- Global Site Tag (gtag.js) - Google Analytics -->
<title>2023 NHL Rankings</title>
<script type="text/javascript" src="tabber.js">
</script>
<link href="https://fonts.googleapis.com/css?family=Roboto+Slab|Droid+Sans+Mono" rel="stylesheet">
<style>
 body {
			font-family: "Roboto Slab", serif;
			font-size: 12px;
			}
#data {
			font-family: "Droid Sans Mono", serif;
			font-size: 13px;
		}
</style>
<link rel="stylesheet" href="tabbedPage.css" TYPE="text/css" MEDIA="screen">
</head>
<body bgcolor=#fbeec1>
<hr>
<table width=100%>
<tr><td align=left>
<h1 align="center">2023 NHL Rankings</h1>
</td>
</tr></table>
<p>
Standings through 04.07.23
<hr>
<center>
<table width=100% border=1><tr>
<td valign=top>
<div class="tabber">
<div class="tabbertab" title="Ken Power Index">
<pre><div id=data>

                                           -------Rating----------------  ----Rank----            
Rank Team                            W-L     KRS    SRS    S-Ix   WRS       S    W    SOS
========================================================================================
  1 Boston                          60-17   1.000   1.5    1.000  1.000     1    1    20   
  2 Carolina                        50-27   0.737   0.7    0.730  0.743     3    2    11   
  3 New Jersey                      49-29   0.713   0.7    0.728  0.699     4    3    15   
  4 NY Rangers                      45-32   0.673   0.7    0.732  0.614     2    8    14   
  5 Toronto                         46-31   0.667   0.6    0.702  0.631     7    6    21   
  6 Edmonton                        46-32   0.665   0.7    0.715  0.616     5    7    24   
  7 Colorado                        46-30   0.663   0.6    0.686  0.640     8    5    26   
  8 Vegas                           48-30   0.642   0.4    0.633  0.651     10   4    32   

                                           -------Rating----------------  ----Rank----            
Rank Team                            W-L     KRS    SRS    S-Ix   WRS       S    W    SOS
========================================================================================
  9 Tampa Bay                       45-32   0.633   0.5    0.653  0.612     9    9    18   
 10 Dallas                          42-35   0.616   0.7    0.712  0.519     6    14   31   
 11 Los Angeles                     45-33   0.589   0.3    0.590  0.587     12   10   19   
 12 Seattle                         43-34   0.585   0.4    0.617  0.552     11   12   22   
 13 Minnesota                       44-33   0.578   0.3    0.587  0.568     13   11   25   
 14 Winnipeg                        43-34   0.555   0.2    0.564  0.546     15   13   30   
 15 Florida                         40-38   0.520   0.2    0.564  0.475     14   15   7    
 16 NY Islanders                    39-39   0.504   0.2    0.562  0.446     16   16   12   

                                           -------Rating----------------  ----Rank----            
Rank Team                            W-L     KRS    SRS    S-Ix   WRS       S    W    SOS
========================================================================================
 17 Pittsburgh                      38-40   0.469   0.0    0.504  0.433     18   18   1    
 18 Buffalo                         37-39   0.456   -0.0   0.488  0.425     20   19   4    
 19 Nashville                       39-38   0.439   -0.2   0.443  0.435     22   17   28   
 20 Ottawa                          37-41   0.436   -0.1   0.477  0.395     21   20   8    
 21 Calgary                         36-42   0.434   0.0    0.515  0.353     17   21   27   
 22 Washington                      34-43   0.406   -0.0   0.491  0.321     19   24   17   
 23 Detroit                         35-42   0.385   -0.3   0.419  0.351     23   22   13   
 24 Vancouver                       34-43   0.360   -0.3   0.399  0.320     24   25   16   

                                           -------Rating----------------  ----Rank----            
Rank Team                            W-L     KRS    SRS    S-Ix   WRS       S    W    SOS
========================================================================================
 25 St Louis                        36-42   0.352   -0.5   0.353  0.351     25   23   29   
 26 Philadelphia                    29-48   0.262   -0.6   0.318  0.205     26   27   3    
 27 Montreal                        30-48   0.220   -0.9   0.226  0.214     28   26   5    
 28 Arizona                         27-51   0.185   -0.8   0.237  0.133     27   28   9    
 29 Chicago                         25-52   0.109   -1.1   0.132  0.087     30   29   10   
 30 San Jose                        22-55   0.102   -0.9   0.204  0.000     29   32   23   
 31 Columbus                        24-53   0.084   -1.3   0.097  0.072     31   30   2    
 32 Anaheim                         23-54   0.015   -1.6   0.000  0.030     32   31   6    
</div></pre>
</div>
<div class="tabbertab" title="Points Based">
<pre><div id=data>

                                           -------Rating----------------  ----Rank----            
Rank Team                            W-L     KRS    SRS    S-Ix   WRS       S    W    SOS
========================================================================================
  1 Boston                          60-17   1.000   1.5    1.000  1.000     1    1    20   
  2 NY Rangers                      45-32   0.673   0.7    0.732  0.614     2    8    14   
  3 Carolina                        50-27   0.737   0.7    0.730  0.743     3    2    11   
  4 New Jersey                      49-29   0.713   0.7    0.728  0.699     4    3    15   
  5 Edmonton                        46-32   0.665   0.7    0.715  0.616     5    7    24   
  6 Dallas                          42-35   0.616   0.7    0.712  0.519     6    14   31   
  7 Toronto                         46-31   0.667   0.6    0.702  0.631     7    6    21   
  8 Colorado                        46-30   0.663   0.6    0.686  0.640     8    5    26   

                                           -------Rating----------------  ----Rank----            
Rank Team                            W-L     KRS    SRS    S-Ix   WRS       S    W    SOS
========================================================================================
  9 Tampa Bay                       45-32   0.633   0.5    0.653  0.612     9    9    18   
 10 Vegas                           48-30   0.642   0.4    0.633  0.651     10   4    32   
 11 Seattle                         43-34   0.585   0.4    0.617  0.552     11   12   22   
 12 Los Angeles                     45-33   0.589   0.3    0.590  0.587     12   10   19   
 13 Minnesota                       44-33   0.578   0.3    0.587  0.568     13   11   25   
 14 Florida                         40-38   0.520   0.2    0.564  0.475     14   15   7    
 15 Winnipeg                        43-34   0.555   0.2    0.564  0.546     15   13   30   
 16 NY Islanders                    39-39   0.504   0.2    0.562  0.446     16   16   12   

                                           -------Rating----------------  ----Rank----            
Rank Team                            W-L     KRS    SRS    S-Ix   WRS       S    W    SOS
========================================================================================
 17 Calgary                         36-42   0.434   0.0    0.515  0.353     17   21   27   
 18 Pittsburgh                      38-40   0.469   0.0    0.504  0.433     18   18   1    
 19 Washington                      34-43   0.406   -0.0   0.491  0.321     19   24   17   
 20 Buffalo                         37-39   0.456   -0.0   0.488  0.425     20   19   4    
 21 Ottawa                          37-41   0.436   -0.1   0.477  0.395     21   20   8    
 22 Nashville                       39-38   0.439   -0.2   0.443  0.435     22   17   28   
 23 Detroit                         35-42   0.385   -0.3   0.419  0.351     23   22   13   
 24 Vancouver                       34-43   0.360   -0.3   0.399  0.320     24   25   16   

                                           -------Rating----------------  ----Rank----            
Rank Team                            W-L     KRS    SRS    S-Ix   WRS       S    W    SOS
========================================================================================
 25 St Louis                        36-42   0.352   -0.5   0.353  0.351     25   23   29   
 26 Philadelphia                    29-48   0.262   -0.6   0.318  0.205     26   27   3    
 27 Arizona                         27-51   0.185   -0.8   0.237  0.133     27   28   9    
 28 Montreal                        30-48   0.220   -0.9   0.226  0.214     28   26   5    
 29 San Jose                        22-55   0.102   -0.9   0.204  0.000     29   32   23   
 30 Chicago                         25-52   0.109   -1.1   0.132  0.087     30   29   10   
 31 Columbus                        24-53   0.084   -1.3   0.097  0.072     31   30   2    
 32 Anaheim                         23-54   0.015   -1.6   0.000  0.030     32   31   6    
</div></pre>
</div>
<div class="tabbertab" title="Wins Based">
<pre><div id=data>

                                           -------Rating----------------  ----Rank----            
Rank Team                            W-L     KRS    SRS    S-Ix   WRS       S    W    SOS
========================================================================================
  1 Boston                          60-17   1.000   1.5    1.000  1.000     1    1    20   
  2 Carolina                        50-27   0.737   0.7    0.730  0.743     3    2    11   
  3 New Jersey                      49-29   0.713   0.7    0.728  0.699     4    3    15   
  4 Vegas                           48-30   0.642   0.4    0.633  0.651     10   4    32   
  5 Colorado                        46-30   0.663   0.6    0.686  0.640     8    5    26   
  6 Toronto                         46-31   0.667   0.6    0.702  0.631     7    6    21   
  7 Edmonton                        46-32   0.665   0.7    0.715  0.616     5    7    24   
  8 NY Rangers                      45-32   0.673   0.7    0.732  0.614     2    8    14   

                                           -------Rating----------------  ----Rank----            
Rank Team                            W-L     KRS    SRS    S-Ix   WRS       S    W    SOS
========================================================================================
  9 Tampa Bay                       45-32   0.633   0.5    0.653  0.612     9    9    18   
 10 Los Angeles                     45-33   0.589   0.3    0.590  0.587     12   10   19   
 11 Minnesota                       44-33   0.578   0.3    0.587  0.568     13   11   25   
 12 Seattle                         43-34   0.585   0.4    0.617  0.552     11   12   22   
 13 Winnipeg                        43-34   0.555   0.2    0.564  0.546     15   13   30   
 14 Dallas                          42-35   0.616   0.7    0.712  0.519     6    14   31   
 15 Florida                         40-38   0.520   0.2    0.564  0.475     14   15   7    
 16 NY Islanders                    39-39   0.504   0.2    0.562  0.446     16   16   12   

                                           -------Rating----------------  ----Rank----            
Rank Team                            W-L     KRS    SRS    S-Ix   WRS       S    W    SOS
========================================================================================
 17 Nashville                       39-38   0.439   -0.2   0.443  0.435     22   17   28   
 18 Pittsburgh                      38-40   0.469   0.0    0.504  0.433     18   18   1    
 19 Buffalo                         37-39   0.456   -0.0   0.488  0.425     20   19   4    
 20 Ottawa                          37-41   0.436   -0.1   0.477  0.395     21   20   8    
 21 Calgary                         36-42   0.434   0.0    0.515  0.353     17   21   27   
 22 Detroit                         35-42   0.385   -0.3   0.419  0.351     23   22   13   
 23 St Louis                        36-42   0.352   -0.5   0.353  0.351     25   23   29   
 24 Washington                      34-43   0.406   -0.0   0.491  0.321     19   24   17   

                                           -------Rating----------------  ----Rank----            
Rank Team                            W-L     KRS    SRS    S-Ix   WRS       S    W    SOS
========================================================================================
 25 Vancouver                       34-43   0.360   -0.3   0.399  0.320     24   25   16   
 26 Montreal                        30-48   0.220   -0.9   0.226  0.214     28   26   5    
 27 Philadelphia                    29-48   0.262   -0.6   0.318  0.205     26   27   3    
 28 Arizona                         27-51   0.185   -0.8   0.237  0.133     27   28   9    
 29 Chicago                         25-52   0.109   -1.1   0.132  0.087     30   29   10   
 30 Columbus                        24-53   0.084   -1.3   0.097  0.072     31   30   2    
 31 Anaheim                         23-54   0.015   -1.6   0.000  0.030     32   31   6    
 32 San Jose                        22-55   0.102   -0.9   0.204  0.000     29   32   23   
</div></pre>
</div>
<div class="tabbertab" title="BCS">
<pre><div id=data>

                                           -------Rating----------------  ----Rank----            
Rank Team                            W-L     KRS    SRS    S-Ix   WRS       S    W    SOS
========================================================================================
  1 Boston                          60-17   1.000   1.5    1.000  1.000     1    1    20   
  2 Carolina                        50-27   0.737   0.7    0.730  0.743     3    2    11   
  3 New Jersey                      49-29   0.713   0.7    0.728  0.699     4    3    15   
  4 NY Rangers                      45-32   0.673   0.7    0.732  0.614     2    8    14   
  5 Toronto                         46-31   0.667   0.6    0.702  0.631     7    6    21   
  6 Edmonton                        46-32   0.665   0.7    0.715  0.616     5    7    24   
  7 Colorado                        46-30   0.663   0.6    0.686  0.640     8    5    26   
  8 Vegas                           48-30   0.642   0.4    0.633  0.651     10   4    32   

                                           -------Rating----------------  ----Rank----            
Rank Team                            W-L     KRS    SRS    S-Ix   WRS       S    W    SOS
========================================================================================
  9 Tampa Bay                       45-32   0.633   0.5    0.653  0.612     9    9    18   
 10 Dallas                          42-35   0.616   0.7    0.712  0.519     6    14   31   
 11 Los Angeles                     45-33   0.589   0.3    0.590  0.587     12   10   19   
 12 Seattle                         43-34   0.585   0.4    0.617  0.552     11   12   22   
 13 Minnesota                       44-33   0.578   0.3    0.587  0.568     13   11   25   
 14 Winnipeg                        43-34   0.555   0.2    0.564  0.546     15   13   30   
 15 Florida                         40-38   0.520   0.2    0.564  0.475     14   15   7    
 16 NY Islanders                    39-39   0.504   0.2    0.562  0.446     16   16   12   

                                           -------Rating----------------  ----Rank----            
Rank Team                            W-L     KRS    SRS    S-Ix   WRS       S    W    SOS
========================================================================================
 17 Pittsburgh                      38-40   0.469   0.0    0.504  0.433     18   18   1    
 18 Buffalo                         37-39   0.456   -0.0   0.488  0.425     20   19   4    
 19 Nashville                       39-38   0.439   -0.2   0.443  0.435     22   17   28   
 20 Ottawa                          37-41   0.436   -0.1   0.477  0.395     21   20   8    
 21 Calgary                         36-42   0.434   0.0    0.515  0.353     17   21   27   
 22 Washington                      34-43   0.406   -0.0   0.491  0.321     19   24   17   
 23 Detroit                         35-42   0.385   -0.3   0.419  0.351     23   22   13   
 24 Vancouver                       34-43   0.360   -0.3   0.399  0.320     24   25   16   

                                           -------Rating----------------  ----Rank----            
Rank Team                            W-L     KRS    SRS    S-Ix   WRS       S    W    SOS
========================================================================================
 25 St Louis                        36-42   0.352   -0.5   0.353  0.351     25   23   29   
 26 Philadelphia                    29-48   0.262   -0.6   0.318  0.205     26   27   3    
 27 Montreal                        30-48   0.220   -0.9   0.226  0.214     28   26   5    
 28 Arizona                         27-51   0.185   -0.8   0.237  0.133     27   28   9    
 29 Chicago                         25-52   0.109   -1.1   0.132  0.087     30   29   10   
 30 San Jose                        22-55   0.102   -0.9   0.204  0.000     29   32   23   
 31 Columbus                        24-53   0.084   -1.3   0.097  0.072     31   30   2    
 32 Anaheim                         23-54   0.015   -1.6   0.000  0.030     32   31   6    
</div></pre>
</div>
<div class="tabbertab" title="SOS">
<pre><div id=data>

                                           -------Rating----------------  ----Rank----            
Rank Team                            W-L     KRS    SRS    S-Ix   WRS       S    W    SOS
========================================================================================
  1 Pittsburgh                      38-40   0.469   0.0    0.504  0.433     18   18   1    
  2 Columbus                        24-53   0.084   -1.3   0.097  0.072     31   30   2    
  3 Philadelphia                    29-48   0.262   -0.6   0.318  0.205     26   27   3    
  4 Buffalo                         37-39   0.456   -0.0   0.488  0.425     20   19   4    
  5 Montreal                        30-48   0.220   -0.9   0.226  0.214     28   26   5    
  6 Anaheim                         23-54   0.015   -1.6   0.000  0.030     32   31   6    
  7 Florida                         40-38   0.520   0.2    0.564  0.475     14   15   7    
  8 Ottawa                          37-41   0.436   -0.1   0.477  0.395     21   20   8    

                                           -------Rating----------------  ----Rank----            
Rank Team                            W-L     KRS    SRS    S-Ix   WRS       S    W    SOS
========================================================================================
  9 Arizona                         27-51   0.185   -0.8   0.237  0.133     27   28   9    
 10 Chicago                         25-52   0.109   -1.1   0.132  0.087     30   29   10   
 11 Carolina                        50-27   0.737   0.7    0.730  0.743     3    2    11   
 12 NY Islanders                    39-39   0.504   0.2    0.562  0.446     16   16   12   
 13 Detroit                         35-42   0.385   -0.3   0.419  0.351     23   22   13   
 14 NY Rangers                      45-32   0.673   0.7    0.732  0.614     2    8    14   
 15 New Jersey                      49-29   0.713   0.7    0.728  0.699     4    3    15   
 16 Vancouver                       34-43   0.360   -0.3   0.399  0.320     24   25   16   

                                           -------Rating----------------  ----Rank----            
Rank Team                            W-L     KRS    SRS    S-Ix   WRS       S    W    SOS
========================================================================================
 17 Washington                      34-43   0.406   -0.0   0.491  0.321     19   24   17   
 18 Tampa Bay                       45-32   0.633   0.5    0.653  0.612     9    9    18   
 19 Los Angeles                     45-33   0.589   0.3    0.590  0.587     12   10   19   
 20 Boston                          60-17   1.000   1.5    1.000  1.000     1    1    20   
 21 Toronto                         46-31   0.667   0.6    0.702  0.631     7    6    21   
 22 Seattle                         43-34   0.585   0.4    0.617  0.552     11   12   22   
 23 San Jose                        22-55   0.102   -0.9   0.204  0.000     29   32   23   
 24 Edmonton                        46-32   0.665   0.7    0.715  0.616     5    7    24   

                                           -------Rating----------------  ----Rank----            
Rank Team                            W-L     KRS    SRS    S-Ix   WRS       S    W    SOS
========================================================================================
 25 Minnesota                       44-33   0.578   0.3    0.587  0.568     13   11   25   
 26 Colorado                        46-30   0.663   0.6    0.686  0.640     8    5    26   
 27 Calgary                         36-42   0.434   0.0    0.515  0.353     17   21   27   
 28 Nashville                       39-38   0.439   -0.2   0.443  0.435     22   17   28   
 29 St Louis                        36-42   0.352   -0.5   0.353  0.351     25   23   29   
 30 Winnipeg                        43-34   0.555   0.2    0.564  0.546     15   13   30   
 31 Dallas                          42-35   0.616   0.7    0.712  0.519     6    14   31   
 32 Vegas                           48-30   0.642   0.4    0.633  0.651     10   4    32   
</div></pre>
</div>
	</pre>
	</p>
	</span>
</body>
<body>
<h3>Other links</h3>
<h4>Home</h4>
	<ul>
			<li class="listyle"><a href="https://2skupz.github.io/index.html"> Index</a></li>
	</ul>
</body>
