<html>
<head>
<!-- Global Site Tag (gtag.js) - Google Analytics -->
<title>2023 NHL Rankings</title>
<script type="text/javascript" src="tabber.js">
</script>
<link href="https://fonts.googleapis.com/css?family=Roboto+Slab|Droid+Sans+Mono" rel="stylesheet">
<style>
 body {
			font-family: "Roboto Slab", serif;
			font-size: 12px;
			}
#data {
			font-family: "Droid Sans Mono", serif;
			font-size: 13px;
		}
</style>
<link rel="stylesheet" href="tabbedPage.css" TYPE="text/css" MEDIA="screen">
</head>
<body bgcolor=#fbeec1>
<hr>
<table width=100%>
<tr><td align=left>
<h1 align="center">2023 NHL Rankings</h1>
</td>
</tr></table>
<p>
Standings through 01.25.23
<hr>
<center>
<table width=100% border=1><tr>
<td valign=top>
<div class="tabber">
<div class="tabbertab" title="Ken Power Index">
<pre><div id=data>

                                           -------Rating----------------  ----Rank----            
Rank Team                            W-L     KRS    SRS    S-Ix   WRS       S    W    SOS
========================================================================================
  1 Boston                          38-9    1.000   1.7    1.000  1.000     1    1    29   
  2 New Jersey                      31-16   0.736   0.9    0.751  0.720     2    2    20   
  3 Toronto                         30-19   0.690   0.8    0.727  0.653     3    6    15   
  4 Tampa Bay                       30-16   0.688   0.6    0.673  0.703     6    3    26   
  5 Carolina                        30-17   0.684   0.6    0.679  0.689     5    4    14   
  6 Winnipeg                        31-18   0.668   0.6    0.667  0.669     8    5    30   
  7 Seattle                         28-19   0.653   0.6    0.671  0.635     7    7    17   
  8 Dallas                          28-22   0.629   0.8    0.723  0.534     4    10   25   

                                           -------Rating----------------  ----Rank----            
Rank Team                            W-L     KRS    SRS    S-Ix   WRS       S    W    SOS
========================================================================================
  9 Colorado                        26-20   0.598   0.4    0.627  0.570     10   9    7    
 10 Vegas                           29-20   0.581   0.3    0.574  0.588     15   8    28   
 11 Edmonton                        27-22   0.569   0.4    0.612  0.527     11   11   22   
 12 NY Rangers                      26-22   0.568   0.5    0.637  0.500     9    12   24   
 13 Buffalo                         25-22   0.549   0.4    0.610  0.489     12   16   23   
 14 Pittsburgh                      24-23   0.542   0.3    0.594  0.491     14   15   1    
 15 Washington                      25-25   0.521   0.3    0.599  0.444     13   17   11   
 16 Minnesota                       25-21   0.516   0.1    0.539  0.493     16   14   31   

                                           -------Rating----------------  ----Rank----            
Rank Team                            W-L     KRS    SRS    S-Ix   WRS       S    W    SOS
========================================================================================
 17 Los Angeles                     27-23   0.477   -0.1   0.454  0.500     20   13   19   
 18 Calgary                         23-25   0.470   0.1    0.536  0.404     17   19   18   
 19 Florida                         23-27   0.434   -0.0   0.492  0.377     19   21   2    
 20 NY Islanders                    23-27   0.430   0.0    0.506  0.354     18   22   16   
 21 Nashville                       23-24   0.417   -0.2   0.439  0.394     21   20   27   
 22 St Louis                        23-25   0.391   -0.4   0.379  0.404     24   18   12   
 23 Ottawa                          21-26   0.366   -0.3   0.397  0.336     22   23   6    
 24 Detroit                         20-26   0.348   -0.3   0.396  0.300     23   24   21   

                                           -------Rating----------------  ----Rank----            
Rank Team                            W-L     KRS    SRS    S-Ix   WRS       S    W    SOS
========================================================================================
 25 Philadelphia                    20-29   0.310   -0.4   0.362  0.258     25   26   13   
 26 Vancouver                       19-29   0.292   -0.6   0.326  0.257     26   27   4    
 27 Montreal                        20-28   0.241   -1.0   0.209  0.273     28   25   9    
 28 Arizona                         15-33   0.148   -1.0   0.208  0.088     29   28   3    
 29 San Jose                        14-35   0.112   -0.9   0.223  0.000     27   32   32   
 30 Chicago                         14-32   0.105   -1.2   0.133  0.076     30   30   8    
 31 Columbus                        15-33   0.103   -1.2   0.128  0.079     31   29   10   
 32 Anaheim                         14-34   0.021   -1.7   0.000  0.042     32   31   5    
</div></pre>
</div>
<div class="tabbertab" title="Points Based">
<pre><div id=data>

                                           -------Rating----------------  ----Rank----            
Rank Team                            W-L     KRS    SRS    S-Ix   WRS       S    W    SOS
========================================================================================
  1 Boston                          38-9    1.000   1.7    1.000  1.000     1    1    29   
  2 New Jersey                      31-16   0.736   0.9    0.751  0.720     2    2    20   
  3 Toronto                         30-19   0.690   0.8    0.727  0.653     3    6    15   
  4 Dallas                          28-22   0.629   0.8    0.723  0.534     4    10   25   
  5 Carolina                        30-17   0.684   0.6    0.679  0.689     5    4    14   
  6 Tampa Bay                       30-16   0.688   0.6    0.673  0.703     6    3    26   
  7 Seattle                         28-19   0.653   0.6    0.671  0.635     7    7    17   
  8 Winnipeg                        31-18   0.668   0.6    0.667  0.669     8    5    30   

                                           -------Rating----------------  ----Rank----            
Rank Team                            W-L     KRS    SRS    S-Ix   WRS       S    W    SOS
========================================================================================
  9 NY Rangers                      26-22   0.568   0.5    0.637  0.500     9    12   24   
 10 Colorado                        26-20   0.598   0.4    0.627  0.570     10   9    7    
 11 Edmonton                        27-22   0.569   0.4    0.612  0.527     11   11   22   
 12 Buffalo                         25-22   0.549   0.4    0.610  0.489     12   16   23   
 13 Washington                      25-25   0.521   0.3    0.599  0.444     13   17   11   
 14 Pittsburgh                      24-23   0.542   0.3    0.594  0.491     14   15   1    
 15 Vegas                           29-20   0.581   0.3    0.574  0.588     15   8    28   
 16 Minnesota                       25-21   0.516   0.1    0.539  0.493     16   14   31   

                                           -------Rating----------------  ----Rank----            
Rank Team                            W-L     KRS    SRS    S-Ix   WRS       S    W    SOS
========================================================================================
 17 Calgary                         23-25   0.470   0.1    0.536  0.404     17   19   18   
 18 NY Islanders                    23-27   0.430   0.0    0.506  0.354     18   22   16   
 19 Florida                         23-27   0.434   -0.0   0.492  0.377     19   21   2    
 20 Los Angeles                     27-23   0.477   -0.1   0.454  0.500     20   13   19   
 21 Nashville                       23-24   0.417   -0.2   0.439  0.394     21   20   27   
 22 Ottawa                          21-26   0.366   -0.3   0.397  0.336     22   23   6    
 23 Detroit                         20-26   0.348   -0.3   0.396  0.300     23   24   21   
 24 St Louis                        23-25   0.391   -0.4   0.379  0.404     24   18   12   

                                           -------Rating----------------  ----Rank----            
Rank Team                            W-L     KRS    SRS    S-Ix   WRS       S    W    SOS
========================================================================================
 25 Philadelphia                    20-29   0.310   -0.4   0.362  0.258     25   26   13   
 26 Vancouver                       19-29   0.292   -0.6   0.326  0.257     26   27   4    
 27 San Jose                        14-35   0.112   -0.9   0.223  0.000     27   32   32   
 28 Montreal                        20-28   0.241   -1.0   0.209  0.273     28   25   9    
 29 Arizona                         15-33   0.148   -1.0   0.208  0.088     29   28   3    
 30 Chicago                         14-32   0.105   -1.2   0.133  0.076     30   30   8    
 31 Columbus                        15-33   0.103   -1.2   0.128  0.079     31   29   10   
 32 Anaheim                         14-34   0.021   -1.7   0.000  0.042     32   31   5    
</div></pre>
</div>
<div class="tabbertab" title="Wins Based">
<pre><div id=data>

                                           -------Rating----------------  ----Rank----            
Rank Team                            W-L     KRS    SRS    S-Ix   WRS       S    W    SOS
========================================================================================
  1 Boston                          38-9    1.000   1.7    1.000  1.000     1    1    29   
  2 New Jersey                      31-16   0.736   0.9    0.751  0.720     2    2    20   
  3 Tampa Bay                       30-16   0.688   0.6    0.673  0.703     6    3    26   
  4 Carolina                        30-17   0.684   0.6    0.679  0.689     5    4    14   
  5 Winnipeg                        31-18   0.668   0.6    0.667  0.669     8    5    30   
  6 Toronto                         30-19   0.690   0.8    0.727  0.653     3    6    15   
  7 Seattle                         28-19   0.653   0.6    0.671  0.635     7    7    17   
  8 Vegas                           29-20   0.581   0.3    0.574  0.588     15   8    28   

                                           -------Rating----------------  ----Rank----            
Rank Team                            W-L     KRS    SRS    S-Ix   WRS       S    W    SOS
========================================================================================
  9 Colorado                        26-20   0.598   0.4    0.627  0.570     10   9    7    
 10 Dallas                          28-22   0.629   0.8    0.723  0.534     4    10   25   
 11 Edmonton                        27-22   0.569   0.4    0.612  0.527     11   11   22   
 12 NY Rangers                      26-22   0.568   0.5    0.637  0.500     9    12   24   
 13 Los Angeles                     27-23   0.477   -0.1   0.454  0.500     20   13   19   
 14 Minnesota                       25-21   0.516   0.1    0.539  0.493     16   14   31   
 15 Pittsburgh                      24-23   0.542   0.3    0.594  0.491     14   15   1    
 16 Buffalo                         25-22   0.549   0.4    0.610  0.489     12   16   23   

                                           -------Rating----------------  ----Rank----            
Rank Team                            W-L     KRS    SRS    S-Ix   WRS       S    W    SOS
========================================================================================
 17 Washington                      25-25   0.521   0.3    0.599  0.444     13   17   11   
 18 St Louis                        23-25   0.391   -0.4   0.379  0.404     24   18   12   
 19 Calgary                         23-25   0.470   0.1    0.536  0.404     17   19   18   
 20 Nashville                       23-24   0.417   -0.2   0.439  0.394     21   20   27   
 21 Florida                         23-27   0.434   -0.0   0.492  0.377     19   21   2    
 22 NY Islanders                    23-27   0.430   0.0    0.506  0.354     18   22   16   
 23 Ottawa                          21-26   0.366   -0.3   0.397  0.336     22   23   6    
 24 Detroit                         20-26   0.348   -0.3   0.396  0.300     23   24   21   

                                           -------Rating----------------  ----Rank----            
Rank Team                            W-L     KRS    SRS    S-Ix   WRS       S    W    SOS
========================================================================================
 25 Montreal                        20-28   0.241   -1.0   0.209  0.273     28   25   9    
 26 Philadelphia                    20-29   0.310   -0.4   0.362  0.258     25   26   13   
 27 Vancouver                       19-29   0.292   -0.6   0.326  0.257     26   27   4    
 28 Arizona                         15-33   0.148   -1.0   0.208  0.088     29   28   3    
 29 Columbus                        15-33   0.103   -1.2   0.128  0.079     31   29   10   
 30 Chicago                         14-32   0.105   -1.2   0.133  0.076     30   30   8    
 31 Anaheim                         14-34   0.021   -1.7   0.000  0.042     32   31   5    
 32 San Jose                        14-35   0.112   -0.9   0.223  0.000     27   32   32   
</div></pre>
</div>
<div class="tabbertab" title="BCS">
<pre><div id=data>

                                           -------Rating----------------  ----Rank----            
Rank Team                            W-L     KRS    SRS    S-Ix   WRS       S    W    SOS
========================================================================================
  1 Boston                          38-9    1.000   1.7    1.000  1.000     1    1    29   
  2 New Jersey                      31-16   0.736   0.9    0.751  0.720     2    2    20   
  3 Toronto                         30-19   0.690   0.8    0.727  0.653     3    6    15   
  4 Tampa Bay                       30-16   0.688   0.6    0.673  0.703     6    3    26   
  5 Carolina                        30-17   0.684   0.6    0.679  0.689     5    4    14   
  6 Winnipeg                        31-18   0.668   0.6    0.667  0.669     8    5    30   
  7 Seattle                         28-19   0.653   0.6    0.671  0.635     7    7    17   
  8 Dallas                          28-22   0.629   0.8    0.723  0.534     4    10   25   

                                           -------Rating----------------  ----Rank----            
Rank Team                            W-L     KRS    SRS    S-Ix   WRS       S    W    SOS
========================================================================================
  9 Colorado                        26-20   0.598   0.4    0.627  0.570     10   9    7    
 10 Vegas                           29-20   0.581   0.3    0.574  0.588     15   8    28   
 11 Edmonton                        27-22   0.569   0.4    0.612  0.527     11   11   22   
 12 NY Rangers                      26-22   0.568   0.5    0.637  0.500     9    12   24   
 13 Buffalo                         25-22   0.549   0.4    0.610  0.489     12   16   23   
 14 Pittsburgh                      24-23   0.542   0.3    0.594  0.491     14   15   1    
 15 Washington                      25-25   0.521   0.3    0.599  0.444     13   17   11   
 16 Minnesota                       25-21   0.516   0.1    0.539  0.493     16   14   31   

                                           -------Rating----------------  ----Rank----            
Rank Team                            W-L     KRS    SRS    S-Ix   WRS       S    W    SOS
========================================================================================
 17 Los Angeles                     27-23   0.477   -0.1   0.454  0.500     20   13   19   
 18 Calgary                         23-25   0.470   0.1    0.536  0.404     17   19   18   
 19 Florida                         23-27   0.434   -0.0   0.492  0.377     19   21   2    
 20 NY Islanders                    23-27   0.430   0.0    0.506  0.354     18   22   16   
 21 Nashville                       23-24   0.417   -0.2   0.439  0.394     21   20   27   
 22 St Louis                        23-25   0.391   -0.4   0.379  0.404     24   18   12   
 23 Ottawa                          21-26   0.366   -0.3   0.397  0.336     22   23   6    
 24 Detroit                         20-26   0.348   -0.3   0.396  0.300     23   24   21   

                                           -------Rating----------------  ----Rank----            
Rank Team                            W-L     KRS    SRS    S-Ix   WRS       S    W    SOS
========================================================================================
 25 Philadelphia                    20-29   0.310   -0.4   0.362  0.258     25   26   13   
 26 Vancouver                       19-29   0.292   -0.6   0.326  0.257     26   27   4    
 27 Montreal                        20-28   0.241   -1.0   0.209  0.273     28   25   9    
 28 Arizona                         15-33   0.148   -1.0   0.208  0.088     29   28   3    
 29 San Jose                        14-35   0.112   -0.9   0.223  0.000     27   32   32   
 30 Chicago                         14-32   0.105   -1.2   0.133  0.076     30   30   8    
 31 Columbus                        15-33   0.103   -1.2   0.128  0.079     31   29   10   
 32 Anaheim                         14-34   0.021   -1.7   0.000  0.042     32   31   5    
</div></pre>
</div>
<div class="tabbertab" title="SOS">
<pre><div id=data>

                                           -------Rating----------------  ----Rank----            
Rank Team                            W-L     KRS    SRS    S-Ix   WRS       S    W    SOS
========================================================================================
  1 Pittsburgh                      24-23   0.542   0.3    0.594  0.491     14   15   1    
  2 Florida                         23-27   0.434   -0.0   0.492  0.377     19   21   2    
  3 Arizona                         15-33   0.148   -1.0   0.208  0.088     29   28   3    
  4 Vancouver                       19-29   0.292   -0.6   0.326  0.257     26   27   4    
  5 Anaheim                         14-34   0.021   -1.7   0.000  0.042     32   31   5    
  6 Ottawa                          21-26   0.366   -0.3   0.397  0.336     22   23   6    
  7 Colorado                        26-20   0.598   0.4    0.627  0.570     10   9    7    
  8 Chicago                         14-32   0.105   -1.2   0.133  0.076     30   30   8    

                                           -------Rating----------------  ----Rank----            
Rank Team                            W-L     KRS    SRS    S-Ix   WRS       S    W    SOS
========================================================================================
  9 Montreal                        20-28   0.241   -1.0   0.209  0.273     28   25   9    
 10 Columbus                        15-33   0.103   -1.2   0.128  0.079     31   29   10   
 11 Washington                      25-25   0.521   0.3    0.599  0.444     13   17   11   
 12 St Louis                        23-25   0.391   -0.4   0.379  0.404     24   18   12   
 13 Philadelphia                    20-29   0.310   -0.4   0.362  0.258     25   26   13   
 14 Carolina                        30-17   0.684   0.6    0.679  0.689     5    4    14   
 15 Toronto                         30-19   0.690   0.8    0.727  0.653     3    6    15   
 16 NY Islanders                    23-27   0.430   0.0    0.506  0.354     18   22   16   

                                           -------Rating----------------  ----Rank----            
Rank Team                            W-L     KRS    SRS    S-Ix   WRS       S    W    SOS
========================================================================================
 17 Seattle                         28-19   0.653   0.6    0.671  0.635     7    7    17   
 18 Calgary                         23-25   0.470   0.1    0.536  0.404     17   19   18   
 19 Los Angeles                     27-23   0.477   -0.1   0.454  0.500     20   13   19   
 20 New Jersey                      31-16   0.736   0.9    0.751  0.720     2    2    20   
 21 Detroit                         20-26   0.348   -0.3   0.396  0.300     23   24   21   
 22 Edmonton                        27-22   0.569   0.4    0.612  0.527     11   11   22   
 23 Buffalo                         25-22   0.549   0.4    0.610  0.489     12   16   23   
 24 NY Rangers                      26-22   0.568   0.5    0.637  0.500     9    12   24   

                                           -------Rating----------------  ----Rank----            
Rank Team                            W-L     KRS    SRS    S-Ix   WRS       S    W    SOS
========================================================================================
 25 Dallas                          28-22   0.629   0.8    0.723  0.534     4    10   25   
 26 Tampa Bay                       30-16   0.688   0.6    0.673  0.703     6    3    26   
 27 Nashville                       23-24   0.417   -0.2   0.439  0.394     21   20   27   
 28 Vegas                           29-20   0.581   0.3    0.574  0.588     15   8    28   
 29 Boston                          38-9    1.000   1.7    1.000  1.000     1    1    29   
 30 Winnipeg                        31-18   0.668   0.6    0.667  0.669     8    5    30   
 31 Minnesota                       25-21   0.516   0.1    0.539  0.493     16   14   31   
 32 San Jose                        14-35   0.112   -0.9   0.223  0.000     27   32   32   
</div></pre>
</div>
	</pre>
	</p>
	</span>
</body>
<body>
<h3>Other links</h3>
<h4>Pro</h4>
	<ul>
			<li class="listyle"><a href="https://2skupz.github.io/nflKpi.html"> NFL</a></li>
			<li class="listyle"><a href="https://2skupz.github.io/nbaKpi.html"> NBA</a></li>
			<li class="listyle"><a href="https://2skupz.github.io/nhlKpi.html"> NHL</a></li>
	</ul>
<h4>Football</h4>
	<ul>
			<li class="listyle"><a href="https://2skupz.github.io/fbD1Rankings.html"> Division I</a></li>
			<li class="listyle"><a href="https://2skupz.github.io/fbFBSRankings.html"> Division I - FBS</a></li>
			<li class="listyle"><a href="https://2skupz.github.io/fbFCSRankings.html"> Division I - FCS</a></li>
			<li class="listyle"><a href="https://2skupz.github.io/fbD2Rankings.html"> Division II</a></li>
			<li class="listyle"><a href="https://2skupz.github.io/fbD3Rankings.html"> Division III</a></li>
	</ul>
<h4>Baseball</h4>
	<ul>
			<li class="listyle"><a href="https://2skupz.github.io/mlbPlayoffOdds.html"> MLB Playoff Odds</a></li>
			<li class="listyle"><a href="https://2skupz.github.io/baseD1Rankings.html"> Division 1</a></li>
			<li class="listyle"><a href="https://2skupz.github.io/baseD1Rankings.html"> Division 2</a></li>
			<li class="listyle"><a href="https://2skupz.github.io/baseD1Rankings.html"> Division 3</a></li>
	</ul>
<h4>Men's College Basketball</h4>
	<ul>
			<li class="listyle"><a href="https://2skupz.github.io/d1MbbRankings.html"> Division 1</a></li>
			<li class="listyle"><a href="https://2skupz.github.io/d2MbbRankings.html"> Division 2</a></li>
			<li class="listyle"><a href="https://2skupz.github.io/d3MbbRankings.html"> Division 3</a></li>
			<li class="listyle"><a href="https://2skupz.github.io/uSportMbbRankings.html"> U Sports</a></li>
	</ul>
<h4>Women's College Basketball</h4>
	<ul>
			<li class="listyle"><a href="https://2skupz.github.io/d1WbbRankings.html"> Division 1</a></li>
			<li class="listyle"><a href="https://2skupz.github.io/d2WbbRankings.html"> Division 2</a></li>
			<li class="listyle"><a href="https://2skupz.github.io/d3WbbRankings.html"> Division 3</a></li>
			<li class="listyle"><a href="https://2skupz.github.io/uSportsWbbRankings.html"> U Sports</a></li>
	</ul>
</body>
