<html>
<head>
<!-- Global Site Tag (gtag.js) - Google Analytics -->
<title>2023 NHL Rankings</title>
<script type="text/javascript" src="tabber.js">
</script>
<link href="https://fonts.googleapis.com/css?family=Roboto+Slab|Droid+Sans+Mono" rel="stylesheet">
<style>
 body {
			font-family: "Roboto Slab", serif;
			font-size: 12px;
			}
#data {
			font-family: "Droid Sans Mono", serif;
			font-size: 13px;
		}
</style>
<link rel="stylesheet" href="tabbedPage.css" TYPE="text/css" MEDIA="screen">
</head>
<body bgcolor=#fbeec1>
<hr>
<table width=100%>
<tr><td align=left>
<h1 align="center">2023 NHL Rankings</h1>
</td>
</tr></table>
<p>
Standings through 03.22.23
<hr>
<center>
<table width=100% border=1><tr>
<td valign=top>
<div class="tabber">
<div class="tabbertab" title="Ken Power Index">
<pre><div id=data>

                                           -------Rating----------------  ----Rank----            
Rank Team                            W-L     KRS    SRS    S-Ix   WRS       S    W    SOS
========================================================================================
  1 Boston                          54-16   1.000   1.6    1.000  1.000     1    1    20   
  2 Carolina                        46-23   0.753   0.8    0.719  0.787     3    2    22   
  3 New Jersey                      45-26   0.727   0.8    0.722  0.732     2    3    12   
  4 Toronto                         42-28   0.669   0.6    0.679  0.660     6    5    21   
  5 NY Rangers                      41-30   0.658   0.7    0.692  0.623     4    7    10   
  6 Vegas                           44-27   0.643   0.4    0.610  0.677     9    4    31   
  7 Colorado                        41-29   0.642   0.5    0.646  0.638     8    6    16   
  8 Edmonton                        41-31   0.624   0.5    0.651  0.597     7    11   25   

                                           -------Rating----------------  ----Rank----            
Rank Team                            W-L     KRS    SRS    S-Ix   WRS       S    W    SOS
========================================================================================
  9 Tampa Bay                       42-30   0.608   0.4    0.594  0.622     10   8    29   
 10 Dallas                          38-33   0.607   0.6    0.683  0.531     5    14   28   
 11 Los Angeles                     41-30   0.577   0.2    0.547  0.606     14   9    26   
 12 Minnesota                       41-30   0.576   0.2    0.552  0.599     13   10   30   
 13 Seattle                         39-31   0.567   0.3    0.558  0.576     11   12   15   
 14 Winnipeg                        40-32   0.550   0.2    0.530  0.571     15   13   24   
 15 NY Islanders                    37-35   0.525   0.2    0.554  0.495     12   15   11   
 16 Florida                         36-35   0.507   0.2    0.525  0.490     16   16   6    

                                           -------Rating----------------  ----Rank----            
Rank Team                            W-L     KRS    SRS    S-Ix   WRS       S    W    SOS
========================================================================================
 17 Pittsburgh                      35-36   0.476   0.0    0.485  0.467     18   17   2    
 18 Ottawa                          34-37   0.429   -0.1   0.434  0.425     20   19   8    
 19 Washington                      33-39   0.429   0.0    0.477  0.381     19   21   18   
 20 Nashville                       35-34   0.427   -0.2   0.410  0.445     22   18   32   
 21 Buffalo                         33-37   0.427   -0.1   0.432  0.421     21   20   3    
 22 Calgary                         32-40   0.423   0.0    0.487  0.359     17   22   17   
 23 Detroit                         31-39   0.360   -0.3   0.365  0.356     23   24   7    
 24 Vancouver                       31-39   0.358   -0.4   0.359  0.357     24   23   9    

                                           -------Rating----------------  ----Rank----            
Rank Team                            W-L     KRS    SRS    S-Ix   WRS       S    W    SOS
========================================================================================
 25 St Louis                        31-39   0.327   -0.5   0.306  0.347     25   25   23   
 26 Philadelphia                    26-44   0.263   -0.6   0.292  0.233     26   27   1    
 27 Arizona                         27-45   0.238   -0.7   0.261  0.216     27   28   19   
 28 Montreal                        28-43   0.229   -0.9   0.197  0.261     28   26   5    
 29 Chicago                         24-46   0.143   -1.1   0.132  0.153     30   29   13   
 30 Columbus                        22-48   0.100   -1.2   0.097  0.103     31   31   4    
 31 San Jose                        19-52   0.072   -1.0   0.145  0.000     29   32   27   
 32 Anaheim                         23-48   0.053   -1.5   0.000  0.106     32   30   14   
</div></pre>
</div>
<div class="tabbertab" title="Points Based">
<pre><div id=data>

                                           -------Rating----------------  ----Rank----            
Rank Team                            W-L     KRS    SRS    S-Ix   WRS       S    W    SOS
========================================================================================
  1 Boston                          54-16   1.000   1.6    1.000  1.000     1    1    20   
  2 New Jersey                      45-26   0.727   0.8    0.722  0.732     2    3    12   
  3 Carolina                        46-23   0.753   0.8    0.719  0.787     3    2    22   
  4 NY Rangers                      41-30   0.658   0.7    0.692  0.623     4    7    10   
  5 Dallas                          38-33   0.607   0.6    0.683  0.531     5    14   28   
  6 Toronto                         42-28   0.669   0.6    0.679  0.660     6    5    21   
  7 Edmonton                        41-31   0.624   0.5    0.651  0.597     7    11   25   
  8 Colorado                        41-29   0.642   0.5    0.646  0.638     8    6    16   

                                           -------Rating----------------  ----Rank----            
Rank Team                            W-L     KRS    SRS    S-Ix   WRS       S    W    SOS
========================================================================================
  9 Vegas                           44-27   0.643   0.4    0.610  0.677     9    4    31   
 10 Tampa Bay                       42-30   0.608   0.4    0.594  0.622     10   8    29   
 11 Seattle                         39-31   0.567   0.3    0.558  0.576     11   12   15   
 12 NY Islanders                    37-35   0.525   0.2    0.554  0.495     12   15   11   
 13 Minnesota                       41-30   0.576   0.2    0.552  0.599     13   10   30   
 14 Los Angeles                     41-30   0.577   0.2    0.547  0.606     14   9    26   
 15 Winnipeg                        40-32   0.550   0.2    0.530  0.571     15   13   24   
 16 Florida                         36-35   0.507   0.2    0.525  0.490     16   16   6    

                                           -------Rating----------------  ----Rank----            
Rank Team                            W-L     KRS    SRS    S-Ix   WRS       S    W    SOS
========================================================================================
 17 Calgary                         32-40   0.423   0.0    0.487  0.359     17   22   17   
 18 Pittsburgh                      35-36   0.476   0.0    0.485  0.467     18   17   2    
 19 Washington                      33-39   0.429   0.0    0.477  0.381     19   21   18   
 20 Ottawa                          34-37   0.429   -0.1   0.434  0.425     20   19   8    
 21 Buffalo                         33-37   0.427   -0.1   0.432  0.421     21   20   3    
 22 Nashville                       35-34   0.427   -0.2   0.410  0.445     22   18   32   
 23 Detroit                         31-39   0.360   -0.3   0.365  0.356     23   24   7    
 24 Vancouver                       31-39   0.358   -0.4   0.359  0.357     24   23   9    

                                           -------Rating----------------  ----Rank----            
Rank Team                            W-L     KRS    SRS    S-Ix   WRS       S    W    SOS
========================================================================================
 25 St Louis                        31-39   0.327   -0.5   0.306  0.347     25   25   23   
 26 Philadelphia                    26-44   0.263   -0.6   0.292  0.233     26   27   1    
 27 Arizona                         27-45   0.238   -0.7   0.261  0.216     27   28   19   
 28 Montreal                        28-43   0.229   -0.9   0.197  0.261     28   26   5    
 29 San Jose                        19-52   0.072   -1.0   0.145  0.000     29   32   27   
 30 Chicago                         24-46   0.143   -1.1   0.132  0.153     30   29   13   
 31 Columbus                        22-48   0.100   -1.2   0.097  0.103     31   31   4    
 32 Anaheim                         23-48   0.053   -1.5   0.000  0.106     32   30   14   
</div></pre>
</div>
<div class="tabbertab" title="Wins Based">
<pre><div id=data>

                                           -------Rating----------------  ----Rank----            
Rank Team                            W-L     KRS    SRS    S-Ix   WRS       S    W    SOS
========================================================================================
  1 Boston                          54-16   1.000   1.6    1.000  1.000     1    1    20   
  2 Carolina                        46-23   0.753   0.8    0.719  0.787     3    2    22   
  3 New Jersey                      45-26   0.727   0.8    0.722  0.732     2    3    12   
  4 Vegas                           44-27   0.643   0.4    0.610  0.677     9    4    31   
  5 Toronto                         42-28   0.669   0.6    0.679  0.660     6    5    21   
  6 Colorado                        41-29   0.642   0.5    0.646  0.638     8    6    16   
  7 NY Rangers                      41-30   0.658   0.7    0.692  0.623     4    7    10   
  8 Tampa Bay                       42-30   0.608   0.4    0.594  0.622     10   8    29   

                                           -------Rating----------------  ----Rank----            
Rank Team                            W-L     KRS    SRS    S-Ix   WRS       S    W    SOS
========================================================================================
  9 Los Angeles                     41-30   0.577   0.2    0.547  0.606     14   9    26   
 10 Minnesota                       41-30   0.576   0.2    0.552  0.599     13   10   30   
 11 Edmonton                        41-31   0.624   0.5    0.651  0.597     7    11   25   
 12 Seattle                         39-31   0.567   0.3    0.558  0.576     11   12   15   
 13 Winnipeg                        40-32   0.550   0.2    0.530  0.571     15   13   24   
 14 Dallas                          38-33   0.607   0.6    0.683  0.531     5    14   28   
 15 NY Islanders                    37-35   0.525   0.2    0.554  0.495     12   15   11   
 16 Florida                         36-35   0.507   0.2    0.525  0.490     16   16   6    

                                           -------Rating----------------  ----Rank----            
Rank Team                            W-L     KRS    SRS    S-Ix   WRS       S    W    SOS
========================================================================================
 17 Pittsburgh                      35-36   0.476   0.0    0.485  0.467     18   17   2    
 18 Nashville                       35-34   0.427   -0.2   0.410  0.445     22   18   32   
 19 Ottawa                          34-37   0.429   -0.1   0.434  0.425     20   19   8    
 20 Buffalo                         33-37   0.427   -0.1   0.432  0.421     21   20   3    
 21 Washington                      33-39   0.429   0.0    0.477  0.381     19   21   18   
 22 Calgary                         32-40   0.423   0.0    0.487  0.359     17   22   17   
 23 Vancouver                       31-39   0.358   -0.4   0.359  0.357     24   23   9    
 24 Detroit                         31-39   0.360   -0.3   0.365  0.356     23   24   7    

                                           -------Rating----------------  ----Rank----            
Rank Team                            W-L     KRS    SRS    S-Ix   WRS       S    W    SOS
========================================================================================
 25 St Louis                        31-39   0.327   -0.5   0.306  0.347     25   25   23   
 26 Montreal                        28-43   0.229   -0.9   0.197  0.261     28   26   5    
 27 Philadelphia                    26-44   0.263   -0.6   0.292  0.233     26   27   1    
 28 Arizona                         27-45   0.238   -0.7   0.261  0.216     27   28   19   
 29 Chicago                         24-46   0.143   -1.1   0.132  0.153     30   29   13   
 30 Anaheim                         23-48   0.053   -1.5   0.000  0.106     32   30   14   
 31 Columbus                        22-48   0.100   -1.2   0.097  0.103     31   31   4    
 32 San Jose                        19-52   0.072   -1.0   0.145  0.000     29   32   27   
</div></pre>
</div>
<div class="tabbertab" title="BCS">
<pre><div id=data>

                                           -------Rating----------------  ----Rank----            
Rank Team                            W-L     KRS    SRS    S-Ix   WRS       S    W    SOS
========================================================================================
  1 Boston                          54-16   1.000   1.6    1.000  1.000     1    1    20   
  2 Carolina                        46-23   0.753   0.8    0.719  0.787     3    2    22   
  3 New Jersey                      45-26   0.727   0.8    0.722  0.732     2    3    12   
  4 Toronto                         42-28   0.669   0.6    0.679  0.660     6    5    21   
  5 NY Rangers                      41-30   0.658   0.7    0.692  0.623     4    7    10   
  6 Vegas                           44-27   0.643   0.4    0.610  0.677     9    4    31   
  7 Colorado                        41-29   0.642   0.5    0.646  0.638     8    6    16   
  8 Edmonton                        41-31   0.624   0.5    0.651  0.597     7    11   25   

                                           -------Rating----------------  ----Rank----            
Rank Team                            W-L     KRS    SRS    S-Ix   WRS       S    W    SOS
========================================================================================
  9 Tampa Bay                       42-30   0.608   0.4    0.594  0.622     10   8    29   
 10 Dallas                          38-33   0.607   0.6    0.683  0.531     5    14   28   
 11 Los Angeles                     41-30   0.577   0.2    0.547  0.606     14   9    26   
 12 Minnesota                       41-30   0.576   0.2    0.552  0.599     13   10   30   
 13 Seattle                         39-31   0.567   0.3    0.558  0.576     11   12   15   
 14 Winnipeg                        40-32   0.550   0.2    0.530  0.571     15   13   24   
 15 NY Islanders                    37-35   0.525   0.2    0.554  0.495     12   15   11   
 16 Florida                         36-35   0.507   0.2    0.525  0.490     16   16   6    

                                           -------Rating----------------  ----Rank----            
Rank Team                            W-L     KRS    SRS    S-Ix   WRS       S    W    SOS
========================================================================================
 17 Pittsburgh                      35-36   0.476   0.0    0.485  0.467     18   17   2    
 18 Ottawa                          34-37   0.429   -0.1   0.434  0.425     20   19   8    
 19 Washington                      33-39   0.429   0.0    0.477  0.381     19   21   18   
 20 Nashville                       35-34   0.427   -0.2   0.410  0.445     22   18   32   
 21 Buffalo                         33-37   0.427   -0.1   0.432  0.421     21   20   3    
 22 Calgary                         32-40   0.423   0.0    0.487  0.359     17   22   17   
 23 Detroit                         31-39   0.360   -0.3   0.365  0.356     23   24   7    
 24 Vancouver                       31-39   0.358   -0.4   0.359  0.357     24   23   9    

                                           -------Rating----------------  ----Rank----            
Rank Team                            W-L     KRS    SRS    S-Ix   WRS       S    W    SOS
========================================================================================
 25 St Louis                        31-39   0.327   -0.5   0.306  0.347     25   25   23   
 26 Philadelphia                    26-44   0.263   -0.6   0.292  0.233     26   27   1    
 27 Arizona                         27-45   0.238   -0.7   0.261  0.216     27   28   19   
 28 Montreal                        28-43   0.229   -0.9   0.197  0.261     28   26   5    
 29 Chicago                         24-46   0.143   -1.1   0.132  0.153     30   29   13   
 30 Columbus                        22-48   0.100   -1.2   0.097  0.103     31   31   4    
 31 San Jose                        19-52   0.072   -1.0   0.145  0.000     29   32   27   
 32 Anaheim                         23-48   0.053   -1.5   0.000  0.106     32   30   14   
</div></pre>
</div>
<div class="tabbertab" title="SOS">
<pre><div id=data>

                                           -------Rating----------------  ----Rank----            
Rank Team                            W-L     KRS    SRS    S-Ix   WRS       S    W    SOS
========================================================================================
  1 Philadelphia                    26-44   0.263   -0.6   0.292  0.233     26   27   1    
  2 Pittsburgh                      35-36   0.476   0.0    0.485  0.467     18   17   2    
  3 Buffalo                         33-37   0.427   -0.1   0.432  0.421     21   20   3    
  4 Columbus                        22-48   0.100   -1.2   0.097  0.103     31   31   4    
  5 Montreal                        28-43   0.229   -0.9   0.197  0.261     28   26   5    
  6 Florida                         36-35   0.507   0.2    0.525  0.490     16   16   6    
  7 Detroit                         31-39   0.360   -0.3   0.365  0.356     23   24   7    
  8 Ottawa                          34-37   0.429   -0.1   0.434  0.425     20   19   8    

                                           -------Rating----------------  ----Rank----            
Rank Team                            W-L     KRS    SRS    S-Ix   WRS       S    W    SOS
========================================================================================
  9 Vancouver                       31-39   0.358   -0.4   0.359  0.357     24   23   9    
 10 NY Rangers                      41-30   0.658   0.7    0.692  0.623     4    7    10   
 11 NY Islanders                    37-35   0.525   0.2    0.554  0.495     12   15   11   
 12 New Jersey                      45-26   0.727   0.8    0.722  0.732     2    3    12   
 13 Chicago                         24-46   0.143   -1.1   0.132  0.153     30   29   13   
 14 Anaheim                         23-48   0.053   -1.5   0.000  0.106     32   30   14   
 15 Seattle                         39-31   0.567   0.3    0.558  0.576     11   12   15   
 16 Colorado                        41-29   0.642   0.5    0.646  0.638     8    6    16   

                                           -------Rating----------------  ----Rank----            
Rank Team                            W-L     KRS    SRS    S-Ix   WRS       S    W    SOS
========================================================================================
 17 Calgary                         32-40   0.423   0.0    0.487  0.359     17   22   17   
 18 Washington                      33-39   0.429   0.0    0.477  0.381     19   21   18   
 19 Arizona                         27-45   0.238   -0.7   0.261  0.216     27   28   19   
 20 Boston                          54-16   1.000   1.6    1.000  1.000     1    1    20   
 21 Toronto                         42-28   0.669   0.6    0.679  0.660     6    5    21   
 22 Carolina                        46-23   0.753   0.8    0.719  0.787     3    2    22   
 23 St Louis                        31-39   0.327   -0.5   0.306  0.347     25   25   23   
 24 Winnipeg                        40-32   0.550   0.2    0.530  0.571     15   13   24   

                                           -------Rating----------------  ----Rank----            
Rank Team                            W-L     KRS    SRS    S-Ix   WRS       S    W    SOS
========================================================================================
 25 Edmonton                        41-31   0.624   0.5    0.651  0.597     7    11   25   
 26 Los Angeles                     41-30   0.577   0.2    0.547  0.606     14   9    26   
 27 San Jose                        19-52   0.072   -1.0   0.145  0.000     29   32   27   
 28 Dallas                          38-33   0.607   0.6    0.683  0.531     5    14   28   
 29 Tampa Bay                       42-30   0.608   0.4    0.594  0.622     10   8    29   
 30 Minnesota                       41-30   0.576   0.2    0.552  0.599     13   10   30   
 31 Vegas                           44-27   0.643   0.4    0.610  0.677     9    4    31   
 32 Nashville                       35-34   0.427   -0.2   0.410  0.445     22   18   32   
</div></pre>
</div>
	</pre>
	</p>
	</span>
</body>
<body>
<h3>Other links</h3>
<h4>Home</h4>
	<ul>
			<li class="listyle"><a href="https://2skupz.github.io/index.html"> Index</a></li>
	</ul>
</body>
