<html>
<head>
<!-- Global Site Tag (gtag.js) - Google Analytics -->
<title>2023 NHL Rankings</title>
<script type="text/javascript" src="tabber.js">
</script>
<link href="https://fonts.googleapis.com/css?family=Roboto+Slab|Droid+Sans+Mono" rel="stylesheet">
<style>
 body {
			font-family: "Roboto Slab", serif;
			font-size: 12px;
			}
#data {
			font-family: "Droid Sans Mono", serif;
			font-size: 13px;
		}
</style>
<link rel="stylesheet" href="tabbedPage.css" TYPE="text/css" MEDIA="screen">
</head>
<body bgcolor=#fbeec1>
<hr>
<table width=100%>
<tr><td align=left>
<h1 align="center">2023 NHL Rankings</h1>
</td>
</tr></table>
<p>
Standings through 03.12.23
<hr>
<center>
<table width=100% border=1><tr>
<td valign=top>
<div class="tabber">
<div class="tabbertab" title="Ken Power Index">
<pre><div id=data>

                                           -------Rating----------------  ----Rank----            
Rank Team                            W-L     KRS    SRS    S-Ix   WRS       S    W    SOS
========================================================================================
  1 Boston                          50-15   1.000   1.6    1.000  1.000     1    1    14   
  2 New Jersey                      44-22   0.770   0.9    0.759  0.781     2    2    21   
  3 Carolina                        43-22   0.750   0.8    0.732  0.768     3    3    23   
  4 Toronto                         40-25   0.694   0.7    0.711  0.676     5    4    24   
  5 Vegas                           41-26   0.640   0.4    0.617  0.662     8    5    30   
  6 Dallas                          36-30   0.623   0.7    0.714  0.532     4    13   29   
  7 NY Rangers                      37-29   0.604   0.5    0.633  0.575     6    9    15   
  8 Colorado                        36-28   0.600   0.4    0.614  0.585     9    7    7    

                                           -------Rating----------------  ----Rank----            
Rank Team                            W-L     KRS    SRS    S-Ix   WRS       S    W    SOS
========================================================================================
  9 Tampa Bay                       39-28   0.598   0.4    0.597  0.600     10   6    27   
 10 Edmonton                        36-31   0.576   0.5    0.626  0.527     7    14   18   
 11 Seattle                         37-29   0.574   0.3    0.576  0.572     11   10   19   
 12 Winnipeg                        38-29   0.564   0.3    0.559  0.569     12   11   28   
 13 Los Angeles                     38-29   0.545   0.1    0.510  0.581     17   8    17   
 14 Minnesota                       38-29   0.545   0.2    0.536  0.554     13   12   31   
 15 Pittsburgh                      34-32   0.509   0.1    0.525  0.493     15   15   4    
 16 NY Islanders                    34-34   0.496   0.2    0.533  0.458     14   16   5    

                                           -------Rating----------------  ----Rank----            
Rank Team                            W-L     KRS    SRS    S-Ix   WRS       S    W    SOS
========================================================================================
 17 Florida                         33-34   0.478   0.1    0.508  0.449     18   17   3    
 18 Buffalo                         32-33   0.467   0.1    0.494  0.440     19   19   10   
 19 Washington                      32-35   0.462   0.1    0.520  0.405     16   21   12   
 20 Ottawa                          33-33   0.440   -0.1   0.443  0.437     21   20   25   
 21 Nashville                       33-31   0.434   -0.2   0.427  0.441     22   18   32   
 22 Calgary                         30-37   0.418   0.0    0.490  0.346     20   23   13   
 23 Detroit                         30-36   0.377   -0.2   0.395  0.359     23   22   9    
 24 Vancouver                       28-37   0.328   -0.4   0.341  0.315     24   24   6    

                                           -------Rating----------------  ----Rank----            
Rank Team                            W-L     KRS    SRS    S-Ix   WRS       S    W    SOS
========================================================================================
 25 St Louis                        29-37   0.300   -0.6   0.286  0.315     25   25   22   
 26 Philadelphia                    24-42   0.225   -0.7   0.262  0.188     26   27   1    
 27 Montreal                        26-40   0.218   -0.8   0.204  0.231     28   26   11   
 28 Arizona                         24-43   0.199   -0.7   0.238  0.160     27   28   16   
 29 Chicago                         22-44   0.108   -1.1   0.118  0.097     31   29   20   
 30 Columbus                        20-45   0.095   -1.1   0.122  0.068     30   31   2    
 31 San Jose                        19-48   0.077   -1.0   0.153  0.000     29   32   26   
 32 Anaheim                         22-45   0.047   -1.5   0.000  0.094     32   30   8    
</div></pre>
</div>
<div class="tabbertab" title="Points Based">
<pre><div id=data>

                                           -------Rating----------------  ----Rank----            
Rank Team                            W-L     KRS    SRS    S-Ix   WRS       S    W    SOS
========================================================================================
  1 Boston                          50-15   1.000   1.6    1.000  1.000     1    1    14   
  2 New Jersey                      44-22   0.770   0.9    0.759  0.781     2    2    21   
  3 Carolina                        43-22   0.750   0.8    0.732  0.768     3    3    23   
  4 Dallas                          36-30   0.623   0.7    0.714  0.532     4    13   29   
  5 Toronto                         40-25   0.694   0.7    0.711  0.676     5    4    24   
  6 NY Rangers                      37-29   0.604   0.5    0.633  0.575     6    9    15   
  7 Edmonton                        36-31   0.576   0.5    0.626  0.527     7    14   18   
  8 Vegas                           41-26   0.640   0.4    0.617  0.662     8    5    30   

                                           -------Rating----------------  ----Rank----            
Rank Team                            W-L     KRS    SRS    S-Ix   WRS       S    W    SOS
========================================================================================
  9 Colorado                        36-28   0.600   0.4    0.614  0.585     9    7    7    
 10 Tampa Bay                       39-28   0.598   0.4    0.597  0.600     10   6    27   
 11 Seattle                         37-29   0.574   0.3    0.576  0.572     11   10   19   
 12 Winnipeg                        38-29   0.564   0.3    0.559  0.569     12   11   28   
 13 Minnesota                       38-29   0.545   0.2    0.536  0.554     13   12   31   
 14 NY Islanders                    34-34   0.496   0.2    0.533  0.458     14   16   5    
 15 Pittsburgh                      34-32   0.509   0.1    0.525  0.493     15   15   4    
 16 Washington                      32-35   0.462   0.1    0.520  0.405     16   21   12   

                                           -------Rating----------------  ----Rank----            
Rank Team                            W-L     KRS    SRS    S-Ix   WRS       S    W    SOS
========================================================================================
 17 Los Angeles                     38-29   0.545   0.1    0.510  0.581     17   8    17   
 18 Florida                         33-34   0.478   0.1    0.508  0.449     18   17   3    
 19 Buffalo                         32-33   0.467   0.1    0.494  0.440     19   19   10   
 20 Calgary                         30-37   0.418   0.0    0.490  0.346     20   23   13   
 21 Ottawa                          33-33   0.440   -0.1   0.443  0.437     21   20   25   
 22 Nashville                       33-31   0.434   -0.2   0.427  0.441     22   18   32   
 23 Detroit                         30-36   0.377   -0.2   0.395  0.359     23   22   9    
 24 Vancouver                       28-37   0.328   -0.4   0.341  0.315     24   24   6    

                                           -------Rating----------------  ----Rank----            
Rank Team                            W-L     KRS    SRS    S-Ix   WRS       S    W    SOS
========================================================================================
 25 St Louis                        29-37   0.300   -0.6   0.286  0.315     25   25   22   
 26 Philadelphia                    24-42   0.225   -0.7   0.262  0.188     26   27   1    
 27 Arizona                         24-43   0.199   -0.7   0.238  0.160     27   28   16   
 28 Montreal                        26-40   0.218   -0.8   0.204  0.231     28   26   11   
 29 San Jose                        19-48   0.077   -1.0   0.153  0.000     29   32   26   
 30 Columbus                        20-45   0.095   -1.1   0.122  0.068     30   31   2    
 31 Chicago                         22-44   0.108   -1.1   0.118  0.097     31   29   20   
 32 Anaheim                         22-45   0.047   -1.5   0.000  0.094     32   30   8    
</div></pre>
</div>
<div class="tabbertab" title="Wins Based">
<pre><div id=data>

                                           -------Rating----------------  ----Rank----            
Rank Team                            W-L     KRS    SRS    S-Ix   WRS       S    W    SOS
========================================================================================
  1 Boston                          50-15   1.000   1.6    1.000  1.000     1    1    14   
  2 New Jersey                      44-22   0.770   0.9    0.759  0.781     2    2    21   
  3 Carolina                        43-22   0.750   0.8    0.732  0.768     3    3    23   
  4 Toronto                         40-25   0.694   0.7    0.711  0.676     5    4    24   
  5 Vegas                           41-26   0.640   0.4    0.617  0.662     8    5    30   
  6 Tampa Bay                       39-28   0.598   0.4    0.597  0.600     10   6    27   
  7 Colorado                        36-28   0.600   0.4    0.614  0.585     9    7    7    
  8 Los Angeles                     38-29   0.545   0.1    0.510  0.581     17   8    17   

                                           -------Rating----------------  ----Rank----            
Rank Team                            W-L     KRS    SRS    S-Ix   WRS       S    W    SOS
========================================================================================
  9 NY Rangers                      37-29   0.604   0.5    0.633  0.575     6    9    15   
 10 Seattle                         37-29   0.574   0.3    0.576  0.572     11   10   19   
 11 Winnipeg                        38-29   0.564   0.3    0.559  0.569     12   11   28   
 12 Minnesota                       38-29   0.545   0.2    0.536  0.554     13   12   31   
 13 Dallas                          36-30   0.623   0.7    0.714  0.532     4    13   29   
 14 Edmonton                        36-31   0.576   0.5    0.626  0.527     7    14   18   
 15 Pittsburgh                      34-32   0.509   0.1    0.525  0.493     15   15   4    
 16 NY Islanders                    34-34   0.496   0.2    0.533  0.458     14   16   5    

                                           -------Rating----------------  ----Rank----            
Rank Team                            W-L     KRS    SRS    S-Ix   WRS       S    W    SOS
========================================================================================
 17 Florida                         33-34   0.478   0.1    0.508  0.449     18   17   3    
 18 Nashville                       33-31   0.434   -0.2   0.427  0.441     22   18   32   
 19 Buffalo                         32-33   0.467   0.1    0.494  0.440     19   19   10   
 20 Ottawa                          33-33   0.440   -0.1   0.443  0.437     21   20   25   
 21 Washington                      32-35   0.462   0.1    0.520  0.405     16   21   12   
 22 Detroit                         30-36   0.377   -0.2   0.395  0.359     23   22   9    
 23 Calgary                         30-37   0.418   0.0    0.490  0.346     20   23   13   
 24 Vancouver                       28-37   0.328   -0.4   0.341  0.315     24   24   6    

                                           -------Rating----------------  ----Rank----            
Rank Team                            W-L     KRS    SRS    S-Ix   WRS       S    W    SOS
========================================================================================
 25 St Louis                        29-37   0.300   -0.6   0.286  0.315     25   25   22   
 26 Montreal                        26-40   0.218   -0.8   0.204  0.231     28   26   11   
 27 Philadelphia                    24-42   0.225   -0.7   0.262  0.188     26   27   1    
 28 Arizona                         24-43   0.199   -0.7   0.238  0.160     27   28   16   
 29 Chicago                         22-44   0.108   -1.1   0.118  0.097     31   29   20   
 30 Anaheim                         22-45   0.047   -1.5   0.000  0.094     32   30   8    
 31 Columbus                        20-45   0.095   -1.1   0.122  0.068     30   31   2    
 32 San Jose                        19-48   0.077   -1.0   0.153  0.000     29   32   26   
</div></pre>
</div>
<div class="tabbertab" title="BCS">
<pre><div id=data>

                                           -------Rating----------------  ----Rank----            
Rank Team                            W-L     KRS    SRS    S-Ix   WRS       S    W    SOS
========================================================================================
  1 Boston                          50-15   1.000   1.6    1.000  1.000     1    1    14   
  2 New Jersey                      44-22   0.770   0.9    0.759  0.781     2    2    21   
  3 Carolina                        43-22   0.750   0.8    0.732  0.768     3    3    23   
  4 Toronto                         40-25   0.694   0.7    0.711  0.676     5    4    24   
  5 Vegas                           41-26   0.640   0.4    0.617  0.662     8    5    30   
  6 Dallas                          36-30   0.623   0.7    0.714  0.532     4    13   29   
  7 NY Rangers                      37-29   0.604   0.5    0.633  0.575     6    9    15   
  8 Colorado                        36-28   0.600   0.4    0.614  0.585     9    7    7    

                                           -------Rating----------------  ----Rank----            
Rank Team                            W-L     KRS    SRS    S-Ix   WRS       S    W    SOS
========================================================================================
  9 Tampa Bay                       39-28   0.598   0.4    0.597  0.600     10   6    27   
 10 Edmonton                        36-31   0.576   0.5    0.626  0.527     7    14   18   
 11 Seattle                         37-29   0.574   0.3    0.576  0.572     11   10   19   
 12 Winnipeg                        38-29   0.564   0.3    0.559  0.569     12   11   28   
 13 Los Angeles                     38-29   0.545   0.1    0.510  0.581     17   8    17   
 14 Minnesota                       38-29   0.545   0.2    0.536  0.554     13   12   31   
 15 Pittsburgh                      34-32   0.509   0.1    0.525  0.493     15   15   4    
 16 NY Islanders                    34-34   0.496   0.2    0.533  0.458     14   16   5    

                                           -------Rating----------------  ----Rank----            
Rank Team                            W-L     KRS    SRS    S-Ix   WRS       S    W    SOS
========================================================================================
 17 Florida                         33-34   0.478   0.1    0.508  0.449     18   17   3    
 18 Buffalo                         32-33   0.467   0.1    0.494  0.440     19   19   10   
 19 Washington                      32-35   0.462   0.1    0.520  0.405     16   21   12   
 20 Ottawa                          33-33   0.440   -0.1   0.443  0.437     21   20   25   
 21 Nashville                       33-31   0.434   -0.2   0.427  0.441     22   18   32   
 22 Calgary                         30-37   0.418   0.0    0.490  0.346     20   23   13   
 23 Detroit                         30-36   0.377   -0.2   0.395  0.359     23   22   9    
 24 Vancouver                       28-37   0.328   -0.4   0.341  0.315     24   24   6    

                                           -------Rating----------------  ----Rank----            
Rank Team                            W-L     KRS    SRS    S-Ix   WRS       S    W    SOS
========================================================================================
 25 St Louis                        29-37   0.300   -0.6   0.286  0.315     25   25   22   
 26 Philadelphia                    24-42   0.225   -0.7   0.262  0.188     26   27   1    
 27 Montreal                        26-40   0.218   -0.8   0.204  0.231     28   26   11   
 28 Arizona                         24-43   0.199   -0.7   0.238  0.160     27   28   16   
 29 Chicago                         22-44   0.108   -1.1   0.118  0.097     31   29   20   
 30 Columbus                        20-45   0.095   -1.1   0.122  0.068     30   31   2    
 31 San Jose                        19-48   0.077   -1.0   0.153  0.000     29   32   26   
 32 Anaheim                         22-45   0.047   -1.5   0.000  0.094     32   30   8    
</div></pre>
</div>
<div class="tabbertab" title="SOS">
<pre><div id=data>

                                           -------Rating----------------  ----Rank----            
Rank Team                            W-L     KRS    SRS    S-Ix   WRS       S    W    SOS
========================================================================================
  1 Philadelphia                    24-42   0.225   -0.7   0.262  0.188     26   27   1    
  2 Columbus                        20-45   0.095   -1.1   0.122  0.068     30   31   2    
  3 Florida                         33-34   0.478   0.1    0.508  0.449     18   17   3    
  4 Pittsburgh                      34-32   0.509   0.1    0.525  0.493     15   15   4    
  5 NY Islanders                    34-34   0.496   0.2    0.533  0.458     14   16   5    
  6 Vancouver                       28-37   0.328   -0.4   0.341  0.315     24   24   6    
  7 Colorado                        36-28   0.600   0.4    0.614  0.585     9    7    7    
  8 Anaheim                         22-45   0.047   -1.5   0.000  0.094     32   30   8    

                                           -------Rating----------------  ----Rank----            
Rank Team                            W-L     KRS    SRS    S-Ix   WRS       S    W    SOS
========================================================================================
  9 Detroit                         30-36   0.377   -0.2   0.395  0.359     23   22   9    
 10 Buffalo                         32-33   0.467   0.1    0.494  0.440     19   19   10   
 11 Montreal                        26-40   0.218   -0.8   0.204  0.231     28   26   11   
 12 Washington                      32-35   0.462   0.1    0.520  0.405     16   21   12   
 13 Calgary                         30-37   0.418   0.0    0.490  0.346     20   23   13   
 14 Boston                          50-15   1.000   1.6    1.000  1.000     1    1    14   
 15 NY Rangers                      37-29   0.604   0.5    0.633  0.575     6    9    15   
 16 Arizona                         24-43   0.199   -0.7   0.238  0.160     27   28   16   

                                           -------Rating----------------  ----Rank----            
Rank Team                            W-L     KRS    SRS    S-Ix   WRS       S    W    SOS
========================================================================================
 17 Los Angeles                     38-29   0.545   0.1    0.510  0.581     17   8    17   
 18 Edmonton                        36-31   0.576   0.5    0.626  0.527     7    14   18   
 19 Seattle                         37-29   0.574   0.3    0.576  0.572     11   10   19   
 20 Chicago                         22-44   0.108   -1.1   0.118  0.097     31   29   20   
 21 New Jersey                      44-22   0.770   0.9    0.759  0.781     2    2    21   
 22 St Louis                        29-37   0.300   -0.6   0.286  0.315     25   25   22   
 23 Carolina                        43-22   0.750   0.8    0.732  0.768     3    3    23   
 24 Toronto                         40-25   0.694   0.7    0.711  0.676     5    4    24   

                                           -------Rating----------------  ----Rank----            
Rank Team                            W-L     KRS    SRS    S-Ix   WRS       S    W    SOS
========================================================================================
 25 Ottawa                          33-33   0.440   -0.1   0.443  0.437     21   20   25   
 26 San Jose                        19-48   0.077   -1.0   0.153  0.000     29   32   26   
 27 Tampa Bay                       39-28   0.598   0.4    0.597  0.600     10   6    27   
 28 Winnipeg                        38-29   0.564   0.3    0.559  0.569     12   11   28   
 29 Dallas                          36-30   0.623   0.7    0.714  0.532     4    13   29   
 30 Vegas                           41-26   0.640   0.4    0.617  0.662     8    5    30   
 31 Minnesota                       38-29   0.545   0.2    0.536  0.554     13   12   31   
 32 Nashville                       33-31   0.434   -0.2   0.427  0.441     22   18   32   
</div></pre>
</div>
	</pre>
	</p>
	</span>
</body>
<body>
<h3>Other links</h3>
<h4>Home</h4>
	<ul>
			<li class="listyle"><a href="https://2skupz.github.io/index.html"> Index</a></li>
	</ul>
</body>
