<html>
<head>
<!-- Global Site Tag (gtag.js) - Google Analytics -->
<title>2023 NHL Rankings</title>
<script type="text/javascript" src="tabber.js">
</script>
<link href="https://fonts.googleapis.com/css?family=Roboto+Slab|Droid+Sans+Mono" rel="stylesheet">
<style>
 body {
			font-family: "Roboto Slab", serif;
			font-size: 12px;
			}
#data {
			font-family: "Droid Sans Mono", serif;
			font-size: 13px;
		}
</style>
<link rel="stylesheet" href="tabbedPage.css" TYPE="text/css" MEDIA="screen">
</head>
<body bgcolor=#fbeec1>
<hr>
<table width=100%>
<tr><td align=left>
<h1 align="center">2023 NHL Rankings</h1>
</td>
</tr></table>
<p>
Standings through 02.23.23
<hr>
<center>
<table width=100% border=1><tr>
<td valign=top>
<div class="tabber">
<div class="tabbertab" title="Ken Power Index">
<pre><div id=data>

                                           -------Rating----------------  ----Rank----            
Rank Team                            W-L     KRS    SRS    S-Ix   WRS       S    W    SOS
========================================================================================
  1 Boston                          44-13   1.000   1.6    1.000  1.000     1    1    16   
  2 Carolina                        38-18   0.762   0.8    0.737  0.787     2    2    19   
  3 New Jersey                      38-20   0.730   0.7    0.723  0.738     3    3    24   
  4 Tampa Bay                       36-21   0.682   0.6    0.684  0.680     5    4    26   
  5 Toronto                         35-23   0.671   0.7    0.715  0.627     4    5    28   
  6 Winnipeg                        35-23   0.622   0.4    0.631  0.612     8    6    31   
  7 NY Rangers                      33-25   0.620   0.6    0.672  0.568     7    8    17   
  8 Vegas                           35-23   0.607   0.4    0.610  0.605     10   7    32   

                                           -------Rating----------------  ----Rank----            
Rank Team                            W-L     KRS    SRS    S-Ix   WRS       S    W    SOS
========================================================================================
  9 Colorado                        31-24   0.584   0.3    0.603  0.565     11   9    12   
 10 Seattle                         32-26   0.569   0.3    0.597  0.541     12   10   13   
 11 Dallas                          30-28   0.566   0.6    0.677  0.456     6    15   25   
 12 Edmonton                        32-27   0.558   0.4    0.626  0.489     9    13   30   
 13 Minnesota                       32-26   0.519   0.1    0.528  0.511     15   11   29   
 14 Buffalo                         29-27   0.507   0.2    0.556  0.459     13   14   23   
 15 Los Angeles                     32-27   0.504   0.0    0.503  0.505     19   12   15   
 16 NY Islanders                    30-31   0.474   0.1    0.538  0.410     14   16   9    

                                           -------Rating----------------  ----Rank----            
Rank Team                            W-L     KRS    SRS    S-Ix   WRS       S    W    SOS
========================================================================================
 17 Florida                         29-31   0.457   0.0    0.511  0.403     18   17   4    
 18 Pittsburgh                      27-30   0.443   0.0    0.500  0.386     20   20   3    
 19 Detroit                         28-29   0.437   -0.1   0.482  0.392     21   19   20   
 20 Washington                      28-32   0.436   0.1    0.513  0.358     17   22   6    
 21 Calgary                         27-32   0.423   0.1    0.522  0.325     16   23   22   
 22 Nashville                       28-28   0.423   -0.2   0.449  0.397     23   18   27   
 23 Ottawa                          27-29   0.423   -0.1   0.462  0.383     22   21   14   
 24 St Louis                        26-32   0.320   -0.6   0.322  0.318     25   24   11   

                                           -------Rating----------------  ----Rank----            
Rank Team                            W-L     KRS    SRS    S-Ix   WRS       S    W    SOS
========================================================================================
 25 Philadelphia                    23-36   0.272   -0.5   0.350  0.194     24   27   5    
 26 Vancouver                       23-35   0.264   -0.6   0.322  0.207     26   26   7    
 27 Montreal                        24-33   0.242   -0.9   0.232  0.252     29   25   8    
 28 Arizona                         20-38   0.166   -0.8   0.246  0.086     28   29   18   
 29 Chicago                         20-37   0.137   -1.1   0.165  0.110     30   28   10   
 30 San Jose                        18-41   0.133   -0.7   0.266  0.000     27   32   21   
 31 Columbus                        18-40   0.098   -1.1   0.161  0.035     31   30   1    
 32 Anaheim                         18-41   0.005   -1.6   0.000  0.010     32   31   2    
</div></pre>
</div>
<div class="tabbertab" title="Points Based">
<pre><div id=data>

                                           -------Rating----------------  ----Rank----            
Rank Team                            W-L     KRS    SRS    S-Ix   WRS       S    W    SOS
========================================================================================
  1 Boston                          44-13   1.000   1.6    1.000  1.000     1    1    16   
  2 Carolina                        38-18   0.762   0.8    0.737  0.787     2    2    19   
  3 New Jersey                      38-20   0.730   0.7    0.723  0.738     3    3    24   
  4 Toronto                         35-23   0.671   0.7    0.715  0.627     4    5    28   
  5 Tampa Bay                       36-21   0.682   0.6    0.684  0.680     5    4    26   
  6 Dallas                          30-28   0.566   0.6    0.677  0.456     6    15   25   
  7 NY Rangers                      33-25   0.620   0.6    0.672  0.568     7    8    17   
  8 Winnipeg                        35-23   0.622   0.4    0.631  0.612     8    6    31   

                                           -------Rating----------------  ----Rank----            
Rank Team                            W-L     KRS    SRS    S-Ix   WRS       S    W    SOS
========================================================================================
  9 Edmonton                        32-27   0.558   0.4    0.626  0.489     9    13   30   
 10 Vegas                           35-23   0.607   0.4    0.610  0.605     10   7    32   
 11 Colorado                        31-24   0.584   0.3    0.603  0.565     11   9    12   
 12 Seattle                         32-26   0.569   0.3    0.597  0.541     12   10   13   
 13 Buffalo                         29-27   0.507   0.2    0.556  0.459     13   14   23   
 14 NY Islanders                    30-31   0.474   0.1    0.538  0.410     14   16   9    
 15 Minnesota                       32-26   0.519   0.1    0.528  0.511     15   11   29   
 16 Calgary                         27-32   0.423   0.1    0.522  0.325     16   23   22   

                                           -------Rating----------------  ----Rank----            
Rank Team                            W-L     KRS    SRS    S-Ix   WRS       S    W    SOS
========================================================================================
 17 Washington                      28-32   0.436   0.1    0.513  0.358     17   22   6    
 18 Florida                         29-31   0.457   0.0    0.511  0.403     18   17   4    
 19 Los Angeles                     32-27   0.504   0.0    0.503  0.505     19   12   15   
 20 Pittsburgh                      27-30   0.443   0.0    0.500  0.386     20   20   3    
 21 Detroit                         28-29   0.437   -0.1   0.482  0.392     21   19   20   
 22 Ottawa                          27-29   0.423   -0.1   0.462  0.383     22   21   14   
 23 Nashville                       28-28   0.423   -0.2   0.449  0.397     23   18   27   
 24 Philadelphia                    23-36   0.272   -0.5   0.350  0.194     24   27   5    

                                           -------Rating----------------  ----Rank----            
Rank Team                            W-L     KRS    SRS    S-Ix   WRS       S    W    SOS
========================================================================================
 25 St Louis                        26-32   0.320   -0.6   0.322  0.318     25   24   11   
 26 Vancouver                       23-35   0.264   -0.6   0.322  0.207     26   26   7    
 27 San Jose                        18-41   0.133   -0.7   0.266  0.000     27   32   21   
 28 Arizona                         20-38   0.166   -0.8   0.246  0.086     28   29   18   
 29 Montreal                        24-33   0.242   -0.9   0.232  0.252     29   25   8    
 30 Chicago                         20-37   0.137   -1.1   0.165  0.110     30   28   10   
 31 Columbus                        18-40   0.098   -1.1   0.161  0.035     31   30   1    
 32 Anaheim                         18-41   0.005   -1.6   0.000  0.010     32   31   2    
</div></pre>
</div>
<div class="tabbertab" title="Wins Based">
<pre><div id=data>

                                           -------Rating----------------  ----Rank----            
Rank Team                            W-L     KRS    SRS    S-Ix   WRS       S    W    SOS
========================================================================================
  1 Boston                          44-13   1.000   1.6    1.000  1.000     1    1    16   
  2 Carolina                        38-18   0.762   0.8    0.737  0.787     2    2    19   
  3 New Jersey                      38-20   0.730   0.7    0.723  0.738     3    3    24   
  4 Tampa Bay                       36-21   0.682   0.6    0.684  0.680     5    4    26   
  5 Toronto                         35-23   0.671   0.7    0.715  0.627     4    5    28   
  6 Winnipeg                        35-23   0.622   0.4    0.631  0.612     8    6    31   
  7 Vegas                           35-23   0.607   0.4    0.610  0.605     10   7    32   
  8 NY Rangers                      33-25   0.620   0.6    0.672  0.568     7    8    17   

                                           -------Rating----------------  ----Rank----            
Rank Team                            W-L     KRS    SRS    S-Ix   WRS       S    W    SOS
========================================================================================
  9 Colorado                        31-24   0.584   0.3    0.603  0.565     11   9    12   
 10 Seattle                         32-26   0.569   0.3    0.597  0.541     12   10   13   
 11 Minnesota                       32-26   0.519   0.1    0.528  0.511     15   11   29   
 12 Los Angeles                     32-27   0.504   0.0    0.503  0.505     19   12   15   
 13 Edmonton                        32-27   0.558   0.4    0.626  0.489     9    13   30   
 14 Buffalo                         29-27   0.507   0.2    0.556  0.459     13   14   23   
 15 Dallas                          30-28   0.566   0.6    0.677  0.456     6    15   25   
 16 NY Islanders                    30-31   0.474   0.1    0.538  0.410     14   16   9    

                                           -------Rating----------------  ----Rank----            
Rank Team                            W-L     KRS    SRS    S-Ix   WRS       S    W    SOS
========================================================================================
 17 Florida                         29-31   0.457   0.0    0.511  0.403     18   17   4    
 18 Nashville                       28-28   0.423   -0.2   0.449  0.397     23   18   27   
 19 Detroit                         28-29   0.437   -0.1   0.482  0.392     21   19   20   
 20 Pittsburgh                      27-30   0.443   0.0    0.500  0.386     20   20   3    
 21 Ottawa                          27-29   0.423   -0.1   0.462  0.383     22   21   14   
 22 Washington                      28-32   0.436   0.1    0.513  0.358     17   22   6    
 23 Calgary                         27-32   0.423   0.1    0.522  0.325     16   23   22   
 24 St Louis                        26-32   0.320   -0.6   0.322  0.318     25   24   11   

                                           -------Rating----------------  ----Rank----            
Rank Team                            W-L     KRS    SRS    S-Ix   WRS       S    W    SOS
========================================================================================
 25 Montreal                        24-33   0.242   -0.9   0.232  0.252     29   25   8    
 26 Vancouver                       23-35   0.264   -0.6   0.322  0.207     26   26   7    
 27 Philadelphia                    23-36   0.272   -0.5   0.350  0.194     24   27   5    
 28 Chicago                         20-37   0.137   -1.1   0.165  0.110     30   28   10   
 29 Arizona                         20-38   0.166   -0.8   0.246  0.086     28   29   18   
 30 Columbus                        18-40   0.098   -1.1   0.161  0.035     31   30   1    
 31 Anaheim                         18-41   0.005   -1.6   0.000  0.010     32   31   2    
 32 San Jose                        18-41   0.133   -0.7   0.266  0.000     27   32   21   
</div></pre>
</div>
<div class="tabbertab" title="BCS">
<pre><div id=data>

                                           -------Rating----------------  ----Rank----            
Rank Team                            W-L     KRS    SRS    S-Ix   WRS       S    W    SOS
========================================================================================
  1 Boston                          44-13   1.000   1.6    1.000  1.000     1    1    16   
  2 Carolina                        38-18   0.762   0.8    0.737  0.787     2    2    19   
  3 New Jersey                      38-20   0.730   0.7    0.723  0.738     3    3    24   
  4 Tampa Bay                       36-21   0.682   0.6    0.684  0.680     5    4    26   
  5 Toronto                         35-23   0.671   0.7    0.715  0.627     4    5    28   
  6 Winnipeg                        35-23   0.622   0.4    0.631  0.612     8    6    31   
  7 NY Rangers                      33-25   0.620   0.6    0.672  0.568     7    8    17   
  8 Vegas                           35-23   0.607   0.4    0.610  0.605     10   7    32   

                                           -------Rating----------------  ----Rank----            
Rank Team                            W-L     KRS    SRS    S-Ix   WRS       S    W    SOS
========================================================================================
  9 Colorado                        31-24   0.584   0.3    0.603  0.565     11   9    12   
 10 Seattle                         32-26   0.569   0.3    0.597  0.541     12   10   13   
 11 Dallas                          30-28   0.566   0.6    0.677  0.456     6    15   25   
 12 Edmonton                        32-27   0.558   0.4    0.626  0.489     9    13   30   
 13 Minnesota                       32-26   0.519   0.1    0.528  0.511     15   11   29   
 14 Buffalo                         29-27   0.507   0.2    0.556  0.459     13   14   23   
 15 Los Angeles                     32-27   0.504   0.0    0.503  0.505     19   12   15   
 16 NY Islanders                    30-31   0.474   0.1    0.538  0.410     14   16   9    

                                           -------Rating----------------  ----Rank----            
Rank Team                            W-L     KRS    SRS    S-Ix   WRS       S    W    SOS
========================================================================================
 17 Florida                         29-31   0.457   0.0    0.511  0.403     18   17   4    
 18 Pittsburgh                      27-30   0.443   0.0    0.500  0.386     20   20   3    
 19 Detroit                         28-29   0.437   -0.1   0.482  0.392     21   19   20   
 20 Washington                      28-32   0.436   0.1    0.513  0.358     17   22   6    
 21 Calgary                         27-32   0.423   0.1    0.522  0.325     16   23   22   
 22 Nashville                       28-28   0.423   -0.2   0.449  0.397     23   18   27   
 23 Ottawa                          27-29   0.423   -0.1   0.462  0.383     22   21   14   
 24 St Louis                        26-32   0.320   -0.6   0.322  0.318     25   24   11   

                                           -------Rating----------------  ----Rank----            
Rank Team                            W-L     KRS    SRS    S-Ix   WRS       S    W    SOS
========================================================================================
 25 Philadelphia                    23-36   0.272   -0.5   0.350  0.194     24   27   5    
 26 Vancouver                       23-35   0.264   -0.6   0.322  0.207     26   26   7    
 27 Montreal                        24-33   0.242   -0.9   0.232  0.252     29   25   8    
 28 Arizona                         20-38   0.166   -0.8   0.246  0.086     28   29   18   
 29 Chicago                         20-37   0.137   -1.1   0.165  0.110     30   28   10   
 30 San Jose                        18-41   0.133   -0.7   0.266  0.000     27   32   21   
 31 Columbus                        18-40   0.098   -1.1   0.161  0.035     31   30   1    
 32 Anaheim                         18-41   0.005   -1.6   0.000  0.010     32   31   2    
</div></pre>
</div>
<div class="tabbertab" title="SOS">
<pre><div id=data>

                                           -------Rating----------------  ----Rank----            
Rank Team                            W-L     KRS    SRS    S-Ix   WRS       S    W    SOS
========================================================================================
  1 Columbus                        18-40   0.098   -1.1   0.161  0.035     31   30   1    
  2 Anaheim                         18-41   0.005   -1.6   0.000  0.010     32   31   2    
  3 Pittsburgh                      27-30   0.443   0.0    0.500  0.386     20   20   3    
  4 Florida                         29-31   0.457   0.0    0.511  0.403     18   17   4    
  5 Philadelphia                    23-36   0.272   -0.5   0.350  0.194     24   27   5    
  6 Washington                      28-32   0.436   0.1    0.513  0.358     17   22   6    
  7 Vancouver                       23-35   0.264   -0.6   0.322  0.207     26   26   7    
  8 Montreal                        24-33   0.242   -0.9   0.232  0.252     29   25   8    

                                           -------Rating----------------  ----Rank----            
Rank Team                            W-L     KRS    SRS    S-Ix   WRS       S    W    SOS
========================================================================================
  9 NY Islanders                    30-31   0.474   0.1    0.538  0.410     14   16   9    
 10 Chicago                         20-37   0.137   -1.1   0.165  0.110     30   28   10   
 11 St Louis                        26-32   0.320   -0.6   0.322  0.318     25   24   11   
 12 Colorado                        31-24   0.584   0.3    0.603  0.565     11   9    12   
 13 Seattle                         32-26   0.569   0.3    0.597  0.541     12   10   13   
 14 Ottawa                          27-29   0.423   -0.1   0.462  0.383     22   21   14   
 15 Los Angeles                     32-27   0.504   0.0    0.503  0.505     19   12   15   
 16 Boston                          44-13   1.000   1.6    1.000  1.000     1    1    16   

                                           -------Rating----------------  ----Rank----            
Rank Team                            W-L     KRS    SRS    S-Ix   WRS       S    W    SOS
========================================================================================
 17 NY Rangers                      33-25   0.620   0.6    0.672  0.568     7    8    17   
 18 Arizona                         20-38   0.166   -0.8   0.246  0.086     28   29   18   
 19 Carolina                        38-18   0.762   0.8    0.737  0.787     2    2    19   
 20 Detroit                         28-29   0.437   -0.1   0.482  0.392     21   19   20   
 21 San Jose                        18-41   0.133   -0.7   0.266  0.000     27   32   21   
 22 Calgary                         27-32   0.423   0.1    0.522  0.325     16   23   22   
 23 Buffalo                         29-27   0.507   0.2    0.556  0.459     13   14   23   
 24 New Jersey                      38-20   0.730   0.7    0.723  0.738     3    3    24   

                                           -------Rating----------------  ----Rank----            
Rank Team                            W-L     KRS    SRS    S-Ix   WRS       S    W    SOS
========================================================================================
 25 Dallas                          30-28   0.566   0.6    0.677  0.456     6    15   25   
 26 Tampa Bay                       36-21   0.682   0.6    0.684  0.680     5    4    26   
 27 Nashville                       28-28   0.423   -0.2   0.449  0.397     23   18   27   
 28 Toronto                         35-23   0.671   0.7    0.715  0.627     4    5    28   
 29 Minnesota                       32-26   0.519   0.1    0.528  0.511     15   11   29   
 30 Edmonton                        32-27   0.558   0.4    0.626  0.489     9    13   30   
 31 Winnipeg                        35-23   0.622   0.4    0.631  0.612     8    6    31   
 32 Vegas                           35-23   0.607   0.4    0.610  0.605     10   7    32   
</div></pre>
</div>
	</pre>
	</p>
	</span>
</body>
<body>
<h3>Other links</h3>
<h4>Home</h4>
	<ul>
			<li class="listyle"><a href="https://2skupz.github.io/index.html"> Index</a></li>
	</ul>
</body>
