<html>
<head>
<!-- Global Site Tag (gtag.js) - Google Analytics -->
<title>2023 NHL Rankings</title>
<script type="text/javascript" src="tabber.js">
</script>
<link href="https://fonts.googleapis.com/css?family=Roboto+Slab|Droid+Sans+Mono" rel="stylesheet">
<style>
 body {
			font-family: "Roboto Slab", serif;
			font-size: 12px;
			}
#data {
			font-family: "Droid Sans Mono", serif;
			font-size: 13px;
		}
</style>
<link rel="stylesheet" href="tabbedPage.css" TYPE="text/css" MEDIA="screen">
</head>
<body bgcolor=#fbeec1>
<hr>
<table width=100%>
<tr><td align=left>
<h1 align="center">2023 NHL Rankings</h1>
</td>
</tr></table>
<p>
Standings through 01.11.23
<hr>
<center>
<table width=100% border=1><tr>
<td valign=top>
<div class="tabber">
<div class="tabbertab" title="Ken Power Index">
<pre><div id=data>

                                           -------Rating----------------  ----Rank----            
Rank Team                            W-L     KRS    SRS    S-Ix   WRS       S    W    SOS
========================================================================================
  1 Boston                          32-8    1.000   1.6    1.000  1.000     1    1    25   
  2 Toronto                         26-16   0.718   0.8    0.759  0.677     2    6    13   
  3 New Jersey                      26-15   0.716   0.8    0.749  0.683     3    5    15   
  4 Winnipeg                        26-15   0.688   0.6    0.685  0.692     5    3    28   
  5 Tampa Bay                       25-14   0.682   0.6    0.678  0.686     6    4    24   
  6 Dallas                          25-17   0.675   0.8    0.741  0.610     4    9    26   
  7 Vegas                           27-15   0.661   0.4    0.628  0.694     13   2    30   
  8 Seattle                         24-16   0.650   0.5    0.664  0.636     7    8    22   

                                           -------Rating----------------  ----Rank----            
Rank Team                            W-L     KRS    SRS    S-Ix   WRS       S    W    SOS
========================================================================================
  9 Carolina                        25-16   0.643   0.4    0.641  0.645     11   7    14   
 10 Pittsburgh                      21-19   0.581   0.4    0.634  0.528     12   11   2    
 11 NY Rangers                      23-19   0.579   0.5    0.646  0.512     9    12   27   
 12 Washington                      23-21   0.577   0.5    0.658  0.497     8    15   11   
 13 Buffalo                         20-19   0.558   0.4    0.643  0.474     10   16   17   
 14 Minnesota                       22-18   0.536   0.2    0.566  0.506     15   13   32   
 15 Los Angeles                     25-20   0.528   0.0    0.512  0.543     19   10   18   
 16 Colorado                        20-19   0.524   0.1    0.550  0.499     17   14   4    

                                           -------Rating----------------  ----Rank----            
Rank Team                            W-L     KRS    SRS    S-Ix   WRS       S    W    SOS
========================================================================================
 17 NY Islanders                    22-20   0.521   0.3    0.586  0.456     14   18   29   
 18 Edmonton                        22-21   0.514   0.2    0.561  0.467     16   17   20   
 19 Calgary                         19-23   0.443   0.0    0.526  0.359     18   23   19   
 20 St Louis                        21-21   0.429   -0.3   0.408  0.451     24   19   16   
 21 Florida                         19-23   0.426   -0.1   0.484  0.367     21   21   7    
 22 Ottawa                          18-22   0.424   -0.1   0.485  0.362     20   22   5    
 23 Nashville                       19-21   0.420   -0.2   0.461  0.379     22   20   23   
 24 Detroit                         17-22   0.375   -0.3   0.422  0.329     23   24   12   

                                           -------Rating----------------  ----Rank----            
Rank Team                            W-L     KRS    SRS    S-Ix   WRS       S    W    SOS
========================================================================================
 25 Vancouver                       17-23   0.340   -0.5   0.375  0.306     26   25   10   
 26 Philadelphia                    17-25   0.336   -0.4   0.407  0.264     25   26   8    
 27 Arizona                         13-27   0.191   -0.9   0.254  0.128     28   28   3    
 28 Montreal                        16-25   0.188   -1.2   0.163  0.214     29   27   21   
 29 San Jose                        13-30   0.154   -0.8   0.276  0.032     27   31   31   
 30 Columbus                        12-28   0.102   -1.3   0.126  0.079     30   29   6    
 31 Chicago                         10-29   0.042   -1.4   0.085  0.000     31   32   9    
 32 Anaheim                         12-30   0.028   -1.7   0.000  0.057     32   30   1    
</div></pre>
</div>
<div class="tabbertab" title="Points Based">
<pre><div id=data>

                                           -------Rating----------------  ----Rank----            
Rank Team                            W-L     KRS    SRS    S-Ix   WRS       S    W    SOS
========================================================================================
  1 Boston                          32-8    1.000   1.6    1.000  1.000     1    1    25   
  2 Toronto                         26-16   0.718   0.8    0.759  0.677     2    6    13   
  3 New Jersey                      26-15   0.716   0.8    0.749  0.683     3    5    15   
  4 Dallas                          25-17   0.675   0.8    0.741  0.610     4    9    26   
  5 Winnipeg                        26-15   0.688   0.6    0.685  0.692     5    3    28   
  6 Tampa Bay                       25-14   0.682   0.6    0.678  0.686     6    4    24   
  7 Seattle                         24-16   0.650   0.5    0.664  0.636     7    8    22   
  8 Washington                      23-21   0.577   0.5    0.658  0.497     8    15   11   

                                           -------Rating----------------  ----Rank----            
Rank Team                            W-L     KRS    SRS    S-Ix   WRS       S    W    SOS
========================================================================================
  9 NY Rangers                      23-19   0.579   0.5    0.646  0.512     9    12   27   
 10 Buffalo                         20-19   0.558   0.4    0.643  0.474     10   16   17   
 11 Carolina                        25-16   0.643   0.4    0.641  0.645     11   7    14   
 12 Pittsburgh                      21-19   0.581   0.4    0.634  0.528     12   11   2    
 13 Vegas                           27-15   0.661   0.4    0.628  0.694     13   2    30   
 14 NY Islanders                    22-20   0.521   0.3    0.586  0.456     14   18   29   
 15 Minnesota                       22-18   0.536   0.2    0.566  0.506     15   13   32   
 16 Edmonton                        22-21   0.514   0.2    0.561  0.467     16   17   20   

                                           -------Rating----------------  ----Rank----            
Rank Team                            W-L     KRS    SRS    S-Ix   WRS       S    W    SOS
========================================================================================
 17 Colorado                        20-19   0.524   0.1    0.550  0.499     17   14   4    
 18 Calgary                         19-23   0.443   0.0    0.526  0.359     18   23   19   
 19 Los Angeles                     25-20   0.528   0.0    0.512  0.543     19   10   18   
 20 Ottawa                          18-22   0.424   -0.1   0.485  0.362     20   22   5    
 21 Florida                         19-23   0.426   -0.1   0.484  0.367     21   21   7    
 22 Nashville                       19-21   0.420   -0.2   0.461  0.379     22   20   23   
 23 Detroit                         17-22   0.375   -0.3   0.422  0.329     23   24   12   
 24 St Louis                        21-21   0.429   -0.3   0.408  0.451     24   19   16   

                                           -------Rating----------------  ----Rank----            
Rank Team                            W-L     KRS    SRS    S-Ix   WRS       S    W    SOS
========================================================================================
 25 Philadelphia                    17-25   0.336   -0.4   0.407  0.264     25   26   8    
 26 Vancouver                       17-23   0.340   -0.5   0.375  0.306     26   25   10   
 27 San Jose                        13-30   0.154   -0.8   0.276  0.032     27   31   31   
 28 Arizona                         13-27   0.191   -0.9   0.254  0.128     28   28   3    
 29 Montreal                        16-25   0.188   -1.2   0.163  0.214     29   27   21   
 30 Columbus                        12-28   0.102   -1.3   0.126  0.079     30   29   6    
 31 Chicago                         10-29   0.042   -1.4   0.085  0.000     31   32   9    
 32 Anaheim                         12-30   0.028   -1.7   0.000  0.057     32   30   1    
</div></pre>
</div>
<div class="tabbertab" title="Wins Based">
<pre><div id=data>

                                           -------Rating----------------  ----Rank----            
Rank Team                            W-L     KRS    SRS    S-Ix   WRS       S    W    SOS
========================================================================================
  1 Boston                          32-8    1.000   1.6    1.000  1.000     1    1    25   
  2 Vegas                           27-15   0.661   0.4    0.628  0.694     13   2    30   
  3 Winnipeg                        26-15   0.688   0.6    0.685  0.692     5    3    28   
  4 Tampa Bay                       25-14   0.682   0.6    0.678  0.686     6    4    24   
  5 New Jersey                      26-15   0.716   0.8    0.749  0.683     3    5    15   
  6 Toronto                         26-16   0.718   0.8    0.759  0.677     2    6    13   
  7 Carolina                        25-16   0.643   0.4    0.641  0.645     11   7    14   
  8 Seattle                         24-16   0.650   0.5    0.664  0.636     7    8    22   

                                           -------Rating----------------  ----Rank----            
Rank Team                            W-L     KRS    SRS    S-Ix   WRS       S    W    SOS
========================================================================================
  9 Dallas                          25-17   0.675   0.8    0.741  0.610     4    9    26   
 10 Los Angeles                     25-20   0.528   0.0    0.512  0.543     19   10   18   
 11 Pittsburgh                      21-19   0.581   0.4    0.634  0.528     12   11   2    
 12 NY Rangers                      23-19   0.579   0.5    0.646  0.512     9    12   27   
 13 Minnesota                       22-18   0.536   0.2    0.566  0.506     15   13   32   
 14 Colorado                        20-19   0.524   0.1    0.550  0.499     17   14   4    
 15 Washington                      23-21   0.577   0.5    0.658  0.497     8    15   11   
 16 Buffalo                         20-19   0.558   0.4    0.643  0.474     10   16   17   

                                           -------Rating----------------  ----Rank----            
Rank Team                            W-L     KRS    SRS    S-Ix   WRS       S    W    SOS
========================================================================================
 17 Edmonton                        22-21   0.514   0.2    0.561  0.467     16   17   20   
 18 NY Islanders                    22-20   0.521   0.3    0.586  0.456     14   18   29   
 19 St Louis                        21-21   0.429   -0.3   0.408  0.451     24   19   16   
 20 Nashville                       19-21   0.420   -0.2   0.461  0.379     22   20   23   
 21 Florida                         19-23   0.426   -0.1   0.484  0.367     21   21   7    
 22 Ottawa                          18-22   0.424   -0.1   0.485  0.362     20   22   5    
 23 Calgary                         19-23   0.443   0.0    0.526  0.359     18   23   19   
 24 Detroit                         17-22   0.375   -0.3   0.422  0.329     23   24   12   

                                           -------Rating----------------  ----Rank----            
Rank Team                            W-L     KRS    SRS    S-Ix   WRS       S    W    SOS
========================================================================================
 25 Vancouver                       17-23   0.340   -0.5   0.375  0.306     26   25   10   
 26 Philadelphia                    17-25   0.336   -0.4   0.407  0.264     25   26   8    
 27 Montreal                        16-25   0.188   -1.2   0.163  0.214     29   27   21   
 28 Arizona                         13-27   0.191   -0.9   0.254  0.128     28   28   3    
 29 Columbus                        12-28   0.102   -1.3   0.126  0.079     30   29   6    
 30 Anaheim                         12-30   0.028   -1.7   0.000  0.057     32   30   1    
 31 San Jose                        13-30   0.154   -0.8   0.276  0.032     27   31   31   
 32 Chicago                         10-29   0.042   -1.4   0.085  0.000     31   32   9    
</div></pre>
</div>
<div class="tabbertab" title="BCS">
<pre><div id=data>

                                           -------Rating----------------  ----Rank----            
Rank Team                            W-L     KRS    SRS    S-Ix   WRS       S    W    SOS
========================================================================================
  1 Boston                          32-8    1.000   1.6    1.000  1.000     1    1    25   
  2 Toronto                         26-16   0.718   0.8    0.759  0.677     2    6    13   
  3 New Jersey                      26-15   0.716   0.8    0.749  0.683     3    5    15   
  4 Winnipeg                        26-15   0.688   0.6    0.685  0.692     5    3    28   
  5 Tampa Bay                       25-14   0.682   0.6    0.678  0.686     6    4    24   
  6 Dallas                          25-17   0.675   0.8    0.741  0.610     4    9    26   
  7 Vegas                           27-15   0.661   0.4    0.628  0.694     13   2    30   
  8 Seattle                         24-16   0.650   0.5    0.664  0.636     7    8    22   

                                           -------Rating----------------  ----Rank----            
Rank Team                            W-L     KRS    SRS    S-Ix   WRS       S    W    SOS
========================================================================================
  9 Carolina                        25-16   0.643   0.4    0.641  0.645     11   7    14   
 10 Pittsburgh                      21-19   0.581   0.4    0.634  0.528     12   11   2    
 11 NY Rangers                      23-19   0.579   0.5    0.646  0.512     9    12   27   
 12 Washington                      23-21   0.577   0.5    0.658  0.497     8    15   11   
 13 Buffalo                         20-19   0.558   0.4    0.643  0.474     10   16   17   
 14 Minnesota                       22-18   0.536   0.2    0.566  0.506     15   13   32   
 15 Los Angeles                     25-20   0.528   0.0    0.512  0.543     19   10   18   
 16 Colorado                        20-19   0.524   0.1    0.550  0.499     17   14   4    

                                           -------Rating----------------  ----Rank----            
Rank Team                            W-L     KRS    SRS    S-Ix   WRS       S    W    SOS
========================================================================================
 17 NY Islanders                    22-20   0.521   0.3    0.586  0.456     14   18   29   
 18 Edmonton                        22-21   0.514   0.2    0.561  0.467     16   17   20   
 19 Calgary                         19-23   0.443   0.0    0.526  0.359     18   23   19   
 20 St Louis                        21-21   0.429   -0.3   0.408  0.451     24   19   16   
 21 Florida                         19-23   0.426   -0.1   0.484  0.367     21   21   7    
 22 Ottawa                          18-22   0.424   -0.1   0.485  0.362     20   22   5    
 23 Nashville                       19-21   0.420   -0.2   0.461  0.379     22   20   23   
 24 Detroit                         17-22   0.375   -0.3   0.422  0.329     23   24   12   

                                           -------Rating----------------  ----Rank----            
Rank Team                            W-L     KRS    SRS    S-Ix   WRS       S    W    SOS
========================================================================================
 25 Vancouver                       17-23   0.340   -0.5   0.375  0.306     26   25   10   
 26 Philadelphia                    17-25   0.336   -0.4   0.407  0.264     25   26   8    
 27 Arizona                         13-27   0.191   -0.9   0.254  0.128     28   28   3    
 28 Montreal                        16-25   0.188   -1.2   0.163  0.214     29   27   21   
 29 San Jose                        13-30   0.154   -0.8   0.276  0.032     27   31   31   
 30 Columbus                        12-28   0.102   -1.3   0.126  0.079     30   29   6    
 31 Chicago                         10-29   0.042   -1.4   0.085  0.000     31   32   9    
 32 Anaheim                         12-30   0.028   -1.7   0.000  0.057     32   30   1    
</div></pre>
</div>
<div class="tabbertab" title="SOS">
<pre><div id=data>

                                           -------Rating----------------  ----Rank----            
Rank Team                            W-L     KRS    SRS    S-Ix   WRS       S    W    SOS
========================================================================================
  1 Anaheim                         12-30   0.028   -1.7   0.000  0.057     32   30   1    
  2 Pittsburgh                      21-19   0.581   0.4    0.634  0.528     12   11   2    
  3 Arizona                         13-27   0.191   -0.9   0.254  0.128     28   28   3    
  4 Colorado                        20-19   0.524   0.1    0.550  0.499     17   14   4    
  5 Ottawa                          18-22   0.424   -0.1   0.485  0.362     20   22   5    
  6 Columbus                        12-28   0.102   -1.3   0.126  0.079     30   29   6    
  7 Florida                         19-23   0.426   -0.1   0.484  0.367     21   21   7    
  8 Philadelphia                    17-25   0.336   -0.4   0.407  0.264     25   26   8    

                                           -------Rating----------------  ----Rank----            
Rank Team                            W-L     KRS    SRS    S-Ix   WRS       S    W    SOS
========================================================================================
  9 Chicago                         10-29   0.042   -1.4   0.085  0.000     31   32   9    
 10 Vancouver                       17-23   0.340   -0.5   0.375  0.306     26   25   10   
 11 Washington                      23-21   0.577   0.5    0.658  0.497     8    15   11   
 12 Detroit                         17-22   0.375   -0.3   0.422  0.329     23   24   12   
 13 Toronto                         26-16   0.718   0.8    0.759  0.677     2    6    13   
 14 Carolina                        25-16   0.643   0.4    0.641  0.645     11   7    14   
 15 New Jersey                      26-15   0.716   0.8    0.749  0.683     3    5    15   
 16 St Louis                        21-21   0.429   -0.3   0.408  0.451     24   19   16   

                                           -------Rating----------------  ----Rank----            
Rank Team                            W-L     KRS    SRS    S-Ix   WRS       S    W    SOS
========================================================================================
 17 Buffalo                         20-19   0.558   0.4    0.643  0.474     10   16   17   
 18 Los Angeles                     25-20   0.528   0.0    0.512  0.543     19   10   18   
 19 Calgary                         19-23   0.443   0.0    0.526  0.359     18   23   19   
 20 Edmonton                        22-21   0.514   0.2    0.561  0.467     16   17   20   
 21 Montreal                        16-25   0.188   -1.2   0.163  0.214     29   27   21   
 22 Seattle                         24-16   0.650   0.5    0.664  0.636     7    8    22   
 23 Nashville                       19-21   0.420   -0.2   0.461  0.379     22   20   23   
 24 Tampa Bay                       25-14   0.682   0.6    0.678  0.686     6    4    24   

                                           -------Rating----------------  ----Rank----            
Rank Team                            W-L     KRS    SRS    S-Ix   WRS       S    W    SOS
========================================================================================
 25 Boston                          32-8    1.000   1.6    1.000  1.000     1    1    25   
 26 Dallas                          25-17   0.675   0.8    0.741  0.610     4    9    26   
 27 NY Rangers                      23-19   0.579   0.5    0.646  0.512     9    12   27   
 28 Winnipeg                        26-15   0.688   0.6    0.685  0.692     5    3    28   
 29 NY Islanders                    22-20   0.521   0.3    0.586  0.456     14   18   29   
 30 Vegas                           27-15   0.661   0.4    0.628  0.694     13   2    30   
 31 San Jose                        13-30   0.154   -0.8   0.276  0.032     27   31   31   
 32 Minnesota                       22-18   0.536   0.2    0.566  0.506     15   13   32   
</div></pre>
</div>
	</pre>
	</p>
	</span>
</body>
<body>
<h3>Other links</h3>
<h4>Pro</h4>
	<ul>
			<li class="listyle"><a href="https://2skupz.github.io/nflKpi.html"> NFL</a></li>
			<li class="listyle"><a href="https://2skupz.github.io/nbaKpi.html"> NBA</a></li>
			<li class="listyle"><a href="https://2skupz.github.io/nhlKpi.html"> NHL</a></li>
	</ul>
<h4>Football</h4>
	<ul>
			<li class="listyle"><a href="https://2skupz.github.io/fbD1Rankings.html"> Division I</a></li>
			<li class="listyle"><a href="https://2skupz.github.io/fbFBSRankings.html"> Division I - FBS</a></li>
			<li class="listyle"><a href="https://2skupz.github.io/fbFCSRankings.html"> Division I - FCS</a></li>
			<li class="listyle"><a href="https://2skupz.github.io/fbD2Rankings.html"> Division II</a></li>
			<li class="listyle"><a href="https://2skupz.github.io/fbD3Rankings.html"> Division III</a></li>
	</ul>
<h4>Baseball</h4>
	<ul>
			<li class="listyle"><a href="https://2skupz.github.io/mlbPlayoffOdds.html"> MLB Playoff Odds</a></li>
			<li class="listyle"><a href="https://2skupz.github.io/baseD1Rankings.html"> Division 1</a></li>
			<li class="listyle"><a href="https://2skupz.github.io/baseD1Rankings.html"> Division 2</a></li>
			<li class="listyle"><a href="https://2skupz.github.io/baseD1Rankings.html"> Division 3</a></li>
	</ul>
<h4>Men's College Basketball</h4>
	<ul>
			<li class="listyle"><a href="https://2skupz.github.io/d1MbbRankings.html"> Division 1</a></li>
			<li class="listyle"><a href="https://2skupz.github.io/d2MbbRankings.html"> Division 2</a></li>
			<li class="listyle"><a href="https://2skupz.github.io/d3MbbRankings.html"> Division 3</a></li>
			<li class="listyle"><a href="https://2skupz.github.io/uSportMbbRankings.html"> U Sports</a></li>
	</ul>
<h4>Women's College Basketball</h4>
	<ul>
			<li class="listyle"><a href="https://2skupz.github.io/d1WbbRankings.html"> Division 1</a></li>
			<li class="listyle"><a href="https://2skupz.github.io/d2WbbRankings.html"> Division 2</a></li>
			<li class="listyle"><a href="https://2skupz.github.io/d3WbbRankings.html"> Division 3</a></li>
			<li class="listyle"><a href="https://2skupz.github.io/uSportsWbbRankings.html"> U Sports</a></li>
	</ul>
</body>
