<html>
<head>
<!-- Global Site Tag (gtag.js) - Google Analytics -->
<title>2023 NHL Rankings</title>
<script type="text/javascript" src="tabber.js">
</script>
<link href="https://fonts.googleapis.com/css?family=Roboto+Slab|Droid+Sans+Mono" rel="stylesheet">
<style>
 body {
			font-family: "Roboto Slab", serif;
			font-size: 12px;
			}
#data {
			font-family: "Droid Sans Mono", serif;
			font-size: 13px;
		}
</style>
<link rel="stylesheet" href="tabbedPage.css" TYPE="text/css" MEDIA="screen">
</head>
<body bgcolor=#fbeec1>
<hr>
<table width=100%>
<tr><td align=left>
<h1 align="center">2023 NHL Rankings</h1>
</td>
</tr></table>
<p>
Standings through 01.10.23
<hr>
<center>
<table width=100% border=1><tr>
<td valign=top>
<div class="tabber">
<div class="tabbertab" title="Ken Power Index">
<pre><div id=data>

                                           -------Rating----------------  ----Rank----            
Rank Team                            W-L     KRS    SRS    S-Ix   WRS       S    W    SOS
========================================================================================
  1 Boston                          32-8    1.000   1.6    1.000  1.000     1    1    24   
  2 New Jersey                      26-15   0.713   0.8    0.744  0.681     3    5    17   
  3 Toronto                         25-16   0.708   0.8    0.755  0.661     2    6    13   
  4 Winnipeg                        26-15   0.687   0.6    0.681  0.693     5    3    27   
  5 Tampa Bay                       25-14   0.679   0.6    0.673  0.686     6    4    23   
  6 Dallas                          25-17   0.674   0.8    0.737  0.611     4    9    25   
  7 Vegas                           27-15   0.658   0.4    0.622  0.694     13   2    29   
  8 Seattle                         24-16   0.648   0.5    0.659  0.636     8    8    22   

                                           -------Rating----------------  ----Rank----            
Rank Team                            W-L     KRS    SRS    S-Ix   WRS       S    W    SOS
========================================================================================
  9 Carolina                        25-16   0.639   0.4    0.634  0.644     11   7    16   
 10 Washington                      23-20   0.596   0.6    0.671  0.522     7    12   11   
 11 Pittsburgh                      21-19   0.577   0.4    0.628  0.526     12   11   2    
 12 NY Rangers                      23-19   0.576   0.5    0.640  0.512     9    13   28   
 13 Buffalo                         20-19   0.555   0.4    0.637  0.473     10   16   19   
 14 Minnesota                       22-18   0.532   0.2    0.559  0.506     15   14   32   
 15 Colorado                        20-19   0.520   0.1    0.541  0.499     16   15   4    
 16 Los Angeles                     24-20   0.518   -0.0   0.503  0.532     19   10   15   

                                           -------Rating----------------  ----Rank----            
Rank Team                            W-L     KRS    SRS    S-Ix   WRS       S    W    SOS
========================================================================================
 17 NY Islanders                    22-20   0.516   0.2    0.578  0.454     14   18   30   
 18 Edmonton                        21-21   0.498   0.1    0.540  0.455     17   17   14   
 19 Calgary                         19-23   0.438   0.0    0.519  0.358     18   23   20   
 20 Nashville                       19-20   0.425   -0.2   0.453  0.397     22   20   26   
 21 St Louis                        21-21   0.425   -0.3   0.398  0.451     24   19   18   
 22 Ottawa                          18-22   0.421   -0.1   0.478  0.364     20   22   5    
 23 Florida                         19-23   0.420   -0.1   0.475  0.366     21   21   7    
 24 Detroit                         17-22   0.372   -0.3   0.414  0.329     23   24   12   

                                           -------Rating----------------  ----Rank----            
Rank Team                            W-L     KRS    SRS    S-Ix   WRS       S    W    SOS
========================================================================================
 25 Vancouver                       17-23   0.336   -0.5   0.365  0.306     26   25   10   
 26 Philadelphia                    16-25   0.307   -0.4   0.378  0.235     25   26   9    
 27 Arizona                         13-27   0.184   -0.9   0.242  0.126     28   28   3    
 28 Montreal                        16-25   0.182   -1.2   0.151  0.214     29   27   21   
 29 San Jose                        13-29   0.155   -0.8   0.267  0.042     27   31   31   
 30 Columbus                        12-28   0.094   -1.3   0.111  0.077     30   29   6    
 31 Chicago                         10-29   0.036   -1.4   0.071  0.000     31   32   8    
 32 Anaheim                         12-29   0.035   -1.7   0.000  0.070     32   30   1    
</div></pre>
</div>
<div class="tabbertab" title="Points Based">
<pre><div id=data>

                                           -------Rating----------------  ----Rank----            
Rank Team                            W-L     KRS    SRS    S-Ix   WRS       S    W    SOS
========================================================================================
  1 Boston                          32-8    1.000   1.6    1.000  1.000     1    1    24   
  2 Toronto                         25-16   0.708   0.8    0.755  0.661     2    6    13   
  3 New Jersey                      26-15   0.713   0.8    0.744  0.681     3    5    17   
  4 Dallas                          25-17   0.674   0.8    0.737  0.611     4    9    25   
  5 Winnipeg                        26-15   0.687   0.6    0.681  0.693     5    3    27   
  6 Tampa Bay                       25-14   0.679   0.6    0.673  0.686     6    4    23   
  7 Washington                      23-20   0.596   0.6    0.671  0.522     7    12   11   
  8 Seattle                         24-16   0.648   0.5    0.659  0.636     8    8    22   

                                           -------Rating----------------  ----Rank----            
Rank Team                            W-L     KRS    SRS    S-Ix   WRS       S    W    SOS
========================================================================================
  9 NY Rangers                      23-19   0.576   0.5    0.640  0.512     9    13   28   
 10 Buffalo                         20-19   0.555   0.4    0.637  0.473     10   16   19   
 11 Carolina                        25-16   0.639   0.4    0.634  0.644     11   7    16   
 12 Pittsburgh                      21-19   0.577   0.4    0.628  0.526     12   11   2    
 13 Vegas                           27-15   0.658   0.4    0.622  0.694     13   2    29   
 14 NY Islanders                    22-20   0.516   0.2    0.578  0.454     14   18   30   
 15 Minnesota                       22-18   0.532   0.2    0.559  0.506     15   14   32   
 16 Colorado                        20-19   0.520   0.1    0.541  0.499     16   15   4    

                                           -------Rating----------------  ----Rank----            
Rank Team                            W-L     KRS    SRS    S-Ix   WRS       S    W    SOS
========================================================================================
 17 Edmonton                        21-21   0.498   0.1    0.540  0.455     17   17   14   
 18 Calgary                         19-23   0.438   0.0    0.519  0.358     18   23   20   
 19 Los Angeles                     24-20   0.518   -0.0   0.503  0.532     19   10   15   
 20 Ottawa                          18-22   0.421   -0.1   0.478  0.364     20   22   5    
 21 Florida                         19-23   0.420   -0.1   0.475  0.366     21   21   7    
 22 Nashville                       19-20   0.425   -0.2   0.453  0.397     22   20   26   
 23 Detroit                         17-22   0.372   -0.3   0.414  0.329     23   24   12   
 24 St Louis                        21-21   0.425   -0.3   0.398  0.451     24   19   18   

                                           -------Rating----------------  ----Rank----            
Rank Team                            W-L     KRS    SRS    S-Ix   WRS       S    W    SOS
========================================================================================
 25 Philadelphia                    16-25   0.307   -0.4   0.378  0.235     25   26   9    
 26 Vancouver                       17-23   0.336   -0.5   0.365  0.306     26   25   10   
 27 San Jose                        13-29   0.155   -0.8   0.267  0.042     27   31   31   
 28 Arizona                         13-27   0.184   -0.9   0.242  0.126     28   28   3    
 29 Montreal                        16-25   0.182   -1.2   0.151  0.214     29   27   21   
 30 Columbus                        12-28   0.094   -1.3   0.111  0.077     30   29   6    
 31 Chicago                         10-29   0.036   -1.4   0.071  0.000     31   32   8    
 32 Anaheim                         12-29   0.035   -1.7   0.000  0.070     32   30   1    
</div></pre>
</div>
<div class="tabbertab" title="Wins Based">
<pre><div id=data>

                                           -------Rating----------------  ----Rank----            
Rank Team                            W-L     KRS    SRS    S-Ix   WRS       S    W    SOS
========================================================================================
  1 Boston                          32-8    1.000   1.6    1.000  1.000     1    1    24   
  2 Vegas                           27-15   0.658   0.4    0.622  0.694     13   2    29   
  3 Winnipeg                        26-15   0.687   0.6    0.681  0.693     5    3    27   
  4 Tampa Bay                       25-14   0.679   0.6    0.673  0.686     6    4    23   
  5 New Jersey                      26-15   0.713   0.8    0.744  0.681     3    5    17   
  6 Toronto                         25-16   0.708   0.8    0.755  0.661     2    6    13   
  7 Carolina                        25-16   0.639   0.4    0.634  0.644     11   7    16   
  8 Seattle                         24-16   0.648   0.5    0.659  0.636     8    8    22   

                                           -------Rating----------------  ----Rank----            
Rank Team                            W-L     KRS    SRS    S-Ix   WRS       S    W    SOS
========================================================================================
  9 Dallas                          25-17   0.674   0.8    0.737  0.611     4    9    25   
 10 Los Angeles                     24-20   0.518   -0.0   0.503  0.532     19   10   15   
 11 Pittsburgh                      21-19   0.577   0.4    0.628  0.526     12   11   2    
 12 Washington                      23-20   0.596   0.6    0.671  0.522     7    12   11   
 13 NY Rangers                      23-19   0.576   0.5    0.640  0.512     9    13   28   
 14 Minnesota                       22-18   0.532   0.2    0.559  0.506     15   14   32   
 15 Colorado                        20-19   0.520   0.1    0.541  0.499     16   15   4    
 16 Buffalo                         20-19   0.555   0.4    0.637  0.473     10   16   19   

                                           -------Rating----------------  ----Rank----            
Rank Team                            W-L     KRS    SRS    S-Ix   WRS       S    W    SOS
========================================================================================
 17 Edmonton                        21-21   0.498   0.1    0.540  0.455     17   17   14   
 18 NY Islanders                    22-20   0.516   0.2    0.578  0.454     14   18   30   
 19 St Louis                        21-21   0.425   -0.3   0.398  0.451     24   19   18   
 20 Nashville                       19-20   0.425   -0.2   0.453  0.397     22   20   26   
 21 Florida                         19-23   0.420   -0.1   0.475  0.366     21   21   7    
 22 Ottawa                          18-22   0.421   -0.1   0.478  0.364     20   22   5    
 23 Calgary                         19-23   0.438   0.0    0.519  0.358     18   23   20   
 24 Detroit                         17-22   0.372   -0.3   0.414  0.329     23   24   12   

                                           -------Rating----------------  ----Rank----            
Rank Team                            W-L     KRS    SRS    S-Ix   WRS       S    W    SOS
========================================================================================
 25 Vancouver                       17-23   0.336   -0.5   0.365  0.306     26   25   10   
 26 Philadelphia                    16-25   0.307   -0.4   0.378  0.235     25   26   9    
 27 Montreal                        16-25   0.182   -1.2   0.151  0.214     29   27   21   
 28 Arizona                         13-27   0.184   -0.9   0.242  0.126     28   28   3    
 29 Columbus                        12-28   0.094   -1.3   0.111  0.077     30   29   6    
 30 Anaheim                         12-29   0.035   -1.7   0.000  0.070     32   30   1    
 31 San Jose                        13-29   0.155   -0.8   0.267  0.042     27   31   31   
 32 Chicago                         10-29   0.036   -1.4   0.071  0.000     31   32   8    
</div></pre>
</div>
<div class="tabbertab" title="BCS">
<pre><div id=data>

                                           -------Rating----------------  ----Rank----            
Rank Team                            W-L     KRS    SRS    S-Ix   WRS       S    W    SOS
========================================================================================
  1 Boston                          32-8    1.000   1.6    1.000  1.000     1    1    24   
  2 New Jersey                      26-15   0.713   0.8    0.744  0.681     3    5    17   
  3 Toronto                         25-16   0.708   0.8    0.755  0.661     2    6    13   
  4 Winnipeg                        26-15   0.687   0.6    0.681  0.693     5    3    27   
  5 Tampa Bay                       25-14   0.679   0.6    0.673  0.686     6    4    23   
  6 Dallas                          25-17   0.674   0.8    0.737  0.611     4    9    25   
  7 Vegas                           27-15   0.658   0.4    0.622  0.694     13   2    29   
  8 Seattle                         24-16   0.648   0.5    0.659  0.636     8    8    22   

                                           -------Rating----------------  ----Rank----            
Rank Team                            W-L     KRS    SRS    S-Ix   WRS       S    W    SOS
========================================================================================
  9 Carolina                        25-16   0.639   0.4    0.634  0.644     11   7    16   
 10 Washington                      23-20   0.596   0.6    0.671  0.522     7    12   11   
 11 Pittsburgh                      21-19   0.577   0.4    0.628  0.526     12   11   2    
 12 NY Rangers                      23-19   0.576   0.5    0.640  0.512     9    13   28   
 13 Buffalo                         20-19   0.555   0.4    0.637  0.473     10   16   19   
 14 Minnesota                       22-18   0.532   0.2    0.559  0.506     15   14   32   
 15 Colorado                        20-19   0.520   0.1    0.541  0.499     16   15   4    
 16 Los Angeles                     24-20   0.518   -0.0   0.503  0.532     19   10   15   

                                           -------Rating----------------  ----Rank----            
Rank Team                            W-L     KRS    SRS    S-Ix   WRS       S    W    SOS
========================================================================================
 17 NY Islanders                    22-20   0.516   0.2    0.578  0.454     14   18   30   
 18 Edmonton                        21-21   0.498   0.1    0.540  0.455     17   17   14   
 19 Calgary                         19-23   0.438   0.0    0.519  0.358     18   23   20   
 20 Nashville                       19-20   0.425   -0.2   0.453  0.397     22   20   26   
 21 St Louis                        21-21   0.425   -0.3   0.398  0.451     24   19   18   
 22 Ottawa                          18-22   0.421   -0.1   0.478  0.364     20   22   5    
 23 Florida                         19-23   0.420   -0.1   0.475  0.366     21   21   7    
 24 Detroit                         17-22   0.372   -0.3   0.414  0.329     23   24   12   

                                           -------Rating----------------  ----Rank----            
Rank Team                            W-L     KRS    SRS    S-Ix   WRS       S    W    SOS
========================================================================================
 25 Vancouver                       17-23   0.336   -0.5   0.365  0.306     26   25   10   
 26 Philadelphia                    16-25   0.307   -0.4   0.378  0.235     25   26   9    
 27 Arizona                         13-27   0.184   -0.9   0.242  0.126     28   28   3    
 28 Montreal                        16-25   0.182   -1.2   0.151  0.214     29   27   21   
 29 San Jose                        13-29   0.155   -0.8   0.267  0.042     27   31   31   
 30 Columbus                        12-28   0.094   -1.3   0.111  0.077     30   29   6    
 31 Chicago                         10-29   0.036   -1.4   0.071  0.000     31   32   8    
 32 Anaheim                         12-29   0.035   -1.7   0.000  0.070     32   30   1    
</div></pre>
</div>
<div class="tabbertab" title="SOS">
<pre><div id=data>

                                           -------Rating----------------  ----Rank----            
Rank Team                            W-L     KRS    SRS    S-Ix   WRS       S    W    SOS
========================================================================================
  1 Anaheim                         12-29   0.035   -1.7   0.000  0.070     32   30   1    
  2 Pittsburgh                      21-19   0.577   0.4    0.628  0.526     12   11   2    
  3 Arizona                         13-27   0.184   -0.9   0.242  0.126     28   28   3    
  4 Colorado                        20-19   0.520   0.1    0.541  0.499     16   15   4    
  5 Ottawa                          18-22   0.421   -0.1   0.478  0.364     20   22   5    
  6 Columbus                        12-28   0.094   -1.3   0.111  0.077     30   29   6    
  7 Florida                         19-23   0.420   -0.1   0.475  0.366     21   21   7    
  8 Chicago                         10-29   0.036   -1.4   0.071  0.000     31   32   8    

                                           -------Rating----------------  ----Rank----            
Rank Team                            W-L     KRS    SRS    S-Ix   WRS       S    W    SOS
========================================================================================
  9 Philadelphia                    16-25   0.307   -0.4   0.378  0.235     25   26   9    
 10 Vancouver                       17-23   0.336   -0.5   0.365  0.306     26   25   10   
 11 Washington                      23-20   0.596   0.6    0.671  0.522     7    12   11   
 12 Detroit                         17-22   0.372   -0.3   0.414  0.329     23   24   12   
 13 Toronto                         25-16   0.708   0.8    0.755  0.661     2    6    13   
 14 Edmonton                        21-21   0.498   0.1    0.540  0.455     17   17   14   
 15 Los Angeles                     24-20   0.518   -0.0   0.503  0.532     19   10   15   
 16 Carolina                        25-16   0.639   0.4    0.634  0.644     11   7    16   

                                           -------Rating----------------  ----Rank----            
Rank Team                            W-L     KRS    SRS    S-Ix   WRS       S    W    SOS
========================================================================================
 17 New Jersey                      26-15   0.713   0.8    0.744  0.681     3    5    17   
 18 St Louis                        21-21   0.425   -0.3   0.398  0.451     24   19   18   
 19 Buffalo                         20-19   0.555   0.4    0.637  0.473     10   16   19   
 20 Calgary                         19-23   0.438   0.0    0.519  0.358     18   23   20   
 21 Montreal                        16-25   0.182   -1.2   0.151  0.214     29   27   21   
 22 Seattle                         24-16   0.648   0.5    0.659  0.636     8    8    22   
 23 Tampa Bay                       25-14   0.679   0.6    0.673  0.686     6    4    23   
 24 Boston                          32-8    1.000   1.6    1.000  1.000     1    1    24   

                                           -------Rating----------------  ----Rank----            
Rank Team                            W-L     KRS    SRS    S-Ix   WRS       S    W    SOS
========================================================================================
 25 Dallas                          25-17   0.674   0.8    0.737  0.611     4    9    25   
 26 Nashville                       19-20   0.425   -0.2   0.453  0.397     22   20   26   
 27 Winnipeg                        26-15   0.687   0.6    0.681  0.693     5    3    27   
 28 NY Rangers                      23-19   0.576   0.5    0.640  0.512     9    13   28   
 29 Vegas                           27-15   0.658   0.4    0.622  0.694     13   2    29   
 30 NY Islanders                    22-20   0.516   0.2    0.578  0.454     14   18   30   
 31 San Jose                        13-29   0.155   -0.8   0.267  0.042     27   31   31   
 32 Minnesota                       22-18   0.532   0.2    0.559  0.506     15   14   32   
</div></pre>
</div>
	</pre>
	</p>
	</span>
</body>
<body>
<h3>Other links</h3>
<h4>Pro</h4>
	<ul>
			<li class="listyle"><a href="https://2skupz.github.io/nflKpi.html"> NFL</a></li>
			<li class="listyle"><a href="https://2skupz.github.io/nbaKpi.html"> NBA</a></li>
			<li class="listyle"><a href="https://2skupz.github.io/nhlKpi.html"> NHL</a></li>
	</ul>
<h4>Football</h4>
	<ul>
			<li class="listyle"><a href="https://2skupz.github.io/fbD1Rankings.html"> Division I</a></li>
			<li class="listyle"><a href="https://2skupz.github.io/fbFBSRankings.html"> Division I - FBS</a></li>
			<li class="listyle"><a href="https://2skupz.github.io/fbFCSRankings.html"> Division I - FCS</a></li>
			<li class="listyle"><a href="https://2skupz.github.io/fbD2Rankings.html"> Division II</a></li>
			<li class="listyle"><a href="https://2skupz.github.io/fbD3Rankings.html"> Division III</a></li>
	</ul>
<h4>Baseball</h4>
	<ul>
			<li class="listyle"><a href="https://2skupz.github.io/mlbPlayoffOdds.html"> MLB Playoff Odds</a></li>
			<li class="listyle"><a href="https://2skupz.github.io/baseD1Rankings.html"> Division 1</a></li>
			<li class="listyle"><a href="https://2skupz.github.io/baseD1Rankings.html"> Division 2</a></li>
			<li class="listyle"><a href="https://2skupz.github.io/baseD1Rankings.html"> Division 3</a></li>
	</ul>
<h4>Men's College Basketball</h4>
	<ul>
			<li class="listyle"><a href="https://2skupz.github.io/d1MbbRankings.html"> Division 1</a></li>
			<li class="listyle"><a href="https://2skupz.github.io/d2MbbRankings.html"> Division 2</a></li>
			<li class="listyle"><a href="https://2skupz.github.io/d3MbbRankings.html"> Division 3</a></li>
			<li class="listyle"><a href="https://2skupz.github.io/uSportMbbRankings.html"> U Sports</a></li>
	</ul>
<h4>Women's College Basketball</h4>
	<ul>
			<li class="listyle"><a href="https://2skupz.github.io/d1WbbRankings.html"> Division 1</a></li>
			<li class="listyle"><a href="https://2skupz.github.io/d2WbbRankings.html"> Division 2</a></li>
			<li class="listyle"><a href="https://2skupz.github.io/d3WbbRankings.html"> Division 3</a></li>
			<li class="listyle"><a href="https://2skupz.github.io/uSportsWbbRankings.html"> U Sports</a></li>
	</ul>
</body>
