<html>
<head>
<!-- Global Site Tag (gtag.js) - Google Analytics -->
<title>2023 NHL Rankings</title>
<script type="text/javascript" src="tabber.js">
</script>
<link href="https://fonts.googleapis.com/css?family=Roboto+Slab|Droid+Sans+Mono" rel="stylesheet">
<style>
 body {
			font-family: "Roboto Slab", serif;
			font-size: 12px;
			}
#data {
			font-family: "Droid Sans Mono", serif;
			font-size: 13px;
		}
</style>
<link rel="stylesheet" href="tabbedPage.css" TYPE="text/css" MEDIA="screen">
</head>
<body bgcolor=#fbeec1>
<hr>
<table width=100%>
<tr><td align=left>
<h1 align="center">2023 NHL Rankings</h1>
</td>
</tr></table>
<p>
Standings through 03.03.23
<hr>
<center>
<table width=100% border=1><tr>
<td valign=top>
<div class="tabber">
<div class="tabbertab" title="Ken Power Index">
<pre><div id=data>

                                           -------Rating----------------  ----Rank----            
Rank Team                            W-L     KRS    SRS    S-Ix   WRS       S    W    SOS
========================================================================================
  1 Boston                          48-13   1.000   1.7    1.000  1.000     1    1    14   
  2 Carolina                        40-20   0.735   0.8    0.725  0.745     3    2    23   
  3 New Jersey                      40-21   0.730   0.8    0.730  0.730     2    3    21   
  4 Toronto                         38-24   0.669   0.7    0.694  0.644     4    4    25   
  5 Tampa Bay                       37-24   0.623   0.5    0.621  0.624     7    5    24   
  6 Colorado                        34-25   0.606   0.5    0.618  0.593     9    7    7    
  7 Vegas                           37-25   0.590   0.3    0.578  0.603     10   6    27   
  8 NY Rangers                      35-27   0.590   0.5    0.627  0.553     6    9    19   

                                           -------Rating----------------  ----Rank----            
Rank Team                            W-L     KRS    SRS    S-Ix   WRS       S    W    SOS
========================================================================================
  9 Dallas                          33-29   0.568   0.6    0.654  0.481     5    14   32   
 10 Seattle                         35-27   0.561   0.3    0.563  0.559     11   8    16   
 11 Edmonton                        34-29   0.557   0.5    0.619  0.495     8    13   29   
 12 Winnipeg                        35-27   0.542   0.2    0.543  0.540     12   10   31   
 13 Minnesota                       35-27   0.519   0.1    0.504  0.534     16   12   30   
 14 Los Angeles                     35-28   0.503   0.0    0.472  0.535     21   11   15   
 15 Pittsburgh                      31-30   0.491   0.1    0.515  0.467     14   15   3    
 16 Buffalo                         31-29   0.489   0.1    0.513  0.464     15   16   18   

                                           -------Rating----------------  ----Rank----            
Rank Team                            W-L     KRS    SRS    S-Ix   WRS       S    W    SOS
========================================================================================
 17 Ottawa                          31-30   0.466   0.1    0.485  0.447     17   17   13   
 18 NY Islanders                    31-33   0.466   0.2    0.522  0.410     13   19   6    
 19 Florida                         30-33   0.443   0.1    0.485  0.400     18   20   2    
 20 Washington                      30-33   0.435   0.1    0.484  0.385     19   21   10   
 21 Nashville                       30-29   0.426   -0.1   0.434  0.418     22   18   28   
 22 Calgary                         27-35   0.393   0.0    0.480  0.307     20   24   9    
 23 Detroit                         28-33   0.369   -0.2   0.393  0.345     23   22   12   
 24 St Louis                        27-34   0.308   -0.5   0.299  0.316     24   23   11   

                                           -------Rating----------------  ----Rank----            
Rank Team                            W-L     KRS    SRS    S-Ix   WRS       S    W    SOS
========================================================================================
 25 Vancouver                       24-37   0.264   -0.5   0.298  0.230     25   26   4    
 26 Philadelphia                    23-39   0.230   -0.6   0.276  0.183     26   27   5    
 27 Montreal                        26-36   0.229   -0.8   0.205  0.253     27   25   20   
 28 Arizona                         21-41   0.146   -0.9   0.188  0.104     29   29   17   
 29 Columbus                        20-42   0.120   -1.0   0.150  0.090     30   31   1    
 30 Chicago                         21-40   0.103   -1.2   0.101  0.105     31   28   22   
 31 San Jose                        18-44   0.102   -0.8   0.203  0.000     28   32   26   
 32 Anaheim                         21-42   0.048   -1.5   0.000  0.095     32   30   8    
</div></pre>
</div>
<div class="tabbertab" title="Points Based">
<pre><div id=data>

                                           -------Rating----------------  ----Rank----            
Rank Team                            W-L     KRS    SRS    S-Ix   WRS       S    W    SOS
========================================================================================
  1 Boston                          48-13   1.000   1.7    1.000  1.000     1    1    14   
  2 New Jersey                      40-21   0.730   0.8    0.730  0.730     2    3    21   
  3 Carolina                        40-20   0.735   0.8    0.725  0.745     3    2    23   
  4 Toronto                         38-24   0.669   0.7    0.694  0.644     4    4    25   
  5 Dallas                          33-29   0.568   0.6    0.654  0.481     5    14   32   
  6 NY Rangers                      35-27   0.590   0.5    0.627  0.553     6    9    19   
  7 Tampa Bay                       37-24   0.623   0.5    0.621  0.624     7    5    24   
  8 Edmonton                        34-29   0.557   0.5    0.619  0.495     8    13   29   

                                           -------Rating----------------  ----Rank----            
Rank Team                            W-L     KRS    SRS    S-Ix   WRS       S    W    SOS
========================================================================================
  9 Colorado                        34-25   0.606   0.5    0.618  0.593     9    7    7    
 10 Vegas                           37-25   0.590   0.3    0.578  0.603     10   6    27   
 11 Seattle                         35-27   0.561   0.3    0.563  0.559     11   8    16   
 12 Winnipeg                        35-27   0.542   0.2    0.543  0.540     12   10   31   
 13 NY Islanders                    31-33   0.466   0.2    0.522  0.410     13   19   6    
 14 Pittsburgh                      31-30   0.491   0.1    0.515  0.467     14   15   3    
 15 Buffalo                         31-29   0.489   0.1    0.513  0.464     15   16   18   
 16 Minnesota                       35-27   0.519   0.1    0.504  0.534     16   12   30   

                                           -------Rating----------------  ----Rank----            
Rank Team                            W-L     KRS    SRS    S-Ix   WRS       S    W    SOS
========================================================================================
 17 Ottawa                          31-30   0.466   0.1    0.485  0.447     17   17   13   
 18 Florida                         30-33   0.443   0.1    0.485  0.400     18   20   2    
 19 Washington                      30-33   0.435   0.1    0.484  0.385     19   21   10   
 20 Calgary                         27-35   0.393   0.0    0.480  0.307     20   24   9    
 21 Los Angeles                     35-28   0.503   0.0    0.472  0.535     21   11   15   
 22 Nashville                       30-29   0.426   -0.1   0.434  0.418     22   18   28   
 23 Detroit                         28-33   0.369   -0.2   0.393  0.345     23   22   12   
 24 St Louis                        27-34   0.308   -0.5   0.299  0.316     24   23   11   

                                           -------Rating----------------  ----Rank----            
Rank Team                            W-L     KRS    SRS    S-Ix   WRS       S    W    SOS
========================================================================================
 25 Vancouver                       24-37   0.264   -0.5   0.298  0.230     25   26   4    
 26 Philadelphia                    23-39   0.230   -0.6   0.276  0.183     26   27   5    
 27 Montreal                        26-36   0.229   -0.8   0.205  0.253     27   25   20   
 28 San Jose                        18-44   0.102   -0.8   0.203  0.000     28   32   26   
 29 Arizona                         21-41   0.146   -0.9   0.188  0.104     29   29   17   
 30 Columbus                        20-42   0.120   -1.0   0.150  0.090     30   31   1    
 31 Chicago                         21-40   0.103   -1.2   0.101  0.105     31   28   22   
 32 Anaheim                         21-42   0.048   -1.5   0.000  0.095     32   30   8    
</div></pre>
</div>
<div class="tabbertab" title="Wins Based">
<pre><div id=data>

                                           -------Rating----------------  ----Rank----            
Rank Team                            W-L     KRS    SRS    S-Ix   WRS       S    W    SOS
========================================================================================
  1 Boston                          48-13   1.000   1.7    1.000  1.000     1    1    14   
  2 Carolina                        40-20   0.735   0.8    0.725  0.745     3    2    23   
  3 New Jersey                      40-21   0.730   0.8    0.730  0.730     2    3    21   
  4 Toronto                         38-24   0.669   0.7    0.694  0.644     4    4    25   
  5 Tampa Bay                       37-24   0.623   0.5    0.621  0.624     7    5    24   
  6 Vegas                           37-25   0.590   0.3    0.578  0.603     10   6    27   
  7 Colorado                        34-25   0.606   0.5    0.618  0.593     9    7    7    
  8 Seattle                         35-27   0.561   0.3    0.563  0.559     11   8    16   

                                           -------Rating----------------  ----Rank----            
Rank Team                            W-L     KRS    SRS    S-Ix   WRS       S    W    SOS
========================================================================================
  9 NY Rangers                      35-27   0.590   0.5    0.627  0.553     6    9    19   
 10 Winnipeg                        35-27   0.542   0.2    0.543  0.540     12   10   31   
 11 Los Angeles                     35-28   0.503   0.0    0.472  0.535     21   11   15   
 12 Minnesota                       35-27   0.519   0.1    0.504  0.534     16   12   30   
 13 Edmonton                        34-29   0.557   0.5    0.619  0.495     8    13   29   
 14 Dallas                          33-29   0.568   0.6    0.654  0.481     5    14   32   
 15 Pittsburgh                      31-30   0.491   0.1    0.515  0.467     14   15   3    
 16 Buffalo                         31-29   0.489   0.1    0.513  0.464     15   16   18   

                                           -------Rating----------------  ----Rank----            
Rank Team                            W-L     KRS    SRS    S-Ix   WRS       S    W    SOS
========================================================================================
 17 Ottawa                          31-30   0.466   0.1    0.485  0.447     17   17   13   
 18 Nashville                       30-29   0.426   -0.1   0.434  0.418     22   18   28   
 19 NY Islanders                    31-33   0.466   0.2    0.522  0.410     13   19   6    
 20 Florida                         30-33   0.443   0.1    0.485  0.400     18   20   2    
 21 Washington                      30-33   0.435   0.1    0.484  0.385     19   21   10   
 22 Detroit                         28-33   0.369   -0.2   0.393  0.345     23   22   12   
 23 St Louis                        27-34   0.308   -0.5   0.299  0.316     24   23   11   
 24 Calgary                         27-35   0.393   0.0    0.480  0.307     20   24   9    

                                           -------Rating----------------  ----Rank----            
Rank Team                            W-L     KRS    SRS    S-Ix   WRS       S    W    SOS
========================================================================================
 25 Montreal                        26-36   0.229   -0.8   0.205  0.253     27   25   20   
 26 Vancouver                       24-37   0.264   -0.5   0.298  0.230     25   26   4    
 27 Philadelphia                    23-39   0.230   -0.6   0.276  0.183     26   27   5    
 28 Chicago                         21-40   0.103   -1.2   0.101  0.105     31   28   22   
 29 Arizona                         21-41   0.146   -0.9   0.188  0.104     29   29   17   
 30 Anaheim                         21-42   0.048   -1.5   0.000  0.095     32   30   8    
 31 Columbus                        20-42   0.120   -1.0   0.150  0.090     30   31   1    
 32 San Jose                        18-44   0.102   -0.8   0.203  0.000     28   32   26   
</div></pre>
</div>
<div class="tabbertab" title="BCS">
<pre><div id=data>

                                           -------Rating----------------  ----Rank----            
Rank Team                            W-L     KRS    SRS    S-Ix   WRS       S    W    SOS
========================================================================================
  1 Boston                          48-13   1.000   1.7    1.000  1.000     1    1    14   
  2 Carolina                        40-20   0.735   0.8    0.725  0.745     3    2    23   
  3 New Jersey                      40-21   0.730   0.8    0.730  0.730     2    3    21   
  4 Toronto                         38-24   0.669   0.7    0.694  0.644     4    4    25   
  5 Tampa Bay                       37-24   0.623   0.5    0.621  0.624     7    5    24   
  6 Colorado                        34-25   0.606   0.5    0.618  0.593     9    7    7    
  7 Vegas                           37-25   0.590   0.3    0.578  0.603     10   6    27   
  8 NY Rangers                      35-27   0.590   0.5    0.627  0.553     6    9    19   

                                           -------Rating----------------  ----Rank----            
Rank Team                            W-L     KRS    SRS    S-Ix   WRS       S    W    SOS
========================================================================================
  9 Dallas                          33-29   0.568   0.6    0.654  0.481     5    14   32   
 10 Seattle                         35-27   0.561   0.3    0.563  0.559     11   8    16   
 11 Edmonton                        34-29   0.557   0.5    0.619  0.495     8    13   29   
 12 Winnipeg                        35-27   0.542   0.2    0.543  0.540     12   10   31   
 13 Minnesota                       35-27   0.519   0.1    0.504  0.534     16   12   30   
 14 Los Angeles                     35-28   0.503   0.0    0.472  0.535     21   11   15   
 15 Pittsburgh                      31-30   0.491   0.1    0.515  0.467     14   15   3    
 16 Buffalo                         31-29   0.489   0.1    0.513  0.464     15   16   18   

                                           -------Rating----------------  ----Rank----            
Rank Team                            W-L     KRS    SRS    S-Ix   WRS       S    W    SOS
========================================================================================
 17 Ottawa                          31-30   0.466   0.1    0.485  0.447     17   17   13   
 18 NY Islanders                    31-33   0.466   0.2    0.522  0.410     13   19   6    
 19 Florida                         30-33   0.443   0.1    0.485  0.400     18   20   2    
 20 Washington                      30-33   0.435   0.1    0.484  0.385     19   21   10   
 21 Nashville                       30-29   0.426   -0.1   0.434  0.418     22   18   28   
 22 Calgary                         27-35   0.393   0.0    0.480  0.307     20   24   9    
 23 Detroit                         28-33   0.369   -0.2   0.393  0.345     23   22   12   
 24 St Louis                        27-34   0.308   -0.5   0.299  0.316     24   23   11   

                                           -------Rating----------------  ----Rank----            
Rank Team                            W-L     KRS    SRS    S-Ix   WRS       S    W    SOS
========================================================================================
 25 Vancouver                       24-37   0.264   -0.5   0.298  0.230     25   26   4    
 26 Philadelphia                    23-39   0.230   -0.6   0.276  0.183     26   27   5    
 27 Montreal                        26-36   0.229   -0.8   0.205  0.253     27   25   20   
 28 Arizona                         21-41   0.146   -0.9   0.188  0.104     29   29   17   
 29 Columbus                        20-42   0.120   -1.0   0.150  0.090     30   31   1    
 30 Chicago                         21-40   0.103   -1.2   0.101  0.105     31   28   22   
 31 San Jose                        18-44   0.102   -0.8   0.203  0.000     28   32   26   
 32 Anaheim                         21-42   0.048   -1.5   0.000  0.095     32   30   8    
</div></pre>
</div>
<div class="tabbertab" title="SOS">
<pre><div id=data>

                                           -------Rating----------------  ----Rank----            
Rank Team                            W-L     KRS    SRS    S-Ix   WRS       S    W    SOS
========================================================================================
  1 Columbus                        20-42   0.120   -1.0   0.150  0.090     30   31   1    
  2 Florida                         30-33   0.443   0.1    0.485  0.400     18   20   2    
  3 Pittsburgh                      31-30   0.491   0.1    0.515  0.467     14   15   3    
  4 Vancouver                       24-37   0.264   -0.5   0.298  0.230     25   26   4    
  5 Philadelphia                    23-39   0.230   -0.6   0.276  0.183     26   27   5    
  6 NY Islanders                    31-33   0.466   0.2    0.522  0.410     13   19   6    
  7 Colorado                        34-25   0.606   0.5    0.618  0.593     9    7    7    
  8 Anaheim                         21-42   0.048   -1.5   0.000  0.095     32   30   8    

                                           -------Rating----------------  ----Rank----            
Rank Team                            W-L     KRS    SRS    S-Ix   WRS       S    W    SOS
========================================================================================
  9 Calgary                         27-35   0.393   0.0    0.480  0.307     20   24   9    
 10 Washington                      30-33   0.435   0.1    0.484  0.385     19   21   10   
 11 St Louis                        27-34   0.308   -0.5   0.299  0.316     24   23   11   
 12 Detroit                         28-33   0.369   -0.2   0.393  0.345     23   22   12   
 13 Ottawa                          31-30   0.466   0.1    0.485  0.447     17   17   13   
 14 Boston                          48-13   1.000   1.7    1.000  1.000     1    1    14   
 15 Los Angeles                     35-28   0.503   0.0    0.472  0.535     21   11   15   
 16 Seattle                         35-27   0.561   0.3    0.563  0.559     11   8    16   

                                           -------Rating----------------  ----Rank----            
Rank Team                            W-L     KRS    SRS    S-Ix   WRS       S    W    SOS
========================================================================================
 17 Arizona                         21-41   0.146   -0.9   0.188  0.104     29   29   17   
 18 Buffalo                         31-29   0.489   0.1    0.513  0.464     15   16   18   
 19 NY Rangers                      35-27   0.590   0.5    0.627  0.553     6    9    19   
 20 Montreal                        26-36   0.229   -0.8   0.205  0.253     27   25   20   
 21 New Jersey                      40-21   0.730   0.8    0.730  0.730     2    3    21   
 22 Chicago                         21-40   0.103   -1.2   0.101  0.105     31   28   22   
 23 Carolina                        40-20   0.735   0.8    0.725  0.745     3    2    23   
 24 Tampa Bay                       37-24   0.623   0.5    0.621  0.624     7    5    24   

                                           -------Rating----------------  ----Rank----            
Rank Team                            W-L     KRS    SRS    S-Ix   WRS       S    W    SOS
========================================================================================
 25 Toronto                         38-24   0.669   0.7    0.694  0.644     4    4    25   
 26 San Jose                        18-44   0.102   -0.8   0.203  0.000     28   32   26   
 27 Vegas                           37-25   0.590   0.3    0.578  0.603     10   6    27   
 28 Nashville                       30-29   0.426   -0.1   0.434  0.418     22   18   28   
 29 Edmonton                        34-29   0.557   0.5    0.619  0.495     8    13   29   
 30 Minnesota                       35-27   0.519   0.1    0.504  0.534     16   12   30   
 31 Winnipeg                        35-27   0.542   0.2    0.543  0.540     12   10   31   
 32 Dallas                          33-29   0.568   0.6    0.654  0.481     5    14   32   
</div></pre>
</div>
	</pre>
	</p>
	</span>
</body>
<body>
<h3>Other links</h3>
<h4>Home</h4>
	<ul>
			<li class="listyle"><a href="https://2skupz.github.io/index.html"> Index</a></li>
	</ul>
</body>
