<html>
<head>
<!-- Global Site Tag (gtag.js) - Google Analytics -->
<title>2023 NHL Rankings</title>
<script type="text/javascript" src="tabber.js">
</script>
<link href="https://fonts.googleapis.com/css?family=Roboto+Slab|Droid+Sans+Mono" rel="stylesheet">
<style>
 body {
			font-family: "Roboto Slab", serif;
			font-size: 12px;
			}
#data {
			font-family: "Droid Sans Mono", serif;
			font-size: 13px;
		}
</style>
<link rel="stylesheet" href="tabbedPage.css" TYPE="text/css" MEDIA="screen">
</head>
<body bgcolor=#fbeec1>
<hr>
<table width=100%>
<tr><td align=left>
<h1 align="center">2023 NHL Rankings</h1>
</td>
</tr></table>
<p>
Standings through 12.14.22
<hr>
<center>
<table width=100% border=1><tr>
<td valign=top>
<div class="tabber">
<div class="tabbertab" title="Ken Power Index">
<pre><div id=data>

                                           -------Rating----------------  ----Rank----            
Rank Team                            W-L     KRS    SRS    S-Ix   WRS       S    W    SOS
========================================================================================
  1 Boston                          23-5    1.000   1.7    1.000  1.000     1    1    19   
  2 New Jersey                      21-8    0.789   1.0    0.801  0.778     3    2    28   
  3 Toronto                         19-11   0.762   1.1    0.823  0.702     2    4    8    
  4 Vegas                           21-10   0.723   0.6    0.690  0.755     7    3    16   
  5 Tampa Bay                       18-10   0.688   0.6    0.695  0.681     6    5    13   
  6 Winnipeg                        18-10   0.676   0.5    0.674  0.679     8    6    29   
  7 Dallas                          17-13   0.675   0.9    0.770  0.579     4    8    12   
  8 Pittsburgh                      17-12   0.671   0.7    0.720  0.623     5    7    7    

                                           -------Rating----------------  ----Rank----            
Rank Team                            W-L     KRS    SRS    S-Ix   WRS       S    W    SOS
========================================================================================
  9 Colorado                        15-12   0.608   0.4    0.638  0.578     10   9    9    
 10 Carolina                        16-12   0.580   0.3    0.595  0.564     11   11   20   
 11 Edmonton                        17-13   0.577   0.2    0.586  0.568     12   10   17   
 12 Seattle                         16-12   0.556   0.1    0.560  0.553     15   12   27   
 13 NY Islanders                    17-13   0.550   0.2    0.580  0.521     13   13   31   
 14 Minnesota                       16-13   0.534   0.1    0.548  0.519     18   14   26   
 15 Washington                      15-16   0.517   0.2    0.574  0.460     14   15   5    
 16 Buffalo                         13-16   0.517   0.5    0.653  0.381     9    20   11   

                                           -------Rating----------------  ----Rank----            
Rank Team                            W-L     KRS    SRS    S-Ix   WRS       S    W    SOS
========================================================================================
 17 NY Rangers                      15-15   0.490   0.1    0.559  0.421     16   16   30   
 18 Calgary                         13-17   0.472   0.1    0.549  0.395     17   18   2    
 19 Florida                         14-16   0.459   0.1    0.543  0.375     19   21   23   
 20 Ottawa                          13-16   0.427   -0.1   0.509  0.344     20   24   14   
 21 Los Angeles                     15-17   0.401   -0.4   0.417  0.385     23   19   18   
 22 Detroit                         13-16   0.395   -0.3   0.447  0.342     21   25   24   
 23 Montreal                        14-15   0.390   -0.5   0.383  0.397     24   17   21   
 24 Vancouver                       13-16   0.390   -0.4   0.423  0.356     22   23   15   

                                           -------Rating----------------  ----Rank----            
Rank Team                            W-L     KRS    SRS    S-Ix   WRS       S    W    SOS
========================================================================================
 25 Nashville                       12-15   0.333   -0.7   0.343  0.323     25   26   25   
 26 St Louis                        13-16   0.327   -0.8   0.294  0.359     29   22   22   
 27 Arizona                          9-18   0.261   -0.7   0.323  0.199     27   28   1    
 28 Philadelphia                     9-21   0.225   -0.8   0.316  0.134     28   29   4    
 29 San Jose                        10-21   0.217   -0.7   0.336  0.097     26   30   32   
 30 Columbus                        10-18   0.211   -1.2   0.202  0.220     30   27   10   
 31 Chicago                          7-20   0.142   -1.2   0.200  0.084     31   31   3    
 32 Anaheim                          7-23   0.000   -1.9   0.000  0.000     32   32   6    
</div></pre>
</div>
<div class="tabbertab" title="Points Based">
<pre><div id=data>

                                           -------Rating----------------  ----Rank----            
Rank Team                            W-L     KRS    SRS    S-Ix   WRS       S    W    SOS
========================================================================================
  1 Boston                          23-5    1.000   1.7    1.000  1.000     1    1    19   
  2 Toronto                         19-11   0.762   1.1    0.823  0.702     2    4    8    
  3 New Jersey                      21-8    0.789   1.0    0.801  0.778     3    2    28   
  4 Dallas                          17-13   0.675   0.9    0.770  0.579     4    8    12   
  5 Pittsburgh                      17-12   0.671   0.7    0.720  0.623     5    7    7    
  6 Tampa Bay                       18-10   0.688   0.6    0.695  0.681     6    5    13   
  7 Vegas                           21-10   0.723   0.6    0.690  0.755     7    3    16   
  8 Winnipeg                        18-10   0.676   0.5    0.674  0.679     8    6    29   

                                           -------Rating----------------  ----Rank----            
Rank Team                            W-L     KRS    SRS    S-Ix   WRS       S    W    SOS
========================================================================================
  9 Buffalo                         13-16   0.517   0.5    0.653  0.381     9    20   11   
 10 Colorado                        15-12   0.608   0.4    0.638  0.578     10   9    9    
 11 Carolina                        16-12   0.580   0.3    0.595  0.564     11   11   20   
 12 Edmonton                        17-13   0.577   0.2    0.586  0.568     12   10   17   
 13 NY Islanders                    17-13   0.550   0.2    0.580  0.521     13   13   31   
 14 Washington                      15-16   0.517   0.2    0.574  0.460     14   15   5    
 15 Seattle                         16-12   0.556   0.1    0.560  0.553     15   12   27   
 16 NY Rangers                      15-15   0.490   0.1    0.559  0.421     16   16   30   

                                           -------Rating----------------  ----Rank----            
Rank Team                            W-L     KRS    SRS    S-Ix   WRS       S    W    SOS
========================================================================================
 17 Calgary                         13-17   0.472   0.1    0.549  0.395     17   18   2    
 18 Minnesota                       16-13   0.534   0.1    0.548  0.519     18   14   26   
 19 Florida                         14-16   0.459   0.1    0.543  0.375     19   21   23   
 20 Ottawa                          13-16   0.427   -0.1   0.509  0.344     20   24   14   
 21 Detroit                         13-16   0.395   -0.3   0.447  0.342     21   25   24   
 22 Vancouver                       13-16   0.390   -0.4   0.423  0.356     22   23   15   
 23 Los Angeles                     15-17   0.401   -0.4   0.417  0.385     23   19   18   
 24 Montreal                        14-15   0.390   -0.5   0.383  0.397     24   17   21   

                                           -------Rating----------------  ----Rank----            
Rank Team                            W-L     KRS    SRS    S-Ix   WRS       S    W    SOS
========================================================================================
 25 Nashville                       12-15   0.333   -0.7   0.343  0.323     25   26   25   
 26 San Jose                        10-21   0.217   -0.7   0.336  0.097     26   30   32   
 27 Arizona                          9-18   0.261   -0.7   0.323  0.199     27   28   1    
 28 Philadelphia                     9-21   0.225   -0.8   0.316  0.134     28   29   4    
 29 St Louis                        13-16   0.327   -0.8   0.294  0.359     29   22   22   
 30 Columbus                        10-18   0.211   -1.2   0.202  0.220     30   27   10   
 31 Chicago                          7-20   0.142   -1.2   0.200  0.084     31   31   3    
 32 Anaheim                          7-23   0.000   -1.9   0.000  0.000     32   32   6    
</div></pre>
</div>
<div class="tabbertab" title="Wins Based">
<pre><div id=data>

                                           -------Rating----------------  ----Rank----            
Rank Team                            W-L     KRS    SRS    S-Ix   WRS       S    W    SOS
========================================================================================
  1 Boston                          23-5    1.000   1.7    1.000  1.000     1    1    19   
  2 New Jersey                      21-8    0.789   1.0    0.801  0.778     3    2    28   
  3 Vegas                           21-10   0.723   0.6    0.690  0.755     7    3    16   
  4 Toronto                         19-11   0.762   1.1    0.823  0.702     2    4    8    
  5 Tampa Bay                       18-10   0.688   0.6    0.695  0.681     6    5    13   
  6 Winnipeg                        18-10   0.676   0.5    0.674  0.679     8    6    29   
  7 Pittsburgh                      17-12   0.671   0.7    0.720  0.623     5    7    7    
  8 Dallas                          17-13   0.675   0.9    0.770  0.579     4    8    12   

                                           -------Rating----------------  ----Rank----            
Rank Team                            W-L     KRS    SRS    S-Ix   WRS       S    W    SOS
========================================================================================
  9 Colorado                        15-12   0.608   0.4    0.638  0.578     10   9    9    
 10 Edmonton                        17-13   0.577   0.2    0.586  0.568     12   10   17   
 11 Carolina                        16-12   0.580   0.3    0.595  0.564     11   11   20   
 12 Seattle                         16-12   0.556   0.1    0.560  0.553     15   12   27   
 13 NY Islanders                    17-13   0.550   0.2    0.580  0.521     13   13   31   
 14 Minnesota                       16-13   0.534   0.1    0.548  0.519     18   14   26   
 15 Washington                      15-16   0.517   0.2    0.574  0.460     14   15   5    
 16 NY Rangers                      15-15   0.490   0.1    0.559  0.421     16   16   30   

                                           -------Rating----------------  ----Rank----            
Rank Team                            W-L     KRS    SRS    S-Ix   WRS       S    W    SOS
========================================================================================
 17 Montreal                        14-15   0.390   -0.5   0.383  0.397     24   17   21   
 18 Calgary                         13-17   0.472   0.1    0.549  0.395     17   18   2    
 19 Los Angeles                     15-17   0.401   -0.4   0.417  0.385     23   19   18   
 20 Buffalo                         13-16   0.517   0.5    0.653  0.381     9    20   11   
 21 Florida                         14-16   0.459   0.1    0.543  0.375     19   21   23   
 22 St Louis                        13-16   0.327   -0.8   0.294  0.359     29   22   22   
 23 Vancouver                       13-16   0.390   -0.4   0.423  0.356     22   23   15   
 24 Ottawa                          13-16   0.427   -0.1   0.509  0.344     20   24   14   

                                           -------Rating----------------  ----Rank----            
Rank Team                            W-L     KRS    SRS    S-Ix   WRS       S    W    SOS
========================================================================================
 25 Detroit                         13-16   0.395   -0.3   0.447  0.342     21   25   24   
 26 Nashville                       12-15   0.333   -0.7   0.343  0.323     25   26   25   
 27 Columbus                        10-18   0.211   -1.2   0.202  0.220     30   27   10   
 28 Arizona                          9-18   0.261   -0.7   0.323  0.199     27   28   1    
 29 Philadelphia                     9-21   0.225   -0.8   0.316  0.134     28   29   4    
 30 San Jose                        10-21   0.217   -0.7   0.336  0.097     26   30   32   
 31 Chicago                          7-20   0.142   -1.2   0.200  0.084     31   31   3    
 32 Anaheim                          7-23   0.000   -1.9   0.000  0.000     32   32   6    
</div></pre>
</div>
<div class="tabbertab" title="BCS">
<pre><div id=data>

                                           -------Rating----------------  ----Rank----            
Rank Team                            W-L     KRS    SRS    S-Ix   WRS       S    W    SOS
========================================================================================
  1 Boston                          23-5    1.000   1.7    1.000  1.000     1    1    19   
  2 New Jersey                      21-8    0.789   1.0    0.801  0.778     3    2    28   
  3 Toronto                         19-11   0.762   1.1    0.823  0.702     2    4    8    
  4 Vegas                           21-10   0.723   0.6    0.690  0.755     7    3    16   
  5 Tampa Bay                       18-10   0.688   0.6    0.695  0.681     6    5    13   
  6 Winnipeg                        18-10   0.676   0.5    0.674  0.679     8    6    29   
  7 Dallas                          17-13   0.675   0.9    0.770  0.579     4    8    12   
  8 Pittsburgh                      17-12   0.671   0.7    0.720  0.623     5    7    7    

                                           -------Rating----------------  ----Rank----            
Rank Team                            W-L     KRS    SRS    S-Ix   WRS       S    W    SOS
========================================================================================
  9 Colorado                        15-12   0.608   0.4    0.638  0.578     10   9    9    
 10 Carolina                        16-12   0.580   0.3    0.595  0.564     11   11   20   
 11 Edmonton                        17-13   0.577   0.2    0.586  0.568     12   10   17   
 12 Seattle                         16-12   0.556   0.1    0.560  0.553     15   12   27   
 13 NY Islanders                    17-13   0.550   0.2    0.580  0.521     13   13   31   
 14 Minnesota                       16-13   0.534   0.1    0.548  0.519     18   14   26   
 15 Washington                      15-16   0.517   0.2    0.574  0.460     14   15   5    
 16 Buffalo                         13-16   0.517   0.5    0.653  0.381     9    20   11   

                                           -------Rating----------------  ----Rank----            
Rank Team                            W-L     KRS    SRS    S-Ix   WRS       S    W    SOS
========================================================================================
 17 NY Rangers                      15-15   0.490   0.1    0.559  0.421     16   16   30   
 18 Calgary                         13-17   0.472   0.1    0.549  0.395     17   18   2    
 19 Florida                         14-16   0.459   0.1    0.543  0.375     19   21   23   
 20 Ottawa                          13-16   0.427   -0.1   0.509  0.344     20   24   14   
 21 Los Angeles                     15-17   0.401   -0.4   0.417  0.385     23   19   18   
 22 Detroit                         13-16   0.395   -0.3   0.447  0.342     21   25   24   
 23 Montreal                        14-15   0.390   -0.5   0.383  0.397     24   17   21   
 24 Vancouver                       13-16   0.390   -0.4   0.423  0.356     22   23   15   

                                           -------Rating----------------  ----Rank----            
Rank Team                            W-L     KRS    SRS    S-Ix   WRS       S    W    SOS
========================================================================================
 25 Nashville                       12-15   0.333   -0.7   0.343  0.323     25   26   25   
 26 St Louis                        13-16   0.327   -0.8   0.294  0.359     29   22   22   
 27 Arizona                          9-18   0.261   -0.7   0.323  0.199     27   28   1    
 28 Philadelphia                     9-21   0.225   -0.8   0.316  0.134     28   29   4    
 29 San Jose                        10-21   0.217   -0.7   0.336  0.097     26   30   32   
 30 Columbus                        10-18   0.211   -1.2   0.202  0.220     30   27   10   
 31 Chicago                          7-20   0.142   -1.2   0.200  0.084     31   31   3    
 32 Anaheim                          7-23   0.000   -1.9   0.000  0.000     32   32   6    
</div></pre>
</div>
<div class="tabbertab" title="SOS">
<pre><div id=data>

                                           -------Rating----------------  ----Rank----            
Rank Team                            W-L     KRS    SRS    S-Ix   WRS       S    W    SOS
========================================================================================
  1 Arizona                          9-18   0.261   -0.7   0.323  0.199     27   28   1    
  2 Calgary                         13-17   0.472   0.1    0.549  0.395     17   18   2    
  3 Chicago                          7-20   0.142   -1.2   0.200  0.084     31   31   3    
  4 Philadelphia                     9-21   0.225   -0.8   0.316  0.134     28   29   4    
  5 Washington                      15-16   0.517   0.2    0.574  0.460     14   15   5    
  6 Anaheim                          7-23   0.000   -1.9   0.000  0.000     32   32   6    
  7 Pittsburgh                      17-12   0.671   0.7    0.720  0.623     5    7    7    
  8 Toronto                         19-11   0.762   1.1    0.823  0.702     2    4    8    

                                           -------Rating----------------  ----Rank----            
Rank Team                            W-L     KRS    SRS    S-Ix   WRS       S    W    SOS
========================================================================================
  9 Colorado                        15-12   0.608   0.4    0.638  0.578     10   9    9    
 10 Columbus                        10-18   0.211   -1.2   0.202  0.220     30   27   10   
 11 Buffalo                         13-16   0.517   0.5    0.653  0.381     9    20   11   
 12 Dallas                          17-13   0.675   0.9    0.770  0.579     4    8    12   
 13 Tampa Bay                       18-10   0.688   0.6    0.695  0.681     6    5    13   
 14 Ottawa                          13-16   0.427   -0.1   0.509  0.344     20   24   14   
 15 Vancouver                       13-16   0.390   -0.4   0.423  0.356     22   23   15   
 16 Vegas                           21-10   0.723   0.6    0.690  0.755     7    3    16   

                                           -------Rating----------------  ----Rank----            
Rank Team                            W-L     KRS    SRS    S-Ix   WRS       S    W    SOS
========================================================================================
 17 Edmonton                        17-13   0.577   0.2    0.586  0.568     12   10   17   
 18 Los Angeles                     15-17   0.401   -0.4   0.417  0.385     23   19   18   
 19 Boston                          23-5    1.000   1.7    1.000  1.000     1    1    19   
 20 Carolina                        16-12   0.580   0.3    0.595  0.564     11   11   20   
 21 Montreal                        14-15   0.390   -0.5   0.383  0.397     24   17   21   
 22 St Louis                        13-16   0.327   -0.8   0.294  0.359     29   22   22   
 23 Florida                         14-16   0.459   0.1    0.543  0.375     19   21   23   
 24 Detroit                         13-16   0.395   -0.3   0.447  0.342     21   25   24   

                                           -------Rating----------------  ----Rank----            
Rank Team                            W-L     KRS    SRS    S-Ix   WRS       S    W    SOS
========================================================================================
 25 Nashville                       12-15   0.333   -0.7   0.343  0.323     25   26   25   
 26 Minnesota                       16-13   0.534   0.1    0.548  0.519     18   14   26   
 27 Seattle                         16-12   0.556   0.1    0.560  0.553     15   12   27   
 28 New Jersey                      21-8    0.789   1.0    0.801  0.778     3    2    28   
 29 Winnipeg                        18-10   0.676   0.5    0.674  0.679     8    6    29   
 30 NY Rangers                      15-15   0.490   0.1    0.559  0.421     16   16   30   
 31 NY Islanders                    17-13   0.550   0.2    0.580  0.521     13   13   31   
 32 San Jose                        10-21   0.217   -0.7   0.336  0.097     26   30   32   
</div></pre>
</div>
	</pre>
	</p>
	</span>
</body>
<body>
<h3>Other links</h3>
<h4>Pro</h4>
	<ul>
			<li class="listyle"><a href="https://2skupz.github.io/nflKpi.html"> NFL</a></li>
			<li class="listyle"><a href="https://2skupz.github.io/nbaKpi.html"> NBA</a></li>
			<li class="listyle"><a href="https://2skupz.github.io/nhlKpi.html"> NHL</a></li>
	</ul>
<h4>Football</h4>
	<ul>
			<li class="listyle"><a href="https://2skupz.github.io/fbD1Rankings.html"> Division I</a></li>
			<li class="listyle"><a href="https://2skupz.github.io/fbFBSRankings.html"> Division I - FBS</a></li>
			<li class="listyle"><a href="https://2skupz.github.io/fbFCSRankings.html"> Division I - FCS</a></li>
			<li class="listyle"><a href="https://2skupz.github.io/fbD2Rankings.html"> Division II</a></li>
			<li class="listyle"><a href="https://2skupz.github.io/fbD3Rankings.html"> Division III</a></li>
	</ul>
<h4>Baseball</h4>
	<ul>
			<li class="listyle"><a href="https://2skupz.github.io/mlbPlayoffOdds.html"> MLB Playoff Odds</a></li>
			<li class="listyle"><a href="https://2skupz.github.io/baseD1Rankings.html"> Division 1</a></li>
			<li class="listyle"><a href="https://2skupz.github.io/baseD1Rankings.html"> Division 2</a></li>
			<li class="listyle"><a href="https://2skupz.github.io/baseD1Rankings.html"> Division 3</a></li>
	</ul>
<h4>Men's College Basketball</h4>
	<ul>
			<li class="listyle"><a href="https://2skupz.github.io/d1MbbRankings.html"> Division 1</a></li>
			<li class="listyle"><a href="https://2skupz.github.io/d2MbbRankings.html"> Division 2</a></li>
			<li class="listyle"><a href="https://2skupz.github.io/d3MbbRankings.html"> Division 3</a></li>
			<li class="listyle"><a href="https://2skupz.github.io/uSportMbbRankings.html"> U Sports</a></li>
	</ul>
<h4>Women's College Basketball</h4>
	<ul>
			<li class="listyle"><a href="https://2skupz.github.io/d1WbbRankings.html"> Division 1</a></li>
			<li class="listyle"><a href="https://2skupz.github.io/d2WbbRankings.html"> Division 2</a></li>
			<li class="listyle"><a href="https://2skupz.github.io/d3WbbRankings.html"> Division 3</a></li>
			<li class="listyle"><a href="https://2skupz.github.io/uSportsWbbRankings.html"> U Sports</a></li>
	</ul>
</body>
