<html>
<head>
<!-- Global Site Tag (gtag.js) - Google Analytics -->
<title>2023 NHL Rankings</title>
<script type="text/javascript" src="tabber.js">
</script>
<link href="https://fonts.googleapis.com/css?family=Roboto+Slab|Droid+Sans+Mono" rel="stylesheet">
<style>
 body {
			font-family: "Roboto Slab", serif;
			font-size: 12px;
			}
#data {
			font-family: "Droid Sans Mono", serif;
			font-size: 13px;
		}
</style>
<link rel="stylesheet" href="tabbedPage.css" TYPE="text/css" MEDIA="screen">
</head>
<body bgcolor=#fbeec1>
<hr>
<table width=100%>
<tr><td align=left>
<h1 align="center">2023 NHL Rankings</h1>
</td>
</tr></table>
<p>
Standings through 02.19.23
<hr>
<center>
<table width=100% border=1><tr>
<td valign=top>
<div class="tabber">
<div class="tabbertab" title="Ken Power Index">
<pre><div id=data>

                                           -------Rating----------------  ----Rank----            
Rank Team                            W-L     KRS    SRS    S-Ix   WRS       S    W    SOS
========================================================================================
  1 Boston                          42-13   1.000   1.6    1.000  1.000     1    1    14   
  2 Carolina                        37-18   0.763   0.8    0.731  0.795     3    2    11   
  3 New Jersey                      37-19   0.758   0.8    0.748  0.768     2    3    17   
  4 Tampa Bay                       35-20   0.695   0.6    0.677  0.713     7    4    22   
  5 Toronto                         34-23   0.667   0.7    0.705  0.630     5    7    28   
  6 NY Rangers                      33-23   0.665   0.7    0.708  0.622     4    8    21   
  7 Winnipeg                        34-22   0.630   0.4    0.624  0.635     8    6    32   
  8 Vegas                           34-22   0.628   0.4    0.621  0.636     10   5    31   

                                           -------Rating----------------  ----Rank----            
Rank Team                            W-L     KRS    SRS    S-Ix   WRS       S    W    SOS
========================================================================================
  9 Seattle                         32-24   0.611   0.4    0.624  0.598     9    9    15   
 10 Colorado                        31-24   0.594   0.3    0.605  0.582     11   10   10   
 11 Dallas                          30-27   0.592   0.6    0.690  0.494     6    13   25   
 12 Edmonton                        30-27   0.536   0.3    0.598  0.475     12   14   30   
 13 Los Angeles                     32-25   0.533   0.0    0.512  0.554     20   11   20   
 14 Buffalo                         28-26   0.515   0.2    0.563  0.468     13   15   29   
 15 Minnesota                       30-26   0.509   0.1    0.520  0.497     18   12   27   
 16 Pittsburgh                      27-28   0.489   0.1    0.540  0.439     15   16   5    

                                           -------Rating----------------  ----Rank----            
Rank Team                            W-L     KRS    SRS    S-Ix   WRS       S    W    SOS
========================================================================================
 17 Washington                      28-30   0.481   0.1    0.546  0.416     14   17   3    
 18 Florida                         28-31   0.463   0.1    0.518  0.408     19   18   1    
 19 NY Islanders                    28-31   0.456   0.1    0.525  0.387     17   20   8    
 20 Calgary                         26-30   0.443   0.1    0.525  0.362     16   24   16   
 21 Ottawa                          27-28   0.438   -0.1   0.468  0.408     21   19   19   
 22 Detroit                         26-29   0.410   -0.2   0.453  0.366     22   22   24   
 23 Nashville                       26-28   0.407   -0.2   0.429  0.386     23   21   26   
 24 St Louis                        26-30   0.351   -0.5   0.338  0.364     25   23   13   

                                           -------Rating----------------  ----Rank----            
Rank Team                            W-L     KRS    SRS    S-Ix   WRS       S    W    SOS
========================================================================================
 25 Philadelphia                    22-35   0.279   -0.5   0.354  0.204     24   27   7    
 26 Vancouver                       22-34   0.271   -0.6   0.324  0.218     26   26   6    
 27 Montreal                        23-33   0.226   -0.9   0.212  0.240     29   25   9    
 28 Arizona                         20-37   0.189   -0.8   0.262  0.115     28   28   18   
 29 San Jose                        17-40   0.132   -0.8   0.264  0.000     27   32   23   
 30 Columbus                        18-39   0.116   -1.1   0.172  0.060     30   30   2    
 31 Chicago                         18-37   0.108   -1.2   0.142  0.074     31   29   12   
 32 Anaheim                         17-39   0.010   -1.6   0.000  0.020     32   31   4    
</div></pre>
</div>
<div class="tabbertab" title="Points Based">
<pre><div id=data>

                                           -------Rating----------------  ----Rank----            
Rank Team                            W-L     KRS    SRS    S-Ix   WRS       S    W    SOS
========================================================================================
  1 Boston                          42-13   1.000   1.6    1.000  1.000     1    1    14   
  2 New Jersey                      37-19   0.758   0.8    0.748  0.768     2    3    17   
  3 Carolina                        37-18   0.763   0.8    0.731  0.795     3    2    11   
  4 NY Rangers                      33-23   0.665   0.7    0.708  0.622     4    8    21   
  5 Toronto                         34-23   0.667   0.7    0.705  0.630     5    7    28   
  6 Dallas                          30-27   0.592   0.6    0.690  0.494     6    13   25   
  7 Tampa Bay                       35-20   0.695   0.6    0.677  0.713     7    4    22   
  8 Winnipeg                        34-22   0.630   0.4    0.624  0.635     8    6    32   

                                           -------Rating----------------  ----Rank----            
Rank Team                            W-L     KRS    SRS    S-Ix   WRS       S    W    SOS
========================================================================================
  9 Seattle                         32-24   0.611   0.4    0.624  0.598     9    9    15   
 10 Vegas                           34-22   0.628   0.4    0.621  0.636     10   5    31   
 11 Colorado                        31-24   0.594   0.3    0.605  0.582     11   10   10   
 12 Edmonton                        30-27   0.536   0.3    0.598  0.475     12   14   30   
 13 Buffalo                         28-26   0.515   0.2    0.563  0.468     13   15   29   
 14 Washington                      28-30   0.481   0.1    0.546  0.416     14   17   3    
 15 Pittsburgh                      27-28   0.489   0.1    0.540  0.439     15   16   5    
 16 Calgary                         26-30   0.443   0.1    0.525  0.362     16   24   16   

                                           -------Rating----------------  ----Rank----            
Rank Team                            W-L     KRS    SRS    S-Ix   WRS       S    W    SOS
========================================================================================
 17 NY Islanders                    28-31   0.456   0.1    0.525  0.387     17   20   8    
 18 Minnesota                       30-26   0.509   0.1    0.520  0.497     18   12   27   
 19 Florida                         28-31   0.463   0.1    0.518  0.408     19   18   1    
 20 Los Angeles                     32-25   0.533   0.0    0.512  0.554     20   11   20   
 21 Ottawa                          27-28   0.438   -0.1   0.468  0.408     21   19   19   
 22 Detroit                         26-29   0.410   -0.2   0.453  0.366     22   22   24   
 23 Nashville                       26-28   0.407   -0.2   0.429  0.386     23   21   26   
 24 Philadelphia                    22-35   0.279   -0.5   0.354  0.204     24   27   7    

                                           -------Rating----------------  ----Rank----            
Rank Team                            W-L     KRS    SRS    S-Ix   WRS       S    W    SOS
========================================================================================
 25 St Louis                        26-30   0.351   -0.5   0.338  0.364     25   23   13   
 26 Vancouver                       22-34   0.271   -0.6   0.324  0.218     26   26   6    
 27 San Jose                        17-40   0.132   -0.8   0.264  0.000     27   32   23   
 28 Arizona                         20-37   0.189   -0.8   0.262  0.115     28   28   18   
 29 Montreal                        23-33   0.226   -0.9   0.212  0.240     29   25   9    
 30 Columbus                        18-39   0.116   -1.1   0.172  0.060     30   30   2    
 31 Chicago                         18-37   0.108   -1.2   0.142  0.074     31   29   12   
 32 Anaheim                         17-39   0.010   -1.6   0.000  0.020     32   31   4    
</div></pre>
</div>
<div class="tabbertab" title="Wins Based">
<pre><div id=data>

                                           -------Rating----------------  ----Rank----            
Rank Team                            W-L     KRS    SRS    S-Ix   WRS       S    W    SOS
========================================================================================
  1 Boston                          42-13   1.000   1.6    1.000  1.000     1    1    14   
  2 Carolina                        37-18   0.763   0.8    0.731  0.795     3    2    11   
  3 New Jersey                      37-19   0.758   0.8    0.748  0.768     2    3    17   
  4 Tampa Bay                       35-20   0.695   0.6    0.677  0.713     7    4    22   
  5 Vegas                           34-22   0.628   0.4    0.621  0.636     10   5    31   
  6 Winnipeg                        34-22   0.630   0.4    0.624  0.635     8    6    32   
  7 Toronto                         34-23   0.667   0.7    0.705  0.630     5    7    28   
  8 NY Rangers                      33-23   0.665   0.7    0.708  0.622     4    8    21   

                                           -------Rating----------------  ----Rank----            
Rank Team                            W-L     KRS    SRS    S-Ix   WRS       S    W    SOS
========================================================================================
  9 Seattle                         32-24   0.611   0.4    0.624  0.598     9    9    15   
 10 Colorado                        31-24   0.594   0.3    0.605  0.582     11   10   10   
 11 Los Angeles                     32-25   0.533   0.0    0.512  0.554     20   11   20   
 12 Minnesota                       30-26   0.509   0.1    0.520  0.497     18   12   27   
 13 Dallas                          30-27   0.592   0.6    0.690  0.494     6    13   25   
 14 Edmonton                        30-27   0.536   0.3    0.598  0.475     12   14   30   
 15 Buffalo                         28-26   0.515   0.2    0.563  0.468     13   15   29   
 16 Pittsburgh                      27-28   0.489   0.1    0.540  0.439     15   16   5    

                                           -------Rating----------------  ----Rank----            
Rank Team                            W-L     KRS    SRS    S-Ix   WRS       S    W    SOS
========================================================================================
 17 Washington                      28-30   0.481   0.1    0.546  0.416     14   17   3    
 18 Florida                         28-31   0.463   0.1    0.518  0.408     19   18   1    
 19 Ottawa                          27-28   0.438   -0.1   0.468  0.408     21   19   19   
 20 NY Islanders                    28-31   0.456   0.1    0.525  0.387     17   20   8    
 21 Nashville                       26-28   0.407   -0.2   0.429  0.386     23   21   26   
 22 Detroit                         26-29   0.410   -0.2   0.453  0.366     22   22   24   
 23 St Louis                        26-30   0.351   -0.5   0.338  0.364     25   23   13   
 24 Calgary                         26-30   0.443   0.1    0.525  0.362     16   24   16   

                                           -------Rating----------------  ----Rank----            
Rank Team                            W-L     KRS    SRS    S-Ix   WRS       S    W    SOS
========================================================================================
 25 Montreal                        23-33   0.226   -0.9   0.212  0.240     29   25   9    
 26 Vancouver                       22-34   0.271   -0.6   0.324  0.218     26   26   6    
 27 Philadelphia                    22-35   0.279   -0.5   0.354  0.204     24   27   7    
 28 Arizona                         20-37   0.189   -0.8   0.262  0.115     28   28   18   
 29 Chicago                         18-37   0.108   -1.2   0.142  0.074     31   29   12   
 30 Columbus                        18-39   0.116   -1.1   0.172  0.060     30   30   2    
 31 Anaheim                         17-39   0.010   -1.6   0.000  0.020     32   31   4    
 32 San Jose                        17-40   0.132   -0.8   0.264  0.000     27   32   23   
</div></pre>
</div>
<div class="tabbertab" title="BCS">
<pre><div id=data>

                                           -------Rating----------------  ----Rank----            
Rank Team                            W-L     KRS    SRS    S-Ix   WRS       S    W    SOS
========================================================================================
  1 Boston                          42-13   1.000   1.6    1.000  1.000     1    1    14   
  2 Carolina                        37-18   0.763   0.8    0.731  0.795     3    2    11   
  3 New Jersey                      37-19   0.758   0.8    0.748  0.768     2    3    17   
  4 Tampa Bay                       35-20   0.695   0.6    0.677  0.713     7    4    22   
  5 Toronto                         34-23   0.667   0.7    0.705  0.630     5    7    28   
  6 NY Rangers                      33-23   0.665   0.7    0.708  0.622     4    8    21   
  7 Winnipeg                        34-22   0.630   0.4    0.624  0.635     8    6    32   
  8 Vegas                           34-22   0.628   0.4    0.621  0.636     10   5    31   

                                           -------Rating----------------  ----Rank----            
Rank Team                            W-L     KRS    SRS    S-Ix   WRS       S    W    SOS
========================================================================================
  9 Seattle                         32-24   0.611   0.4    0.624  0.598     9    9    15   
 10 Colorado                        31-24   0.594   0.3    0.605  0.582     11   10   10   
 11 Dallas                          30-27   0.592   0.6    0.690  0.494     6    13   25   
 12 Edmonton                        30-27   0.536   0.3    0.598  0.475     12   14   30   
 13 Los Angeles                     32-25   0.533   0.0    0.512  0.554     20   11   20   
 14 Buffalo                         28-26   0.515   0.2    0.563  0.468     13   15   29   
 15 Minnesota                       30-26   0.509   0.1    0.520  0.497     18   12   27   
 16 Pittsburgh                      27-28   0.489   0.1    0.540  0.439     15   16   5    

                                           -------Rating----------------  ----Rank----            
Rank Team                            W-L     KRS    SRS    S-Ix   WRS       S    W    SOS
========================================================================================
 17 Washington                      28-30   0.481   0.1    0.546  0.416     14   17   3    
 18 Florida                         28-31   0.463   0.1    0.518  0.408     19   18   1    
 19 NY Islanders                    28-31   0.456   0.1    0.525  0.387     17   20   8    
 20 Calgary                         26-30   0.443   0.1    0.525  0.362     16   24   16   
 21 Ottawa                          27-28   0.438   -0.1   0.468  0.408     21   19   19   
 22 Detroit                         26-29   0.410   -0.2   0.453  0.366     22   22   24   
 23 Nashville                       26-28   0.407   -0.2   0.429  0.386     23   21   26   
 24 St Louis                        26-30   0.351   -0.5   0.338  0.364     25   23   13   

                                           -------Rating----------------  ----Rank----            
Rank Team                            W-L     KRS    SRS    S-Ix   WRS       S    W    SOS
========================================================================================
 25 Philadelphia                    22-35   0.279   -0.5   0.354  0.204     24   27   7    
 26 Vancouver                       22-34   0.271   -0.6   0.324  0.218     26   26   6    
 27 Montreal                        23-33   0.226   -0.9   0.212  0.240     29   25   9    
 28 Arizona                         20-37   0.189   -0.8   0.262  0.115     28   28   18   
 29 San Jose                        17-40   0.132   -0.8   0.264  0.000     27   32   23   
 30 Columbus                        18-39   0.116   -1.1   0.172  0.060     30   30   2    
 31 Chicago                         18-37   0.108   -1.2   0.142  0.074     31   29   12   
 32 Anaheim                         17-39   0.010   -1.6   0.000  0.020     32   31   4    
</div></pre>
</div>
<div class="tabbertab" title="SOS">
<pre><div id=data>

                                           -------Rating----------------  ----Rank----            
Rank Team                            W-L     KRS    SRS    S-Ix   WRS       S    W    SOS
========================================================================================
  1 Florida                         28-31   0.463   0.1    0.518  0.408     19   18   1    
  2 Columbus                        18-39   0.116   -1.1   0.172  0.060     30   30   2    
  3 Washington                      28-30   0.481   0.1    0.546  0.416     14   17   3    
  4 Anaheim                         17-39   0.010   -1.6   0.000  0.020     32   31   4    
  5 Pittsburgh                      27-28   0.489   0.1    0.540  0.439     15   16   5    
  6 Vancouver                       22-34   0.271   -0.6   0.324  0.218     26   26   6    
  7 Philadelphia                    22-35   0.279   -0.5   0.354  0.204     24   27   7    
  8 NY Islanders                    28-31   0.456   0.1    0.525  0.387     17   20   8    

                                           -------Rating----------------  ----Rank----            
Rank Team                            W-L     KRS    SRS    S-Ix   WRS       S    W    SOS
========================================================================================
  9 Montreal                        23-33   0.226   -0.9   0.212  0.240     29   25   9    
 10 Colorado                        31-24   0.594   0.3    0.605  0.582     11   10   10   
 11 Carolina                        37-18   0.763   0.8    0.731  0.795     3    2    11   
 12 Chicago                         18-37   0.108   -1.2   0.142  0.074     31   29   12   
 13 St Louis                        26-30   0.351   -0.5   0.338  0.364     25   23   13   
 14 Boston                          42-13   1.000   1.6    1.000  1.000     1    1    14   
 15 Seattle                         32-24   0.611   0.4    0.624  0.598     9    9    15   
 16 Calgary                         26-30   0.443   0.1    0.525  0.362     16   24   16   

                                           -------Rating----------------  ----Rank----            
Rank Team                            W-L     KRS    SRS    S-Ix   WRS       S    W    SOS
========================================================================================
 17 New Jersey                      37-19   0.758   0.8    0.748  0.768     2    3    17   
 18 Arizona                         20-37   0.189   -0.8   0.262  0.115     28   28   18   
 19 Ottawa                          27-28   0.438   -0.1   0.468  0.408     21   19   19   
 20 Los Angeles                     32-25   0.533   0.0    0.512  0.554     20   11   20   
 21 NY Rangers                      33-23   0.665   0.7    0.708  0.622     4    8    21   
 22 Tampa Bay                       35-20   0.695   0.6    0.677  0.713     7    4    22   
 23 San Jose                        17-40   0.132   -0.8   0.264  0.000     27   32   23   
 24 Detroit                         26-29   0.410   -0.2   0.453  0.366     22   22   24   

                                           -------Rating----------------  ----Rank----            
Rank Team                            W-L     KRS    SRS    S-Ix   WRS       S    W    SOS
========================================================================================
 25 Dallas                          30-27   0.592   0.6    0.690  0.494     6    13   25   
 26 Nashville                       26-28   0.407   -0.2   0.429  0.386     23   21   26   
 27 Minnesota                       30-26   0.509   0.1    0.520  0.497     18   12   27   
 28 Toronto                         34-23   0.667   0.7    0.705  0.630     5    7    28   
 29 Buffalo                         28-26   0.515   0.2    0.563  0.468     13   15   29   
 30 Edmonton                        30-27   0.536   0.3    0.598  0.475     12   14   30   
 31 Vegas                           34-22   0.628   0.4    0.621  0.636     10   5    31   
 32 Winnipeg                        34-22   0.630   0.4    0.624  0.635     8    6    32   
</div></pre>
</div>
	</pre>
	</p>
	</span>
</body>
<body>
<h3>Other links</h3>
<h4>Home</h4>
	<ul>
			<li class="listyle"><a href="https://2skupz.github.io/index.html"> Index</a></li>
	</ul>
</body>
