<html>
<head>
<!-- Global Site Tag (gtag.js) - Google Analytics -->
<title>2023 NHL Rankings</title>
<script type="text/javascript" src="tabber.js">
</script>
<link href="https://fonts.googleapis.com/css?family=Roboto+Slab|Droid+Sans+Mono" rel="stylesheet">
<style>
 body {
			font-family: "Roboto Slab", serif;
			font-size: 12px;
			}
#data {
			font-family: "Droid Sans Mono", serif;
			font-size: 13px;
		}
</style>
<link rel="stylesheet" href="tabbedPage.css" TYPE="text/css" MEDIA="screen">
</head>
<body bgcolor=#fbeec1>
<hr>
<table width=100%>
<tr><td align=left>
<h1 align="center">2023 NHL Rankings</h1>
</td>
</tr></table>
<p>
Standings through 03.19.23
<hr>
<center>
<table width=100% border=1><tr>
<td valign=top>
<div class="tabber">
<div class="tabbertab" title="Ken Power Index">
<pre><div id=data>

                                           -------Rating----------------  ----Rank----            
Rank Team                            W-L     KRS    SRS    S-Ix   WRS       S    W    SOS
========================================================================================
  1 Boston                          53-16   1.000   1.6    1.000  1.000     1    1    15   
  2 Carolina                        45-23   0.743   0.7    0.708  0.778     3    2    26   
  3 New Jersey                      45-25   0.736   0.8    0.722  0.749     2    3    14   
  4 Toronto                         42-27   0.687   0.7    0.697  0.678     4    4    23   
  5 NY Rangers                      41-29   0.662   0.7    0.688  0.635     5    8    17   
  6 Colorado                        40-28   0.644   0.5    0.640  0.648     8    6    8    
  7 Vegas                           43-27   0.636   0.4    0.602  0.670     9    5    31   
  8 Tampa Bay                       42-29   0.620   0.4    0.598  0.641     10   7    25   

                                           -------Rating----------------  ----Rank----            
Rank Team                            W-L     KRS    SRS    S-Ix   WRS       S    W    SOS
========================================================================================
  9 Edmonton                        39-31   0.615   0.6    0.647  0.582     7    11   16   
 10 Dallas                          38-32   0.613   0.7    0.683  0.544     6    14   28   
 11 Minnesota                       40-30   0.562   0.2    0.538  0.585     12   10   30   
 12 Los Angeles                     40-30   0.555   0.1    0.513  0.596     16   9    27   
 13 Seattle                         38-31   0.554   0.2    0.545  0.563     11   12   18   
 14 Winnipeg                        39-32   0.541   0.2    0.521  0.562     15   13   22   
 15 Florida                         35-34   0.509   0.2    0.523  0.495     13   15   4    
 16 NY Islanders                    36-35   0.500   0.2    0.521  0.478     14   16   12   

                                           -------Rating----------------  ----Rank----            
Rank Team                            W-L     KRS    SRS    S-Ix   WRS       S    W    SOS
========================================================================================
 17 Pittsburgh                      34-35   0.465   0.0    0.466  0.464     19   17   3    
 18 Buffalo                         33-36   0.439   -0.1   0.444  0.434     20   18   2    
 19 Washington                      33-38   0.437   0.0    0.479  0.396     18   21   10   
 20 Calgary                         31-39   0.426   0.1    0.495  0.357     17   24   9    
 21 Ottawa                          33-36   0.416   -0.1   0.417  0.415     21   20   19   
 22 Nashville                       34-34   0.406   -0.3   0.382  0.431     22   19   32   
 23 Detroit                         30-38   0.358   -0.3   0.365  0.352     23   25   7    
 24 Vancouver                       31-38   0.357   -0.4   0.350  0.364     24   22   11   

                                           -------Rating----------------  ----Rank----            
Rank Team                            W-L     KRS    SRS    S-Ix   WRS       S    W    SOS
========================================================================================
 25 St Louis                        31-38   0.330   -0.5   0.301  0.358     25   23   21   
 26 Arizona                         27-43   0.241   -0.7   0.251  0.231     27   27   24   
 27 Philadelphia                    25-44   0.239   -0.6   0.265  0.213     26   28   1    
 28 Montreal                        27-43   0.209   -0.9   0.177  0.240     28   26   6    
 29 Chicago                         24-45   0.147   -1.0   0.138  0.156     29   29   20   
 30 Columbus                        21-48   0.078   -1.2   0.077  0.080     31   31   5    
 31 San Jose                        19-51   0.066   -1.0   0.132  0.000     30   32   29   
 32 Anaheim                         23-47   0.056   -1.4   0.000  0.112     32   30   13   
</div></pre>
</div>
<div class="tabbertab" title="Points Based">
<pre><div id=data>

                                           -------Rating----------------  ----Rank----            
Rank Team                            W-L     KRS    SRS    S-Ix   WRS       S    W    SOS
========================================================================================
  1 Boston                          53-16   1.000   1.6    1.000  1.000     1    1    15   
  2 New Jersey                      45-25   0.736   0.8    0.722  0.749     2    3    14   
  3 Carolina                        45-23   0.743   0.7    0.708  0.778     3    2    26   
  4 Toronto                         42-27   0.687   0.7    0.697  0.678     4    4    23   
  5 NY Rangers                      41-29   0.662   0.7    0.688  0.635     5    8    17   
  6 Dallas                          38-32   0.613   0.7    0.683  0.544     6    14   28   
  7 Edmonton                        39-31   0.615   0.6    0.647  0.582     7    11   16   
  8 Colorado                        40-28   0.644   0.5    0.640  0.648     8    6    8    

                                           -------Rating----------------  ----Rank----            
Rank Team                            W-L     KRS    SRS    S-Ix   WRS       S    W    SOS
========================================================================================
  9 Vegas                           43-27   0.636   0.4    0.602  0.670     9    5    31   
 10 Tampa Bay                       42-29   0.620   0.4    0.598  0.641     10   7    25   
 11 Seattle                         38-31   0.554   0.2    0.545  0.563     11   12   18   
 12 Minnesota                       40-30   0.562   0.2    0.538  0.585     12   10   30   
 13 Florida                         35-34   0.509   0.2    0.523  0.495     13   15   4    
 14 NY Islanders                    36-35   0.500   0.2    0.521  0.478     14   16   12   
 15 Winnipeg                        39-32   0.541   0.2    0.521  0.562     15   13   22   
 16 Los Angeles                     40-30   0.555   0.1    0.513  0.596     16   9    27   

                                           -------Rating----------------  ----Rank----            
Rank Team                            W-L     KRS    SRS    S-Ix   WRS       S    W    SOS
========================================================================================
 17 Calgary                         31-39   0.426   0.1    0.495  0.357     17   24   9    
 18 Washington                      33-38   0.437   0.0    0.479  0.396     18   21   10   
 19 Pittsburgh                      34-35   0.465   0.0    0.466  0.464     19   17   3    
 20 Buffalo                         33-36   0.439   -0.1   0.444  0.434     20   18   2    
 21 Ottawa                          33-36   0.416   -0.1   0.417  0.415     21   20   19   
 22 Nashville                       34-34   0.406   -0.3   0.382  0.431     22   19   32   
 23 Detroit                         30-38   0.358   -0.3   0.365  0.352     23   25   7    
 24 Vancouver                       31-38   0.357   -0.4   0.350  0.364     24   22   11   

                                           -------Rating----------------  ----Rank----            
Rank Team                            W-L     KRS    SRS    S-Ix   WRS       S    W    SOS
========================================================================================
 25 St Louis                        31-38   0.330   -0.5   0.301  0.358     25   23   21   
 26 Philadelphia                    25-44   0.239   -0.6   0.265  0.213     26   28   1    
 27 Arizona                         27-43   0.241   -0.7   0.251  0.231     27   27   24   
 28 Montreal                        27-43   0.209   -0.9   0.177  0.240     28   26   6    
 29 Chicago                         24-45   0.147   -1.0   0.138  0.156     29   29   20   
 30 San Jose                        19-51   0.066   -1.0   0.132  0.000     30   32   29   
 31 Columbus                        21-48   0.078   -1.2   0.077  0.080     31   31   5    
 32 Anaheim                         23-47   0.056   -1.4   0.000  0.112     32   30   13   
</div></pre>
</div>
<div class="tabbertab" title="Wins Based">
<pre><div id=data>

                                           -------Rating----------------  ----Rank----            
Rank Team                            W-L     KRS    SRS    S-Ix   WRS       S    W    SOS
========================================================================================
  1 Boston                          53-16   1.000   1.6    1.000  1.000     1    1    15   
  2 Carolina                        45-23   0.743   0.7    0.708  0.778     3    2    26   
  3 New Jersey                      45-25   0.736   0.8    0.722  0.749     2    3    14   
  4 Toronto                         42-27   0.687   0.7    0.697  0.678     4    4    23   
  5 Vegas                           43-27   0.636   0.4    0.602  0.670     9    5    31   
  6 Colorado                        40-28   0.644   0.5    0.640  0.648     8    6    8    
  7 Tampa Bay                       42-29   0.620   0.4    0.598  0.641     10   7    25   
  8 NY Rangers                      41-29   0.662   0.7    0.688  0.635     5    8    17   

                                           -------Rating----------------  ----Rank----            
Rank Team                            W-L     KRS    SRS    S-Ix   WRS       S    W    SOS
========================================================================================
  9 Los Angeles                     40-30   0.555   0.1    0.513  0.596     16   9    27   
 10 Minnesota                       40-30   0.562   0.2    0.538  0.585     12   10   30   
 11 Edmonton                        39-31   0.615   0.6    0.647  0.582     7    11   16   
 12 Seattle                         38-31   0.554   0.2    0.545  0.563     11   12   18   
 13 Winnipeg                        39-32   0.541   0.2    0.521  0.562     15   13   22   
 14 Dallas                          38-32   0.613   0.7    0.683  0.544     6    14   28   
 15 Florida                         35-34   0.509   0.2    0.523  0.495     13   15   4    
 16 NY Islanders                    36-35   0.500   0.2    0.521  0.478     14   16   12   

                                           -------Rating----------------  ----Rank----            
Rank Team                            W-L     KRS    SRS    S-Ix   WRS       S    W    SOS
========================================================================================
 17 Pittsburgh                      34-35   0.465   0.0    0.466  0.464     19   17   3    
 18 Buffalo                         33-36   0.439   -0.1   0.444  0.434     20   18   2    
 19 Nashville                       34-34   0.406   -0.3   0.382  0.431     22   19   32   
 20 Ottawa                          33-36   0.416   -0.1   0.417  0.415     21   20   19   
 21 Washington                      33-38   0.437   0.0    0.479  0.396     18   21   10   
 22 Vancouver                       31-38   0.357   -0.4   0.350  0.364     24   22   11   
 23 St Louis                        31-38   0.330   -0.5   0.301  0.358     25   23   21   
 24 Calgary                         31-39   0.426   0.1    0.495  0.357     17   24   9    

                                           -------Rating----------------  ----Rank----            
Rank Team                            W-L     KRS    SRS    S-Ix   WRS       S    W    SOS
========================================================================================
 25 Detroit                         30-38   0.358   -0.3   0.365  0.352     23   25   7    
 26 Montreal                        27-43   0.209   -0.9   0.177  0.240     28   26   6    
 27 Arizona                         27-43   0.241   -0.7   0.251  0.231     27   27   24   
 28 Philadelphia                    25-44   0.239   -0.6   0.265  0.213     26   28   1    
 29 Chicago                         24-45   0.147   -1.0   0.138  0.156     29   29   20   
 30 Anaheim                         23-47   0.056   -1.4   0.000  0.112     32   30   13   
 31 Columbus                        21-48   0.078   -1.2   0.077  0.080     31   31   5    
 32 San Jose                        19-51   0.066   -1.0   0.132  0.000     30   32   29   
</div></pre>
</div>
<div class="tabbertab" title="BCS">
<pre><div id=data>

                                           -------Rating----------------  ----Rank----            
Rank Team                            W-L     KRS    SRS    S-Ix   WRS       S    W    SOS
========================================================================================
  1 Boston                          53-16   1.000   1.6    1.000  1.000     1    1    15   
  2 Carolina                        45-23   0.743   0.7    0.708  0.778     3    2    26   
  3 New Jersey                      45-25   0.736   0.8    0.722  0.749     2    3    14   
  4 Toronto                         42-27   0.687   0.7    0.697  0.678     4    4    23   
  5 NY Rangers                      41-29   0.662   0.7    0.688  0.635     5    8    17   
  6 Colorado                        40-28   0.644   0.5    0.640  0.648     8    6    8    
  7 Vegas                           43-27   0.636   0.4    0.602  0.670     9    5    31   
  8 Tampa Bay                       42-29   0.620   0.4    0.598  0.641     10   7    25   

                                           -------Rating----------------  ----Rank----            
Rank Team                            W-L     KRS    SRS    S-Ix   WRS       S    W    SOS
========================================================================================
  9 Edmonton                        39-31   0.615   0.6    0.647  0.582     7    11   16   
 10 Dallas                          38-32   0.613   0.7    0.683  0.544     6    14   28   
 11 Minnesota                       40-30   0.562   0.2    0.538  0.585     12   10   30   
 12 Los Angeles                     40-30   0.555   0.1    0.513  0.596     16   9    27   
 13 Seattle                         38-31   0.554   0.2    0.545  0.563     11   12   18   
 14 Winnipeg                        39-32   0.541   0.2    0.521  0.562     15   13   22   
 15 Florida                         35-34   0.509   0.2    0.523  0.495     13   15   4    
 16 NY Islanders                    36-35   0.500   0.2    0.521  0.478     14   16   12   

                                           -------Rating----------------  ----Rank----            
Rank Team                            W-L     KRS    SRS    S-Ix   WRS       S    W    SOS
========================================================================================
 17 Pittsburgh                      34-35   0.465   0.0    0.466  0.464     19   17   3    
 18 Buffalo                         33-36   0.439   -0.1   0.444  0.434     20   18   2    
 19 Washington                      33-38   0.437   0.0    0.479  0.396     18   21   10   
 20 Calgary                         31-39   0.426   0.1    0.495  0.357     17   24   9    
 21 Ottawa                          33-36   0.416   -0.1   0.417  0.415     21   20   19   
 22 Nashville                       34-34   0.406   -0.3   0.382  0.431     22   19   32   
 23 Detroit                         30-38   0.358   -0.3   0.365  0.352     23   25   7    
 24 Vancouver                       31-38   0.357   -0.4   0.350  0.364     24   22   11   

                                           -------Rating----------------  ----Rank----            
Rank Team                            W-L     KRS    SRS    S-Ix   WRS       S    W    SOS
========================================================================================
 25 St Louis                        31-38   0.330   -0.5   0.301  0.358     25   23   21   
 26 Arizona                         27-43   0.241   -0.7   0.251  0.231     27   27   24   
 27 Philadelphia                    25-44   0.239   -0.6   0.265  0.213     26   28   1    
 28 Montreal                        27-43   0.209   -0.9   0.177  0.240     28   26   6    
 29 Chicago                         24-45   0.147   -1.0   0.138  0.156     29   29   20   
 30 Columbus                        21-48   0.078   -1.2   0.077  0.080     31   31   5    
 31 San Jose                        19-51   0.066   -1.0   0.132  0.000     30   32   29   
 32 Anaheim                         23-47   0.056   -1.4   0.000  0.112     32   30   13   
</div></pre>
</div>
<div class="tabbertab" title="SOS">
<pre><div id=data>

                                           -------Rating----------------  ----Rank----            
Rank Team                            W-L     KRS    SRS    S-Ix   WRS       S    W    SOS
========================================================================================
  1 Philadelphia                    25-44   0.239   -0.6   0.265  0.213     26   28   1    
  2 Buffalo                         33-36   0.439   -0.1   0.444  0.434     20   18   2    
  3 Pittsburgh                      34-35   0.465   0.0    0.466  0.464     19   17   3    
  4 Florida                         35-34   0.509   0.2    0.523  0.495     13   15   4    
  5 Columbus                        21-48   0.078   -1.2   0.077  0.080     31   31   5    
  6 Montreal                        27-43   0.209   -0.9   0.177  0.240     28   26   6    
  7 Detroit                         30-38   0.358   -0.3   0.365  0.352     23   25   7    
  8 Colorado                        40-28   0.644   0.5    0.640  0.648     8    6    8    

                                           -------Rating----------------  ----Rank----            
Rank Team                            W-L     KRS    SRS    S-Ix   WRS       S    W    SOS
========================================================================================
  9 Calgary                         31-39   0.426   0.1    0.495  0.357     17   24   9    
 10 Washington                      33-38   0.437   0.0    0.479  0.396     18   21   10   
 11 Vancouver                       31-38   0.357   -0.4   0.350  0.364     24   22   11   
 12 NY Islanders                    36-35   0.500   0.2    0.521  0.478     14   16   12   
 13 Anaheim                         23-47   0.056   -1.4   0.000  0.112     32   30   13   
 14 New Jersey                      45-25   0.736   0.8    0.722  0.749     2    3    14   
 15 Boston                          53-16   1.000   1.6    1.000  1.000     1    1    15   
 16 Edmonton                        39-31   0.615   0.6    0.647  0.582     7    11   16   

                                           -------Rating----------------  ----Rank----            
Rank Team                            W-L     KRS    SRS    S-Ix   WRS       S    W    SOS
========================================================================================
 17 NY Rangers                      41-29   0.662   0.7    0.688  0.635     5    8    17   
 18 Seattle                         38-31   0.554   0.2    0.545  0.563     11   12   18   
 19 Ottawa                          33-36   0.416   -0.1   0.417  0.415     21   20   19   
 20 Chicago                         24-45   0.147   -1.0   0.138  0.156     29   29   20   
 21 St Louis                        31-38   0.330   -0.5   0.301  0.358     25   23   21   
 22 Winnipeg                        39-32   0.541   0.2    0.521  0.562     15   13   22   
 23 Toronto                         42-27   0.687   0.7    0.697  0.678     4    4    23   
 24 Arizona                         27-43   0.241   -0.7   0.251  0.231     27   27   24   

                                           -------Rating----------------  ----Rank----            
Rank Team                            W-L     KRS    SRS    S-Ix   WRS       S    W    SOS
========================================================================================
 25 Tampa Bay                       42-29   0.620   0.4    0.598  0.641     10   7    25   
 26 Carolina                        45-23   0.743   0.7    0.708  0.778     3    2    26   
 27 Los Angeles                     40-30   0.555   0.1    0.513  0.596     16   9    27   
 28 Dallas                          38-32   0.613   0.7    0.683  0.544     6    14   28   
 29 San Jose                        19-51   0.066   -1.0   0.132  0.000     30   32   29   
 30 Minnesota                       40-30   0.562   0.2    0.538  0.585     12   10   30   
 31 Vegas                           43-27   0.636   0.4    0.602  0.670     9    5    31   
 32 Nashville                       34-34   0.406   -0.3   0.382  0.431     22   19   32   
</div></pre>
</div>
	</pre>
	</p>
	</span>
</body>
<body>
<h3>Other links</h3>
<h4>Home</h4>
	<ul>
			<li class="listyle"><a href="https://2skupz.github.io/index.html"> Index</a></li>
	</ul>
</body>
