<html>
<head>
<!-- Global Site Tag (gtag.js) - Google Analytics -->
<title>2023 NHL Rankings</title>
<script type="text/javascript" src="tabber.js">
</script>
<link href="https://fonts.googleapis.com/css?family=Roboto+Slab|Droid+Sans+Mono" rel="stylesheet">
<style>
 body {
			font-family: "Roboto Slab", serif;
			font-size: 12px;
			}
#data {
			font-family: "Droid Sans Mono", serif;
			font-size: 13px;
		}
</style>
<link rel="stylesheet" href="tabbedPage.css" TYPE="text/css" MEDIA="screen">
</head>
<body bgcolor=#fbeec1>
<hr>
<table width=100%>
<tr><td align=left>
<h1 align="center">2023 NHL Rankings</h1>
</td>
</tr></table>
<p>
Standings through 03.20.23
<hr>
<center>
<table width=100% border=1><tr>
<td valign=top>
<div class="tabber">
<div class="tabbertab" title="Ken Power Index">
<pre><div id=data>

                                           -------Rating----------------  ----Rank----            
Rank Team                            W-L     KRS    SRS    S-Ix   WRS       S    W    SOS
========================================================================================
  1 Boston                          53-16   1.000   1.6    1.000  1.000     1    1    14   
  2 Carolina                        45-23   0.743   0.7    0.708  0.778     3    2    26   
  3 New Jersey                      45-25   0.737   0.8    0.723  0.751     2    3    12   
  4 Toronto                         42-27   0.688   0.7    0.697  0.679     4    4    22   
  5 NY Rangers                      41-29   0.662   0.7    0.688  0.637     5    8    18   
  6 Colorado                        41-28   0.656   0.6    0.655  0.657     7    6    16   
  7 Vegas                           43-27   0.637   0.4    0.602  0.672     9    5    31   
  8 Tampa Bay                       42-29   0.620   0.4    0.598  0.643     10   7    25   

                                           -------Rating----------------  ----Rank----            
Rank Team                            W-L     KRS    SRS    S-Ix   WRS       S    W    SOS
========================================================================================
  9 Edmonton                        40-31   0.617   0.5    0.644  0.591     8    10   23   
 10 Dallas                          38-32   0.615   0.7    0.683  0.547     6    14   29   
 11 Los Angeles                     41-30   0.574   0.2    0.539  0.609     12   9    27   
 12 Minnesota                       40-30   0.563   0.2    0.538  0.588     13   11   30   
 13 Seattle                         38-31   0.555   0.2    0.545  0.565     11   12   17   
 14 Winnipeg                        39-32   0.543   0.2    0.521  0.564     16   13   21   
 15 Florida                         36-34   0.522   0.2    0.534  0.509     14   15   5    
 16 NY Islanders                    36-35   0.501   0.2    0.521  0.481     15   16   13   

                                           -------Rating----------------  ----Rank----            
Rank Team                            W-L     KRS    SRS    S-Ix   WRS       S    W    SOS
========================================================================================
 17 Pittsburgh                      34-36   0.457   -0.0   0.462  0.453     19   17   3    
 18 Buffalo                         33-36   0.441   -0.1   0.444  0.437     20   18   2    
 19 Washington                      33-38   0.439   0.0    0.479  0.400     17   21   9    
 20 Ottawa                          34-36   0.427   -0.1   0.422  0.433     21   20   19   
 21 Calgary                         31-40   0.410   0.0    0.469  0.350     18   24   8    
 22 Nashville                       34-34   0.408   -0.3   0.383  0.434     22   19   32   
 23 Vancouver                       31-38   0.360   -0.4   0.351  0.368     24   22   10   
 24 Detroit                         30-39   0.349   -0.3   0.354  0.344     23   25   6    

                                           -------Rating----------------  ----Rank----            
Rank Team                            W-L     KRS    SRS    S-Ix   WRS       S    W    SOS
========================================================================================
 25 St Louis                        31-38   0.332   -0.5   0.301  0.363     25   23   20   
 26 Arizona                         27-43   0.243   -0.7   0.251  0.235     27   27   24   
 27 Philadelphia                    25-44   0.242   -0.6   0.266  0.217     26   28   1    
 28 Montreal                        27-43   0.211   -0.9   0.178  0.245     28   26   7    
 29 Chicago                         24-46   0.139   -1.0   0.123  0.155     30   29   11   
 30 Columbus                        21-48   0.081   -1.2   0.077  0.085     31   31   4    
 31 San Jose                        19-52   0.067   -1.0   0.135  0.000     29   32   28   
 32 Anaheim                         23-47   0.058   -1.4   0.000  0.117     32   30   15   
</div></pre>
</div>
<div class="tabbertab" title="Points Based">
<pre><div id=data>

                                           -------Rating----------------  ----Rank----            
Rank Team                            W-L     KRS    SRS    S-Ix   WRS       S    W    SOS
========================================================================================
  1 Boston                          53-16   1.000   1.6    1.000  1.000     1    1    14   
  2 New Jersey                      45-25   0.737   0.8    0.723  0.751     2    3    12   
  3 Carolina                        45-23   0.743   0.7    0.708  0.778     3    2    26   
  4 Toronto                         42-27   0.688   0.7    0.697  0.679     4    4    22   
  5 NY Rangers                      41-29   0.662   0.7    0.688  0.637     5    8    18   
  6 Dallas                          38-32   0.615   0.7    0.683  0.547     6    14   29   
  7 Colorado                        41-28   0.656   0.6    0.655  0.657     7    6    16   
  8 Edmonton                        40-31   0.617   0.5    0.644  0.591     8    10   23   

                                           -------Rating----------------  ----Rank----            
Rank Team                            W-L     KRS    SRS    S-Ix   WRS       S    W    SOS
========================================================================================
  9 Vegas                           43-27   0.637   0.4    0.602  0.672     9    5    31   
 10 Tampa Bay                       42-29   0.620   0.4    0.598  0.643     10   7    25   
 11 Seattle                         38-31   0.555   0.2    0.545  0.565     11   12   17   
 12 Los Angeles                     41-30   0.574   0.2    0.539  0.609     12   9    27   
 13 Minnesota                       40-30   0.563   0.2    0.538  0.588     13   11   30   
 14 Florida                         36-34   0.522   0.2    0.534  0.509     14   15   5    
 15 NY Islanders                    36-35   0.501   0.2    0.521  0.481     15   16   13   
 16 Winnipeg                        39-32   0.543   0.2    0.521  0.564     16   13   21   

                                           -------Rating----------------  ----Rank----            
Rank Team                            W-L     KRS    SRS    S-Ix   WRS       S    W    SOS
========================================================================================
 17 Washington                      33-38   0.439   0.0    0.479  0.400     17   21   9    
 18 Calgary                         31-40   0.410   0.0    0.469  0.350     18   24   8    
 19 Pittsburgh                      34-36   0.457   -0.0   0.462  0.453     19   17   3    
 20 Buffalo                         33-36   0.441   -0.1   0.444  0.437     20   18   2    
 21 Ottawa                          34-36   0.427   -0.1   0.422  0.433     21   20   19   
 22 Nashville                       34-34   0.408   -0.3   0.383  0.434     22   19   32   
 23 Detroit                         30-39   0.349   -0.3   0.354  0.344     23   25   6    
 24 Vancouver                       31-38   0.360   -0.4   0.351  0.368     24   22   10   

                                           -------Rating----------------  ----Rank----            
Rank Team                            W-L     KRS    SRS    S-Ix   WRS       S    W    SOS
========================================================================================
 25 St Louis                        31-38   0.332   -0.5   0.301  0.363     25   23   20   
 26 Philadelphia                    25-44   0.242   -0.6   0.266  0.217     26   28   1    
 27 Arizona                         27-43   0.243   -0.7   0.251  0.235     27   27   24   
 28 Montreal                        27-43   0.211   -0.9   0.178  0.245     28   26   7    
 29 San Jose                        19-52   0.067   -1.0   0.135  0.000     29   32   28   
 30 Chicago                         24-46   0.139   -1.0   0.123  0.155     30   29   11   
 31 Columbus                        21-48   0.081   -1.2   0.077  0.085     31   31   4    
 32 Anaheim                         23-47   0.058   -1.4   0.000  0.117     32   30   15   
</div></pre>
</div>
<div class="tabbertab" title="Wins Based">
<pre><div id=data>

                                           -------Rating----------------  ----Rank----            
Rank Team                            W-L     KRS    SRS    S-Ix   WRS       S    W    SOS
========================================================================================
  1 Boston                          53-16   1.000   1.6    1.000  1.000     1    1    14   
  2 Carolina                        45-23   0.743   0.7    0.708  0.778     3    2    26   
  3 New Jersey                      45-25   0.737   0.8    0.723  0.751     2    3    12   
  4 Toronto                         42-27   0.688   0.7    0.697  0.679     4    4    22   
  5 Vegas                           43-27   0.637   0.4    0.602  0.672     9    5    31   
  6 Colorado                        41-28   0.656   0.6    0.655  0.657     7    6    16   
  7 Tampa Bay                       42-29   0.620   0.4    0.598  0.643     10   7    25   
  8 NY Rangers                      41-29   0.662   0.7    0.688  0.637     5    8    18   

                                           -------Rating----------------  ----Rank----            
Rank Team                            W-L     KRS    SRS    S-Ix   WRS       S    W    SOS
========================================================================================
  9 Los Angeles                     41-30   0.574   0.2    0.539  0.609     12   9    27   
 10 Edmonton                        40-31   0.617   0.5    0.644  0.591     8    10   23   
 11 Minnesota                       40-30   0.563   0.2    0.538  0.588     13   11   30   
 12 Seattle                         38-31   0.555   0.2    0.545  0.565     11   12   17   
 13 Winnipeg                        39-32   0.543   0.2    0.521  0.564     16   13   21   
 14 Dallas                          38-32   0.615   0.7    0.683  0.547     6    14   29   
 15 Florida                         36-34   0.522   0.2    0.534  0.509     14   15   5    
 16 NY Islanders                    36-35   0.501   0.2    0.521  0.481     15   16   13   

                                           -------Rating----------------  ----Rank----            
Rank Team                            W-L     KRS    SRS    S-Ix   WRS       S    W    SOS
========================================================================================
 17 Pittsburgh                      34-36   0.457   -0.0   0.462  0.453     19   17   3    
 18 Buffalo                         33-36   0.441   -0.1   0.444  0.437     20   18   2    
 19 Nashville                       34-34   0.408   -0.3   0.383  0.434     22   19   32   
 20 Ottawa                          34-36   0.427   -0.1   0.422  0.433     21   20   19   
 21 Washington                      33-38   0.439   0.0    0.479  0.400     17   21   9    
 22 Vancouver                       31-38   0.360   -0.4   0.351  0.368     24   22   10   
 23 St Louis                        31-38   0.332   -0.5   0.301  0.363     25   23   20   
 24 Calgary                         31-40   0.410   0.0    0.469  0.350     18   24   8    

                                           -------Rating----------------  ----Rank----            
Rank Team                            W-L     KRS    SRS    S-Ix   WRS       S    W    SOS
========================================================================================
 25 Detroit                         30-39   0.349   -0.3   0.354  0.344     23   25   6    
 26 Montreal                        27-43   0.211   -0.9   0.178  0.245     28   26   7    
 27 Arizona                         27-43   0.243   -0.7   0.251  0.235     27   27   24   
 28 Philadelphia                    25-44   0.242   -0.6   0.266  0.217     26   28   1    
 29 Chicago                         24-46   0.139   -1.0   0.123  0.155     30   29   11   
 30 Anaheim                         23-47   0.058   -1.4   0.000  0.117     32   30   15   
 31 Columbus                        21-48   0.081   -1.2   0.077  0.085     31   31   4    
 32 San Jose                        19-52   0.067   -1.0   0.135  0.000     29   32   28   
</div></pre>
</div>
<div class="tabbertab" title="BCS">
<pre><div id=data>

                                           -------Rating----------------  ----Rank----            
Rank Team                            W-L     KRS    SRS    S-Ix   WRS       S    W    SOS
========================================================================================
  1 Boston                          53-16   1.000   1.6    1.000  1.000     1    1    14   
  2 Carolina                        45-23   0.743   0.7    0.708  0.778     3    2    26   
  3 New Jersey                      45-25   0.737   0.8    0.723  0.751     2    3    12   
  4 Toronto                         42-27   0.688   0.7    0.697  0.679     4    4    22   
  5 NY Rangers                      41-29   0.662   0.7    0.688  0.637     5    8    18   
  6 Colorado                        41-28   0.656   0.6    0.655  0.657     7    6    16   
  7 Vegas                           43-27   0.637   0.4    0.602  0.672     9    5    31   
  8 Tampa Bay                       42-29   0.620   0.4    0.598  0.643     10   7    25   

                                           -------Rating----------------  ----Rank----            
Rank Team                            W-L     KRS    SRS    S-Ix   WRS       S    W    SOS
========================================================================================
  9 Edmonton                        40-31   0.617   0.5    0.644  0.591     8    10   23   
 10 Dallas                          38-32   0.615   0.7    0.683  0.547     6    14   29   
 11 Los Angeles                     41-30   0.574   0.2    0.539  0.609     12   9    27   
 12 Minnesota                       40-30   0.563   0.2    0.538  0.588     13   11   30   
 13 Seattle                         38-31   0.555   0.2    0.545  0.565     11   12   17   
 14 Winnipeg                        39-32   0.543   0.2    0.521  0.564     16   13   21   
 15 Florida                         36-34   0.522   0.2    0.534  0.509     14   15   5    
 16 NY Islanders                    36-35   0.501   0.2    0.521  0.481     15   16   13   

                                           -------Rating----------------  ----Rank----            
Rank Team                            W-L     KRS    SRS    S-Ix   WRS       S    W    SOS
========================================================================================
 17 Pittsburgh                      34-36   0.457   -0.0   0.462  0.453     19   17   3    
 18 Buffalo                         33-36   0.441   -0.1   0.444  0.437     20   18   2    
 19 Washington                      33-38   0.439   0.0    0.479  0.400     17   21   9    
 20 Ottawa                          34-36   0.427   -0.1   0.422  0.433     21   20   19   
 21 Calgary                         31-40   0.410   0.0    0.469  0.350     18   24   8    
 22 Nashville                       34-34   0.408   -0.3   0.383  0.434     22   19   32   
 23 Vancouver                       31-38   0.360   -0.4   0.351  0.368     24   22   10   
 24 Detroit                         30-39   0.349   -0.3   0.354  0.344     23   25   6    

                                           -------Rating----------------  ----Rank----            
Rank Team                            W-L     KRS    SRS    S-Ix   WRS       S    W    SOS
========================================================================================
 25 St Louis                        31-38   0.332   -0.5   0.301  0.363     25   23   20   
 26 Arizona                         27-43   0.243   -0.7   0.251  0.235     27   27   24   
 27 Philadelphia                    25-44   0.242   -0.6   0.266  0.217     26   28   1    
 28 Montreal                        27-43   0.211   -0.9   0.178  0.245     28   26   7    
 29 Chicago                         24-46   0.139   -1.0   0.123  0.155     30   29   11   
 30 Columbus                        21-48   0.081   -1.2   0.077  0.085     31   31   4    
 31 San Jose                        19-52   0.067   -1.0   0.135  0.000     29   32   28   
 32 Anaheim                         23-47   0.058   -1.4   0.000  0.117     32   30   15   
</div></pre>
</div>
<div class="tabbertab" title="SOS">
<pre><div id=data>

                                           -------Rating----------------  ----Rank----            
Rank Team                            W-L     KRS    SRS    S-Ix   WRS       S    W    SOS
========================================================================================
  1 Philadelphia                    25-44   0.242   -0.6   0.266  0.217     26   28   1    
  2 Buffalo                         33-36   0.441   -0.1   0.444  0.437     20   18   2    
  3 Pittsburgh                      34-36   0.457   -0.0   0.462  0.453     19   17   3    
  4 Columbus                        21-48   0.081   -1.2   0.077  0.085     31   31   4    
  5 Florida                         36-34   0.522   0.2    0.534  0.509     14   15   5    
  6 Detroit                         30-39   0.349   -0.3   0.354  0.344     23   25   6    
  7 Montreal                        27-43   0.211   -0.9   0.178  0.245     28   26   7    
  8 Calgary                         31-40   0.410   0.0    0.469  0.350     18   24   8    

                                           -------Rating----------------  ----Rank----            
Rank Team                            W-L     KRS    SRS    S-Ix   WRS       S    W    SOS
========================================================================================
  9 Washington                      33-38   0.439   0.0    0.479  0.400     17   21   9    
 10 Vancouver                       31-38   0.360   -0.4   0.351  0.368     24   22   10   
 11 Chicago                         24-46   0.139   -1.0   0.123  0.155     30   29   11   
 12 New Jersey                      45-25   0.737   0.8    0.723  0.751     2    3    12   
 13 NY Islanders                    36-35   0.501   0.2    0.521  0.481     15   16   13   
 14 Boston                          53-16   1.000   1.6    1.000  1.000     1    1    14   
 15 Anaheim                         23-47   0.058   -1.4   0.000  0.117     32   30   15   
 16 Colorado                        41-28   0.656   0.6    0.655  0.657     7    6    16   

                                           -------Rating----------------  ----Rank----            
Rank Team                            W-L     KRS    SRS    S-Ix   WRS       S    W    SOS
========================================================================================
 17 Seattle                         38-31   0.555   0.2    0.545  0.565     11   12   17   
 18 NY Rangers                      41-29   0.662   0.7    0.688  0.637     5    8    18   
 19 Ottawa                          34-36   0.427   -0.1   0.422  0.433     21   20   19   
 20 St Louis                        31-38   0.332   -0.5   0.301  0.363     25   23   20   
 21 Winnipeg                        39-32   0.543   0.2    0.521  0.564     16   13   21   
 22 Toronto                         42-27   0.688   0.7    0.697  0.679     4    4    22   
 23 Edmonton                        40-31   0.617   0.5    0.644  0.591     8    10   23   
 24 Arizona                         27-43   0.243   -0.7   0.251  0.235     27   27   24   

                                           -------Rating----------------  ----Rank----            
Rank Team                            W-L     KRS    SRS    S-Ix   WRS       S    W    SOS
========================================================================================
 25 Tampa Bay                       42-29   0.620   0.4    0.598  0.643     10   7    25   
 26 Carolina                        45-23   0.743   0.7    0.708  0.778     3    2    26   
 27 Los Angeles                     41-30   0.574   0.2    0.539  0.609     12   9    27   
 28 San Jose                        19-52   0.067   -1.0   0.135  0.000     29   32   28   
 29 Dallas                          38-32   0.615   0.7    0.683  0.547     6    14   29   
 30 Minnesota                       40-30   0.563   0.2    0.538  0.588     13   11   30   
 31 Vegas                           43-27   0.637   0.4    0.602  0.672     9    5    31   
 32 Nashville                       34-34   0.408   -0.3   0.383  0.434     22   19   32   
</div></pre>
</div>
	</pre>
	</p>
	</span>
</body>
<body>
<h3>Other links</h3>
<h4>Home</h4>
	<ul>
			<li class="listyle"><a href="https://2skupz.github.io/index.html"> Index</a></li>
	</ul>
</body>
