<html>
<head>
<!-- Global Site Tag (gtag.js) - Google Analytics -->
<title>2023 NHL Rankings</title>
<script type="text/javascript" src="tabber.js">
</script>
<link href="https://fonts.googleapis.com/css?family=Roboto+Slab|Droid+Sans+Mono" rel="stylesheet">
<style>
 body {
			font-family: "Roboto Slab", serif;
			font-size: 12px;
			}
#data {
			font-family: "Droid Sans Mono", serif;
			font-size: 13px;
		}
</style>
<link rel="stylesheet" href="tabbedPage.css" TYPE="text/css" MEDIA="screen">
</head>
<body bgcolor=#fbeec1>
<hr>
<table width=100%>
<tr><td align=left>
<h1 align="center">2023 NHL Rankings</h1>
</td>
</tr></table>
<p>
Standings through 12.13.22
<hr>
<center>
<table width=100% border=1><tr>
<td valign=top>
<div class="tabber">
<div class="tabbertab" title="Ken Power Index">
<pre><div id=data>

                                           -------Rating----------------  ----Rank----            
Rank Team                            W-L     KRS    SRS    S-Ix   WRS       S    W    SOS
========================================================================================
  1 Boston                          23-5    1.000   1.7    1.000  1.000     1    1    19   
  2 New Jersey                      21-8    0.792   1.0    0.803  0.781     3    2    27   
  3 Toronto                         19-11   0.763   1.1    0.823  0.703     2    4    7    
  4 Vegas                           21-10   0.723   0.6    0.691  0.755     7    3    16   
  5 Tampa Bay                       18-10   0.690   0.6    0.697  0.684     6    5    14   
  6 Winnipeg                        18-10   0.678   0.5    0.674  0.682     8    6    29   
  7 Dallas                          17-13   0.675   0.9    0.770  0.580     4    8    13   
  8 Pittsburgh                      17-12   0.674   0.7    0.720  0.627     5    7    6    

                                           -------Rating----------------  ----Rank----            
Rank Team                            W-L     KRS    SRS    S-Ix   WRS       S    W    SOS
========================================================================================
  9 Colorado                        15-12   0.608   0.4    0.637  0.579     10   9    10   
 10 Carolina                        16-12   0.582   0.3    0.596  0.568     11   11   20   
 11 Edmonton                        17-13   0.578   0.2    0.585  0.571     12   10   17   
 12 Seattle                         16-12   0.556   0.1    0.558  0.554     17   12   28   
 13 NY Islanders                    17-13   0.553   0.2    0.582  0.524     13   13   31   
 14 Buffalo                         13-16   0.519   0.5    0.654  0.384     9    20   11   
 15 Washington                      15-16   0.519   0.2    0.575  0.463     14   15   5    
 16 Minnesota                       15-13   0.509   -0.0   0.523  0.496     19   14   26   

                                           -------Rating----------------  ----Rank----            
Rank Team                            W-L     KRS    SRS    S-Ix   WRS       S    W    SOS
========================================================================================
 17 Calgary                         13-16   0.497   0.1    0.563  0.431     15   17   1    
 18 NY Rangers                      15-15   0.490   0.1    0.560  0.421     16   18   30   
 19 Florida                         14-16   0.461   0.1    0.545  0.378     18   21   23   
 20 Detroit                         13-15   0.422   -0.2   0.473  0.372     21   22   24   
 21 Montreal                        14-14   0.411   -0.5   0.389  0.433     24   16   21   
 22 Ottawa                          12-16   0.407   -0.1   0.503  0.311     20   26   12   
 23 Los Angeles                     15-17   0.402   -0.4   0.417  0.387     22   19   18   
 24 Vancouver                       12-16   0.367   -0.4   0.408  0.325     23   24   15   

                                           -------Rating----------------  ----Rank----            
Rank Team                            W-L     KRS    SRS    S-Ix   WRS       S    W    SOS
========================================================================================
 25 Nashville                       12-15   0.334   -0.7   0.344  0.324     25   25   25   
 26 St Louis                        13-16   0.329   -0.8   0.295  0.362     29   23   22   
 27 Arizona                          9-18   0.263   -0.7   0.324  0.202     27   28   2    
 28 Philadelphia                     9-21   0.227   -0.8   0.317  0.137     28   29   4    
 29 San Jose                        10-21   0.216   -0.7   0.336  0.097     26   30   32   
 30 Columbus                        10-18   0.216   -1.2   0.205  0.227     30   27   9    
 31 Chicago                          7-20   0.145   -1.2   0.201  0.089     31   31   3    
 32 Anaheim                          7-23   0.000   -1.9   0.000  0.000     32   32   8    
</div></pre>
</div>
<div class="tabbertab" title="Points Based">
<pre><div id=data>

                                           -------Rating----------------  ----Rank----            
Rank Team                            W-L     KRS    SRS    S-Ix   WRS       S    W    SOS
========================================================================================
  1 Boston                          23-5    1.000   1.7    1.000  1.000     1    1    19   
  2 Toronto                         19-11   0.763   1.1    0.823  0.703     2    4    7    
  3 New Jersey                      21-8    0.792   1.0    0.803  0.781     3    2    27   
  4 Dallas                          17-13   0.675   0.9    0.770  0.580     4    8    13   
  5 Pittsburgh                      17-12   0.674   0.7    0.720  0.627     5    7    6    
  6 Tampa Bay                       18-10   0.690   0.6    0.697  0.684     6    5    14   
  7 Vegas                           21-10   0.723   0.6    0.691  0.755     7    3    16   
  8 Winnipeg                        18-10   0.678   0.5    0.674  0.682     8    6    29   

                                           -------Rating----------------  ----Rank----            
Rank Team                            W-L     KRS    SRS    S-Ix   WRS       S    W    SOS
========================================================================================
  9 Buffalo                         13-16   0.519   0.5    0.654  0.384     9    20   11   
 10 Colorado                        15-12   0.608   0.4    0.637  0.579     10   9    10   
 11 Carolina                        16-12   0.582   0.3    0.596  0.568     11   11   20   
 12 Edmonton                        17-13   0.578   0.2    0.585  0.571     12   10   17   
 13 NY Islanders                    17-13   0.553   0.2    0.582  0.524     13   13   31   
 14 Washington                      15-16   0.519   0.2    0.575  0.463     14   15   5    
 15 Calgary                         13-16   0.497   0.1    0.563  0.431     15   17   1    
 16 NY Rangers                      15-15   0.490   0.1    0.560  0.421     16   18   30   

                                           -------Rating----------------  ----Rank----            
Rank Team                            W-L     KRS    SRS    S-Ix   WRS       S    W    SOS
========================================================================================
 17 Seattle                         16-12   0.556   0.1    0.558  0.554     17   12   28   
 18 Florida                         14-16   0.461   0.1    0.545  0.378     18   21   23   
 19 Minnesota                       15-13   0.509   -0.0   0.523  0.496     19   14   26   
 20 Ottawa                          12-16   0.407   -0.1   0.503  0.311     20   26   12   
 21 Detroit                         13-15   0.422   -0.2   0.473  0.372     21   22   24   
 22 Los Angeles                     15-17   0.402   -0.4   0.417  0.387     22   19   18   
 23 Vancouver                       12-16   0.367   -0.4   0.408  0.325     23   24   15   
 24 Montreal                        14-14   0.411   -0.5   0.389  0.433     24   16   21   

                                           -------Rating----------------  ----Rank----            
Rank Team                            W-L     KRS    SRS    S-Ix   WRS       S    W    SOS
========================================================================================
 25 Nashville                       12-15   0.334   -0.7   0.344  0.324     25   25   25   
 26 San Jose                        10-21   0.216   -0.7   0.336  0.097     26   30   32   
 27 Arizona                          9-18   0.263   -0.7   0.324  0.202     27   28   2    
 28 Philadelphia                     9-21   0.227   -0.8   0.317  0.137     28   29   4    
 29 St Louis                        13-16   0.329   -0.8   0.295  0.362     29   23   22   
 30 Columbus                        10-18   0.216   -1.2   0.205  0.227     30   27   9    
 31 Chicago                          7-20   0.145   -1.2   0.201  0.089     31   31   3    
 32 Anaheim                          7-23   0.000   -1.9   0.000  0.000     32   32   8    
</div></pre>
</div>
<div class="tabbertab" title="Wins Based">
<pre><div id=data>

                                           -------Rating----------------  ----Rank----            
Rank Team                            W-L     KRS    SRS    S-Ix   WRS       S    W    SOS
========================================================================================
  1 Boston                          23-5    1.000   1.7    1.000  1.000     1    1    19   
  2 New Jersey                      21-8    0.792   1.0    0.803  0.781     3    2    27   
  3 Vegas                           21-10   0.723   0.6    0.691  0.755     7    3    16   
  4 Toronto                         19-11   0.763   1.1    0.823  0.703     2    4    7    
  5 Tampa Bay                       18-10   0.690   0.6    0.697  0.684     6    5    14   
  6 Winnipeg                        18-10   0.678   0.5    0.674  0.682     8    6    29   
  7 Pittsburgh                      17-12   0.674   0.7    0.720  0.627     5    7    6    
  8 Dallas                          17-13   0.675   0.9    0.770  0.580     4    8    13   

                                           -------Rating----------------  ----Rank----            
Rank Team                            W-L     KRS    SRS    S-Ix   WRS       S    W    SOS
========================================================================================
  9 Colorado                        15-12   0.608   0.4    0.637  0.579     10   9    10   
 10 Edmonton                        17-13   0.578   0.2    0.585  0.571     12   10   17   
 11 Carolina                        16-12   0.582   0.3    0.596  0.568     11   11   20   
 12 Seattle                         16-12   0.556   0.1    0.558  0.554     17   12   28   
 13 NY Islanders                    17-13   0.553   0.2    0.582  0.524     13   13   31   
 14 Minnesota                       15-13   0.509   -0.0   0.523  0.496     19   14   26   
 15 Washington                      15-16   0.519   0.2    0.575  0.463     14   15   5    
 16 Montreal                        14-14   0.411   -0.5   0.389  0.433     24   16   21   

                                           -------Rating----------------  ----Rank----            
Rank Team                            W-L     KRS    SRS    S-Ix   WRS       S    W    SOS
========================================================================================
 17 Calgary                         13-16   0.497   0.1    0.563  0.431     15   17   1    
 18 NY Rangers                      15-15   0.490   0.1    0.560  0.421     16   18   30   
 19 Los Angeles                     15-17   0.402   -0.4   0.417  0.387     22   19   18   
 20 Buffalo                         13-16   0.519   0.5    0.654  0.384     9    20   11   
 21 Florida                         14-16   0.461   0.1    0.545  0.378     18   21   23   
 22 Detroit                         13-15   0.422   -0.2   0.473  0.372     21   22   24   
 23 St Louis                        13-16   0.329   -0.8   0.295  0.362     29   23   22   
 24 Vancouver                       12-16   0.367   -0.4   0.408  0.325     23   24   15   

                                           -------Rating----------------  ----Rank----            
Rank Team                            W-L     KRS    SRS    S-Ix   WRS       S    W    SOS
========================================================================================
 25 Nashville                       12-15   0.334   -0.7   0.344  0.324     25   25   25   
 26 Ottawa                          12-16   0.407   -0.1   0.503  0.311     20   26   12   
 27 Columbus                        10-18   0.216   -1.2   0.205  0.227     30   27   9    
 28 Arizona                          9-18   0.263   -0.7   0.324  0.202     27   28   2    
 29 Philadelphia                     9-21   0.227   -0.8   0.317  0.137     28   29   4    
 30 San Jose                        10-21   0.216   -0.7   0.336  0.097     26   30   32   
 31 Chicago                          7-20   0.145   -1.2   0.201  0.089     31   31   3    
 32 Anaheim                          7-23   0.000   -1.9   0.000  0.000     32   32   8    
</div></pre>
</div>
<div class="tabbertab" title="BCS">
<pre><div id=data>

                                           -------Rating----------------  ----Rank----            
Rank Team                            W-L     KRS    SRS    S-Ix   WRS       S    W    SOS
========================================================================================
  1 Boston                          23-5    1.000   1.7    1.000  1.000     1    1    19   
  2 New Jersey                      21-8    0.792   1.0    0.803  0.781     3    2    27   
  3 Toronto                         19-11   0.763   1.1    0.823  0.703     2    4    7    
  4 Vegas                           21-10   0.723   0.6    0.691  0.755     7    3    16   
  5 Tampa Bay                       18-10   0.690   0.6    0.697  0.684     6    5    14   
  6 Winnipeg                        18-10   0.678   0.5    0.674  0.682     8    6    29   
  7 Dallas                          17-13   0.675   0.9    0.770  0.580     4    8    13   
  8 Pittsburgh                      17-12   0.674   0.7    0.720  0.627     5    7    6    

                                           -------Rating----------------  ----Rank----            
Rank Team                            W-L     KRS    SRS    S-Ix   WRS       S    W    SOS
========================================================================================
  9 Colorado                        15-12   0.608   0.4    0.637  0.579     10   9    10   
 10 Carolina                        16-12   0.582   0.3    0.596  0.568     11   11   20   
 11 Edmonton                        17-13   0.578   0.2    0.585  0.571     12   10   17   
 12 Seattle                         16-12   0.556   0.1    0.558  0.554     17   12   28   
 13 NY Islanders                    17-13   0.553   0.2    0.582  0.524     13   13   31   
 14 Buffalo                         13-16   0.519   0.5    0.654  0.384     9    20   11   
 15 Washington                      15-16   0.519   0.2    0.575  0.463     14   15   5    
 16 Minnesota                       15-13   0.509   -0.0   0.523  0.496     19   14   26   

                                           -------Rating----------------  ----Rank----            
Rank Team                            W-L     KRS    SRS    S-Ix   WRS       S    W    SOS
========================================================================================
 17 Calgary                         13-16   0.497   0.1    0.563  0.431     15   17   1    
 18 NY Rangers                      15-15   0.490   0.1    0.560  0.421     16   18   30   
 19 Florida                         14-16   0.461   0.1    0.545  0.378     18   21   23   
 20 Detroit                         13-15   0.422   -0.2   0.473  0.372     21   22   24   
 21 Montreal                        14-14   0.411   -0.5   0.389  0.433     24   16   21   
 22 Ottawa                          12-16   0.407   -0.1   0.503  0.311     20   26   12   
 23 Los Angeles                     15-17   0.402   -0.4   0.417  0.387     22   19   18   
 24 Vancouver                       12-16   0.367   -0.4   0.408  0.325     23   24   15   

                                           -------Rating----------------  ----Rank----            
Rank Team                            W-L     KRS    SRS    S-Ix   WRS       S    W    SOS
========================================================================================
 25 Nashville                       12-15   0.334   -0.7   0.344  0.324     25   25   25   
 26 St Louis                        13-16   0.329   -0.8   0.295  0.362     29   23   22   
 27 Arizona                          9-18   0.263   -0.7   0.324  0.202     27   28   2    
 28 Philadelphia                     9-21   0.227   -0.8   0.317  0.137     28   29   4    
 29 San Jose                        10-21   0.216   -0.7   0.336  0.097     26   30   32   
 30 Columbus                        10-18   0.216   -1.2   0.205  0.227     30   27   9    
 31 Chicago                          7-20   0.145   -1.2   0.201  0.089     31   31   3    
 32 Anaheim                          7-23   0.000   -1.9   0.000  0.000     32   32   8    
</div></pre>
</div>
<div class="tabbertab" title="SOS">
<pre><div id=data>

                                           -------Rating----------------  ----Rank----            
Rank Team                            W-L     KRS    SRS    S-Ix   WRS       S    W    SOS
========================================================================================
  1 Calgary                         13-16   0.497   0.1    0.563  0.431     15   17   1    
  2 Arizona                          9-18   0.263   -0.7   0.324  0.202     27   28   2    
  3 Chicago                          7-20   0.145   -1.2   0.201  0.089     31   31   3    
  4 Philadelphia                     9-21   0.227   -0.8   0.317  0.137     28   29   4    
  5 Washington                      15-16   0.519   0.2    0.575  0.463     14   15   5    
  6 Pittsburgh                      17-12   0.674   0.7    0.720  0.627     5    7    6    
  7 Toronto                         19-11   0.763   1.1    0.823  0.703     2    4    7    
  8 Anaheim                          7-23   0.000   -1.9   0.000  0.000     32   32   8    

                                           -------Rating----------------  ----Rank----            
Rank Team                            W-L     KRS    SRS    S-Ix   WRS       S    W    SOS
========================================================================================
  9 Columbus                        10-18   0.216   -1.2   0.205  0.227     30   27   9    
 10 Colorado                        15-12   0.608   0.4    0.637  0.579     10   9    10   
 11 Buffalo                         13-16   0.519   0.5    0.654  0.384     9    20   11   
 12 Ottawa                          12-16   0.407   -0.1   0.503  0.311     20   26   12   
 13 Dallas                          17-13   0.675   0.9    0.770  0.580     4    8    13   
 14 Tampa Bay                       18-10   0.690   0.6    0.697  0.684     6    5    14   
 15 Vancouver                       12-16   0.367   -0.4   0.408  0.325     23   24   15   
 16 Vegas                           21-10   0.723   0.6    0.691  0.755     7    3    16   

                                           -------Rating----------------  ----Rank----            
Rank Team                            W-L     KRS    SRS    S-Ix   WRS       S    W    SOS
========================================================================================
 17 Edmonton                        17-13   0.578   0.2    0.585  0.571     12   10   17   
 18 Los Angeles                     15-17   0.402   -0.4   0.417  0.387     22   19   18   
 19 Boston                          23-5    1.000   1.7    1.000  1.000     1    1    19   
 20 Carolina                        16-12   0.582   0.3    0.596  0.568     11   11   20   
 21 Montreal                        14-14   0.411   -0.5   0.389  0.433     24   16   21   
 22 St Louis                        13-16   0.329   -0.8   0.295  0.362     29   23   22   
 23 Florida                         14-16   0.461   0.1    0.545  0.378     18   21   23   
 24 Detroit                         13-15   0.422   -0.2   0.473  0.372     21   22   24   

                                           -------Rating----------------  ----Rank----            
Rank Team                            W-L     KRS    SRS    S-Ix   WRS       S    W    SOS
========================================================================================
 25 Nashville                       12-15   0.334   -0.7   0.344  0.324     25   25   25   
 26 Minnesota                       15-13   0.509   -0.0   0.523  0.496     19   14   26   
 27 New Jersey                      21-8    0.792   1.0    0.803  0.781     3    2    27   
 28 Seattle                         16-12   0.556   0.1    0.558  0.554     17   12   28   
 29 Winnipeg                        18-10   0.678   0.5    0.674  0.682     8    6    29   
 30 NY Rangers                      15-15   0.490   0.1    0.560  0.421     16   18   30   
 31 NY Islanders                    17-13   0.553   0.2    0.582  0.524     13   13   31   
 32 San Jose                        10-21   0.216   -0.7   0.336  0.097     26   30   32   
</div></pre>
</div>
	</pre>
	</p>
	</span>
</body>
<body>
<h3>Other links</h3>
<h4>Pro</h4>
	<ul>
			<li class="listyle"><a href="https://2skupz.github.io/nflKpi.html"> NFL</a></li>
			<li class="listyle"><a href="https://2skupz.github.io/nbaKpi.html"> NBA</a></li>
			<li class="listyle"><a href="https://2skupz.github.io/nhlKpi.html"> NHL</a></li>
	</ul>
<h4>Football</h4>
	<ul>
			<li class="listyle"><a href="https://2skupz.github.io/fbD1Rankings.html"> Division I</a></li>
			<li class="listyle"><a href="https://2skupz.github.io/fbFBSRankings.html"> Division I - FBS</a></li>
			<li class="listyle"><a href="https://2skupz.github.io/fbFCSRankings.html"> Division I - FCS</a></li>
			<li class="listyle"><a href="https://2skupz.github.io/fbD2Rankings.html"> Division II</a></li>
			<li class="listyle"><a href="https://2skupz.github.io/fbD3Rankings.html"> Division III</a></li>
	</ul>
<h4>Baseball</h4>
	<ul>
			<li class="listyle"><a href="https://2skupz.github.io/mlbPlayoffOdds.html"> MLB Playoff Odds</a></li>
			<li class="listyle"><a href="https://2skupz.github.io/baseD1Rankings.html"> Division 1</a></li>
			<li class="listyle"><a href="https://2skupz.github.io/baseD1Rankings.html"> Division 2</a></li>
			<li class="listyle"><a href="https://2skupz.github.io/baseD1Rankings.html"> Division 3</a></li>
	</ul>
<h4>Men's College Basketball</h4>
	<ul>
			<li class="listyle"><a href="https://2skupz.github.io/d1MbbRankings.html"> Division 1</a></li>
			<li class="listyle"><a href="https://2skupz.github.io/d2MbbRankings.html"> Division 2</a></li>
			<li class="listyle"><a href="https://2skupz.github.io/d3MbbRankings.html"> Division 3</a></li>
			<li class="listyle"><a href="https://2skupz.github.io/uSportMbbRankings.html"> U Sports</a></li>
	</ul>
<h4>Women's College Basketball</h4>
	<ul>
			<li class="listyle"><a href="https://2skupz.github.io/d1WbbRankings.html"> Division 1</a></li>
			<li class="listyle"><a href="https://2skupz.github.io/d2WbbRankings.html"> Division 2</a></li>
			<li class="listyle"><a href="https://2skupz.github.io/d3WbbRankings.html"> Division 3</a></li>
			<li class="listyle"><a href="https://2skupz.github.io/uSportsWbbRankings.html"> U Sports</a></li>
	</ul>
</body>
