<html>
<head>
<!-- Global Site Tag (gtag.js) - Google Analytics -->
<title>2024 NHL Rankings</title>
<script type="text/javascript" src="tabber.js">
</script>
<link href="https://fonts.googleapis.com/css?family=Roboto+Slab|Droid+Sans+Mono" rel="stylesheet">
<style>
 body {
			font-family: "Roboto Slab", serif;
			font-size: 12px;
			}
#data {
			font-family: "Droid Sans Mono", serif;
			font-size: 13px;
		}
</style>
<link rel="stylesheet" href="tabbedPage.css" TYPE="text/css" MEDIA="screen">
</head>
<body bgcolor=#fbeec1>
<hr>
<table width=100%>
<tr><td align=left>
<h1 align="center">2024 NHL Rankings</h1>
</td>
</tr></table>
<p>
Standings through 11.17.23
<hr>
<center>
<table width=100% border=1><tr>
<td valign=top>
<div class="tabber">
<div class="tabbertab" title="Ken Power Index">
<pre><div id=data>

                                           -------Rating----------------  ----Rank----            
Rank Team                            W-L     KRS    SRS    S-Ix   WRS       S    W    SOS
========================================================================================
  1 Boston                          12-3    0.968   1.24   0.936  1.000     4    1    25   
  2 Vegas                           13-4    0.962   1.26   0.941  0.983     3    2    23   
  3 Dallas                          11-4    0.901   1.05   0.889  0.914     5    3    6    
  4 Los Angeles                      9-6    0.890   1.44   0.988  0.792     2    5    1    
  5 Vancouver                       12-5    0.879   1.49   1.000  0.757     1    6    30   
  6 NY Rangers                      11-3    0.841   0.84   0.836  0.846     6    4    29   
  7 Colorado                        10-5    0.729   0.38   0.723  0.735     11   7    28   
  8 Winnipeg                         9-7    0.726   0.62   0.783  0.669     8    9    4    

                                           -------Rating----------------  ----Rank----            
Rank Team                            W-L     KRS    SRS    S-Ix   WRS       S    W    SOS
========================================================================================
  9 Florida                         11-6    0.685   0.08   0.650  0.720     17   8    27   
 10 Pittsburgh                       8-7    0.663   0.64   0.788  0.539     7    13   22   
 11 Anaheim                          9-8    0.650   0.13   0.661  0.639     16   10   3    
 12 Toronto                          9-7    0.637   0.20   0.677  0.597     14   11   11   
 13 Arizona                          8-8    0.633   0.53   0.759  0.507     10   17   9    
 14 St Louis                         8-7    0.619   0.19   0.675  0.562     15   12   14   
 15 Ottawa                           7-7    0.610   0.57   0.770  0.450     9    19   12   
 16 Philadelphia                     8-8    0.603   0.31   0.706  0.501     12   18   13   

                                           -------Rating----------------  ----Rank----            
Rank Team                            W-L     KRS    SRS    S-Ix   WRS       S    W    SOS
========================================================================================
 17 Detroit                          8-9    0.557   0.27   0.697  0.418     13   20   15   
 18 New Jersey                       8-7    0.544   -0.23  0.572  0.517     18   16   24   
 19 Carolina                         9-7    0.535   -0.34  0.545  0.525     19   15   31   
 20 Washington                       8-6    0.517   -0.49  0.508  0.526     22   14   32   
 21 Chicago                          5-9    0.434   -0.56  0.491  0.377     24   21   2    
 22 Montreal                         7-10   0.434   -0.49  0.506  0.361     23   22   7    
 23 Buffalo                          7-10   0.425   -0.40  0.530  0.319     20   23   17   
 24 Tampa Bay                        7-10   0.376   -0.48  0.510  0.242     21   24   26   

                                           -------Rating----------------  ----Rank----            
Rank Team                            W-L     KRS    SRS    S-Ix   WRS       S    W    SOS
========================================================================================
 25 Calgary                          6-10   0.359   -0.61  0.476  0.242     26   25   10   
 26 Nashville                        5-10   0.320   -0.60  0.480  0.160     25   28   18   
 27 Minnesota                        5-10   0.308   -0.91  0.403  0.212     30   26   16   
 28 Edmonton                         5-10   0.274   -0.87  0.414  0.135     28   29   19   
 29 Seattle                          6-12   0.264   -1.07  0.363  0.166     31   27   20   
 30 NY Islanders                     5-11   0.258   -0.90  0.404  0.111     29   30   21   
 31 Columbus                         4-13   0.240   -0.76  0.441  0.039     27   31   8    
 32 San Jose                         3-14   0.000   -2.53  0.000  0.000     32   32   5    
</div></pre>
</div>
<div class="tabbertab" title="Points Based">
<pre><div id=data>

                                           -------Rating----------------  ----Rank----            
Rank Team                            W-L     KRS    SRS    S-Ix   WRS       S    W    SOS
========================================================================================
  1 Vancouver                       12-5    0.879   1.49   1.000  0.757     1    6    30   
  2 Los Angeles                      9-6    0.890   1.44   0.988  0.792     2    5    1    
  3 Vegas                           13-4    0.962   1.26   0.941  0.983     3    2    23   
  4 Boston                          12-3    0.968   1.24   0.936  1.000     4    1    25   
  5 Dallas                          11-4    0.901   1.05   0.889  0.914     5    3    6    
  6 NY Rangers                      11-3    0.841   0.84   0.836  0.846     6    4    29   
  7 Pittsburgh                       8-7    0.663   0.64   0.788  0.539     7    13   22   
  8 Winnipeg                         9-7    0.726   0.62   0.783  0.669     8    9    4    

                                           -------Rating----------------  ----Rank----            
Rank Team                            W-L     KRS    SRS    S-Ix   WRS       S    W    SOS
========================================================================================
  9 Ottawa                           7-7    0.610   0.57   0.770  0.450     9    19   12   
 10 Arizona                          8-8    0.633   0.53   0.759  0.507     10   17   9    
 11 Colorado                        10-5    0.729   0.38   0.723  0.735     11   7    28   
 12 Philadelphia                     8-8    0.603   0.31   0.706  0.501     12   18   13   
 13 Detroit                          8-9    0.557   0.27   0.697  0.418     13   20   15   
 14 Toronto                          9-7    0.637   0.20   0.677  0.597     14   11   11   
 15 St Louis                         8-7    0.619   0.19   0.675  0.562     15   12   14   
 16 Anaheim                          9-8    0.650   0.13   0.661  0.639     16   10   3    

                                           -------Rating----------------  ----Rank----            
Rank Team                            W-L     KRS    SRS    S-Ix   WRS       S    W    SOS
========================================================================================
 17 Florida                         11-6    0.685   0.08   0.650  0.720     17   8    27   
 18 New Jersey                       8-7    0.544   -0.23  0.572  0.517     18   16   24   
 19 Carolina                         9-7    0.535   -0.34  0.545  0.525     19   15   31   
 20 Buffalo                          7-10   0.425   -0.40  0.530  0.319     20   23   17   
 21 Tampa Bay                        7-10   0.376   -0.48  0.510  0.242     21   24   26   
 22 Washington                       8-6    0.517   -0.49  0.508  0.526     22   14   32   
 23 Montreal                         7-10   0.434   -0.49  0.506  0.361     23   22   7    
 24 Chicago                          5-9    0.434   -0.56  0.491  0.377     24   21   2    

                                           -------Rating----------------  ----Rank----            
Rank Team                            W-L     KRS    SRS    S-Ix   WRS       S    W    SOS
========================================================================================
 25 Nashville                        5-10   0.320   -0.60  0.480  0.160     25   28   18   
 26 Calgary                          6-10   0.359   -0.61  0.476  0.242     26   25   10   
 27 Columbus                         4-13   0.240   -0.76  0.441  0.039     27   31   8    
 28 Edmonton                         5-10   0.274   -0.87  0.414  0.135     28   29   19   
 29 NY Islanders                     5-11   0.258   -0.90  0.404  0.111     29   30   21   
 30 Minnesota                        5-10   0.308   -0.91  0.403  0.212     30   26   16   
 31 Seattle                          6-12   0.264   -1.07  0.363  0.166     31   27   20   
 32 San Jose                         3-14   0.000   -2.53  0.000  0.000     32   32   5    
</div></pre>
</div>
<div class="tabbertab" title="Wins Based">
<pre><div id=data>

                                           -------Rating----------------  ----Rank----            
Rank Team                            W-L     KRS    SRS    S-Ix   WRS       S    W    SOS
========================================================================================
  1 Boston                          12-3    0.968   1.24   0.936  1.000     4    1    25   
  2 Vegas                           13-4    0.962   1.26   0.941  0.983     3    2    23   
  3 Dallas                          11-4    0.901   1.05   0.889  0.914     5    3    6    
  4 NY Rangers                      11-3    0.841   0.84   0.836  0.846     6    4    29   
  5 Los Angeles                      9-6    0.890   1.44   0.988  0.792     2    5    1    
  6 Vancouver                       12-5    0.879   1.49   1.000  0.757     1    6    30   
  7 Colorado                        10-5    0.729   0.38   0.723  0.735     11   7    28   
  8 Florida                         11-6    0.685   0.08   0.650  0.720     17   8    27   

                                           -------Rating----------------  ----Rank----            
Rank Team                            W-L     KRS    SRS    S-Ix   WRS       S    W    SOS
========================================================================================
  9 Winnipeg                         9-7    0.726   0.62   0.783  0.669     8    9    4    
 10 Anaheim                          9-8    0.650   0.13   0.661  0.639     16   10   3    
 11 Toronto                          9-7    0.637   0.20   0.677  0.597     14   11   11   
 12 St Louis                         8-7    0.619   0.19   0.675  0.562     15   12   14   
 13 Pittsburgh                       8-7    0.663   0.64   0.788  0.539     7    13   22   
 14 Washington                       8-6    0.517   -0.49  0.508  0.526     22   14   32   
 15 Carolina                         9-7    0.535   -0.34  0.545  0.525     19   15   31   
 16 New Jersey                       8-7    0.544   -0.23  0.572  0.517     18   16   24   

                                           -------Rating----------------  ----Rank----            
Rank Team                            W-L     KRS    SRS    S-Ix   WRS       S    W    SOS
========================================================================================
 17 Arizona                          8-8    0.633   0.53   0.759  0.507     10   17   9    
 18 Philadelphia                     8-8    0.603   0.31   0.706  0.501     12   18   13   
 19 Ottawa                           7-7    0.610   0.57   0.770  0.450     9    19   12   
 20 Detroit                          8-9    0.557   0.27   0.697  0.418     13   20   15   
 21 Chicago                          5-9    0.434   -0.56  0.491  0.377     24   21   2    
 22 Montreal                         7-10   0.434   -0.49  0.506  0.361     23   22   7    
 23 Buffalo                          7-10   0.425   -0.40  0.530  0.319     20   23   17   
 24 Tampa Bay                        7-10   0.376   -0.48  0.510  0.242     21   24   26   

                                           -------Rating----------------  ----Rank----            
Rank Team                            W-L     KRS    SRS    S-Ix   WRS       S    W    SOS
========================================================================================
 25 Calgary                          6-10   0.359   -0.61  0.476  0.242     26   25   10   
 26 Minnesota                        5-10   0.308   -0.91  0.403  0.212     30   26   16   
 27 Seattle                          6-12   0.264   -1.07  0.363  0.166     31   27   20   
 28 Nashville                        5-10   0.320   -0.60  0.480  0.160     25   28   18   
 29 Edmonton                         5-10   0.274   -0.87  0.414  0.135     28   29   19   
 30 NY Islanders                     5-11   0.258   -0.90  0.404  0.111     29   30   21   
 31 Columbus                         4-13   0.240   -0.76  0.441  0.039     27   31   8    
 32 San Jose                         3-14   0.000   -2.53  0.000  0.000     32   32   5    
</div></pre>
</div>
<div class="tabbertab" title="BCS">
<pre><div id=data>

                                           -------Rating----------------  ----Rank----            
Rank Team                            W-L     KRS    SRS    S-Ix   WRS       S    W    SOS
========================================================================================
  1 Boston                          12-3    0.968   1.24   0.936  1.000     4    1    25   
  2 Vegas                           13-4    0.962   1.26   0.941  0.983     3    2    23   
  3 Dallas                          11-4    0.901   1.05   0.889  0.914     5    3    6    
  4 Los Angeles                      9-6    0.890   1.44   0.988  0.792     2    5    1    
  5 Vancouver                       12-5    0.879   1.49   1.000  0.757     1    6    30   
  6 NY Rangers                      11-3    0.841   0.84   0.836  0.846     6    4    29   
  7 Colorado                        10-5    0.729   0.38   0.723  0.735     11   7    28   
  8 Winnipeg                         9-7    0.726   0.62   0.783  0.669     8    9    4    

                                           -------Rating----------------  ----Rank----            
Rank Team                            W-L     KRS    SRS    S-Ix   WRS       S    W    SOS
========================================================================================
  9 Florida                         11-6    0.685   0.08   0.650  0.720     17   8    27   
 10 Pittsburgh                       8-7    0.663   0.64   0.788  0.539     7    13   22   
 11 Anaheim                          9-8    0.650   0.13   0.661  0.639     16   10   3    
 12 Toronto                          9-7    0.637   0.20   0.677  0.597     14   11   11   
 13 Arizona                          8-8    0.633   0.53   0.759  0.507     10   17   9    
 14 St Louis                         8-7    0.619   0.19   0.675  0.562     15   12   14   
 15 Ottawa                           7-7    0.610   0.57   0.770  0.450     9    19   12   
 16 Philadelphia                     8-8    0.603   0.31   0.706  0.501     12   18   13   

                                           -------Rating----------------  ----Rank----            
Rank Team                            W-L     KRS    SRS    S-Ix   WRS       S    W    SOS
========================================================================================
 17 Detroit                          8-9    0.557   0.27   0.697  0.418     13   20   15   
 18 New Jersey                       8-7    0.544   -0.23  0.572  0.517     18   16   24   
 19 Carolina                         9-7    0.535   -0.34  0.545  0.525     19   15   31   
 20 Washington                       8-6    0.517   -0.49  0.508  0.526     22   14   32   
 21 Chicago                          5-9    0.434   -0.56  0.491  0.377     24   21   2    
 22 Montreal                         7-10   0.434   -0.49  0.506  0.361     23   22   7    
 23 Buffalo                          7-10   0.425   -0.40  0.530  0.319     20   23   17   
 24 Tampa Bay                        7-10   0.376   -0.48  0.510  0.242     21   24   26   

                                           -------Rating----------------  ----Rank----            
Rank Team                            W-L     KRS    SRS    S-Ix   WRS       S    W    SOS
========================================================================================
 25 Calgary                          6-10   0.359   -0.61  0.476  0.242     26   25   10   
 26 Nashville                        5-10   0.320   -0.60  0.480  0.160     25   28   18   
 27 Minnesota                        5-10   0.308   -0.91  0.403  0.212     30   26   16   
 28 Edmonton                         5-10   0.274   -0.87  0.414  0.135     28   29   19   
 29 Seattle                          6-12   0.264   -1.07  0.363  0.166     31   27   20   
 30 NY Islanders                     5-11   0.258   -0.90  0.404  0.111     29   30   21   
 31 Columbus                         4-13   0.240   -0.76  0.441  0.039     27   31   8    
 32 San Jose                         3-14   0.000   -2.53  0.000  0.000     32   32   5    
</div></pre>
</div>
<div class="tabbertab" title="SOS">
<pre><div id=data>

                                           -------Rating----------------  ----Rank----            
Rank Team                            W-L     KRS    SRS    S-Ix   WRS       S    W    SOS
========================================================================================
  1 Los Angeles                      9-6    0.890   1.44   0.988  0.792     2    5    1    
  2 Chicago                          5-9    0.434   -0.56  0.491  0.377     24   21   2    
  3 Anaheim                          9-8    0.650   0.13   0.661  0.639     16   10   3    
  4 Winnipeg                         9-7    0.726   0.62   0.783  0.669     8    9    4    
  5 San Jose                         3-14   0.000   -2.53  0.000  0.000     32   32   5    
  6 Dallas                          11-4    0.901   1.05   0.889  0.914     5    3    6    
  7 Montreal                         7-10   0.434   -0.49  0.506  0.361     23   22   7    
  8 Columbus                         4-13   0.240   -0.76  0.441  0.039     27   31   8    

                                           -------Rating----------------  ----Rank----            
Rank Team                            W-L     KRS    SRS    S-Ix   WRS       S    W    SOS
========================================================================================
  9 Arizona                          8-8    0.633   0.53   0.759  0.507     10   17   9    
 10 Calgary                          6-10   0.359   -0.61  0.476  0.242     26   25   10   
 11 Toronto                          9-7    0.637   0.20   0.677  0.597     14   11   11   
 12 Ottawa                           7-7    0.610   0.57   0.770  0.450     9    19   12   
 13 Philadelphia                     8-8    0.603   0.31   0.706  0.501     12   18   13   
 14 St Louis                         8-7    0.619   0.19   0.675  0.562     15   12   14   
 15 Detroit                          8-9    0.557   0.27   0.697  0.418     13   20   15   
 16 Minnesota                        5-10   0.308   -0.91  0.403  0.212     30   26   16   

                                           -------Rating----------------  ----Rank----            
Rank Team                            W-L     KRS    SRS    S-Ix   WRS       S    W    SOS
========================================================================================
 17 Buffalo                          7-10   0.425   -0.40  0.530  0.319     20   23   17   
 18 Nashville                        5-10   0.320   -0.60  0.480  0.160     25   28   18   
 19 Edmonton                         5-10   0.274   -0.87  0.414  0.135     28   29   19   
 20 Seattle                          6-12   0.264   -1.07  0.363  0.166     31   27   20   
 21 NY Islanders                     5-11   0.258   -0.90  0.404  0.111     29   30   21   
 22 Pittsburgh                       8-7    0.663   0.64   0.788  0.539     7    13   22   
 23 Vegas                           13-4    0.962   1.26   0.941  0.983     3    2    23   
 24 New Jersey                       8-7    0.544   -0.23  0.572  0.517     18   16   24   

                                           -------Rating----------------  ----Rank----            
Rank Team                            W-L     KRS    SRS    S-Ix   WRS       S    W    SOS
========================================================================================
 25 Boston                          12-3    0.968   1.24   0.936  1.000     4    1    25   
 26 Tampa Bay                        7-10   0.376   -0.48  0.510  0.242     21   24   26   
 27 Florida                         11-6    0.685   0.08   0.650  0.720     17   8    27   
 28 Colorado                        10-5    0.729   0.38   0.723  0.735     11   7    28   
 29 NY Rangers                      11-3    0.841   0.84   0.836  0.846     6    4    29   
 30 Vancouver                       12-5    0.879   1.49   1.000  0.757     1    6    30   
 31 Carolina                         9-7    0.535   -0.34  0.545  0.525     19   15   31   
 32 Washington                       8-6    0.517   -0.49  0.508  0.526     22   14   32   
</div></pre>
</div>
	</pre>
	</p>
	</span>
</body>
<body>
<h3>Other links</h3>
<h4>Home</h4>
	<ul>
			<li class="listyle"><a href="https://2skupz.github.io/index.html"> Index</a></li>
	</ul>
</body>
