<html>
<head>
<!-- Global Site Tag (gtag.js) - Google Analytics -->
<title>2023 NHL Rankings</title>
<script type="text/javascript" src="tabber.js">
</script>
<link href="https://fonts.googleapis.com/css?family=Roboto+Slab|Droid+Sans+Mono" rel="stylesheet">
<style>
 body {
			font-family: "Roboto Slab", serif;
			font-size: 12px;
			}
#data {
			font-family: "Droid Sans Mono", serif;
			font-size: 13px;
		}
</style>
<link rel="stylesheet" href="tabbedPage.css" TYPE="text/css" MEDIA="screen">
</head>
<body bgcolor=#fbeec1>
<hr>
<table width=100%>
<tr><td align=left>
<h1 align="center">2023 NHL Rankings</h1>
</td>
</tr></table>
<p>
Standings through 02.17.23
<hr>
<center>
<table width=100% border=1><tr>
<td valign=top>
<div class="tabber">
<div class="tabbertab" title="Ken Power Index">
<pre><div id=data>

                                           -------Rating----------------  ----Rank----            
Rank Team                            W-L     KRS    SRS    S-Ix   WRS       S    W    SOS
========================================================================================
  1 Boston                          41-13   1.000   1.6    1.000  1.000     1    1    12   
  2 Carolina                        36-18   0.756   0.7    0.727  0.785     3    2    10   
  3 New Jersey                      35-19   0.739   0.7    0.736  0.741     2    3    21   
  4 Tampa Bay                       35-19   0.716   0.6    0.693  0.738     7    4    24   
  5 Toronto                         33-22   0.687   0.7    0.723  0.650     6    6    18   
  6 NY Rangers                      33-22   0.685   0.7    0.724  0.646     4    7    23   
  7 Winnipeg                        34-21   0.646   0.4    0.640  0.652     8    5    32   
  8 Dallas                          30-26   0.622   0.7    0.724  0.520     5    12   20   

                                           -------Rating----------------  ----Rank----            
Rank Team                            W-L     KRS    SRS    S-Ix   WRS       S    W    SOS
========================================================================================
  9 Vegas                           33-22   0.619   0.4    0.622  0.616     10   8    31   
 10 Seattle                         31-24   0.602   0.4    0.623  0.581     9    9    16   
 11 Colorado                        29-24   0.571   0.3    0.595  0.548     12   10   8    
 12 Edmonton                        30-26   0.549   0.3    0.610  0.489     11   13   30   
 13 Los Angeles                     31-25   0.529   0.0    0.516  0.541     20   11   17   
 14 Buffalo                         27-26   0.508   0.2    0.563  0.452     14   15   29   
 15 Pittsburgh                      27-27   0.503   0.2    0.558  0.449     15   16   7    
 16 Minnesota                       29-26   0.502   0.1    0.524  0.480     18   14   27   

                                           -------Rating----------------  ----Rank----            
Rank Team                            W-L     KRS    SRS    S-Ix   WRS       S    W    SOS
========================================================================================
 17 Washington                      28-29   0.495   0.2    0.564  0.426     13   17   6    
 18 Florida                         28-30   0.486   0.1    0.547  0.424     16   18   1    
 19 NY Islanders                    28-30   0.467   0.1    0.543  0.392     17   20   15   
 20 Calgary                         25-30   0.428   0.1    0.523  0.334     19   24   22   
 21 Detroit                         26-28   0.421   -0.1   0.465  0.377     21   23   28   
 22 Ottawa                          26-28   0.418   -0.2   0.450  0.387     22   21   13   
 23 Nashville                       25-27   0.397   -0.3   0.414  0.380     23   22   26   
 24 St Louis                        26-28   0.385   -0.4   0.378  0.392     25   19   19   

                                           -------Rating----------------  ----Rank----            
Rank Team                            W-L     KRS    SRS    S-Ix   WRS       S    W    SOS
========================================================================================
 25 Philadelphia                    22-34   0.298   -0.4   0.379  0.217     24   26   5    
 26 Vancouver                       21-34   0.248   -0.7   0.305  0.191     26   27   4    
 27 Montreal                        23-32   0.238   -0.9   0.228  0.248     29   25   11   
 28 Arizona                         19-36   0.183   -0.8   0.264  0.102     28   28   9    
 29 San Jose                        17-39   0.136   -0.8   0.271  0.000     27   32   25   
 30 Columbus                        17-38   0.098   -1.1   0.152  0.043     30   29   2    
 31 Chicago                         17-37   0.079   -1.2   0.123  0.035     31   30   14   
 32 Anaheim                         17-39   0.005   -1.6   0.000  0.010     32   31   3    
</div></pre>
</div>
<div class="tabbertab" title="Points Based">
<pre><div id=data>

                                           -------Rating----------------  ----Rank----            
Rank Team                            W-L     KRS    SRS    S-Ix   WRS       S    W    SOS
========================================================================================
  1 Boston                          41-13   1.000   1.6    1.000  1.000     1    1    12   
  2 New Jersey                      35-19   0.739   0.7    0.736  0.741     2    3    21   
  3 Carolina                        36-18   0.756   0.7    0.727  0.785     3    2    10   
  4 NY Rangers                      33-22   0.685   0.7    0.724  0.646     4    7    23   
  5 Dallas                          30-26   0.622   0.7    0.724  0.520     5    12   20   
  6 Toronto                         33-22   0.687   0.7    0.723  0.650     6    6    18   
  7 Tampa Bay                       35-19   0.716   0.6    0.693  0.738     7    4    24   
  8 Winnipeg                        34-21   0.646   0.4    0.640  0.652     8    5    32   

                                           -------Rating----------------  ----Rank----            
Rank Team                            W-L     KRS    SRS    S-Ix   WRS       S    W    SOS
========================================================================================
  9 Seattle                         31-24   0.602   0.4    0.623  0.581     9    9    16   
 10 Vegas                           33-22   0.619   0.4    0.622  0.616     10   8    31   
 11 Edmonton                        30-26   0.549   0.3    0.610  0.489     11   13   30   
 12 Colorado                        29-24   0.571   0.3    0.595  0.548     12   10   8    
 13 Washington                      28-29   0.495   0.2    0.564  0.426     13   17   6    
 14 Buffalo                         27-26   0.508   0.2    0.563  0.452     14   15   29   
 15 Pittsburgh                      27-27   0.503   0.2    0.558  0.449     15   16   7    
 16 Florida                         28-30   0.486   0.1    0.547  0.424     16   18   1    

                                           -------Rating----------------  ----Rank----            
Rank Team                            W-L     KRS    SRS    S-Ix   WRS       S    W    SOS
========================================================================================
 17 NY Islanders                    28-30   0.467   0.1    0.543  0.392     17   20   15   
 18 Minnesota                       29-26   0.502   0.1    0.524  0.480     18   14   27   
 19 Calgary                         25-30   0.428   0.1    0.523  0.334     19   24   22   
 20 Los Angeles                     31-25   0.529   0.0    0.516  0.541     20   11   17   
 21 Detroit                         26-28   0.421   -0.1   0.465  0.377     21   23   28   
 22 Ottawa                          26-28   0.418   -0.2   0.450  0.387     22   21   13   
 23 Nashville                       25-27   0.397   -0.3   0.414  0.380     23   22   26   
 24 Philadelphia                    22-34   0.298   -0.4   0.379  0.217     24   26   5    

                                           -------Rating----------------  ----Rank----            
Rank Team                            W-L     KRS    SRS    S-Ix   WRS       S    W    SOS
========================================================================================
 25 St Louis                        26-28   0.385   -0.4   0.378  0.392     25   19   19   
 26 Vancouver                       21-34   0.248   -0.7   0.305  0.191     26   27   4    
 27 San Jose                        17-39   0.136   -0.8   0.271  0.000     27   32   25   
 28 Arizona                         19-36   0.183   -0.8   0.264  0.102     28   28   9    
 29 Montreal                        23-32   0.238   -0.9   0.228  0.248     29   25   11   
 30 Columbus                        17-38   0.098   -1.1   0.152  0.043     30   29   2    
 31 Chicago                         17-37   0.079   -1.2   0.123  0.035     31   30   14   
 32 Anaheim                         17-39   0.005   -1.6   0.000  0.010     32   31   3    
</div></pre>
</div>
<div class="tabbertab" title="Wins Based">
<pre><div id=data>

                                           -------Rating----------------  ----Rank----            
Rank Team                            W-L     KRS    SRS    S-Ix   WRS       S    W    SOS
========================================================================================
  1 Boston                          41-13   1.000   1.6    1.000  1.000     1    1    12   
  2 Carolina                        36-18   0.756   0.7    0.727  0.785     3    2    10   
  3 New Jersey                      35-19   0.739   0.7    0.736  0.741     2    3    21   
  4 Tampa Bay                       35-19   0.716   0.6    0.693  0.738     7    4    24   
  5 Winnipeg                        34-21   0.646   0.4    0.640  0.652     8    5    32   
  6 Toronto                         33-22   0.687   0.7    0.723  0.650     6    6    18   
  7 NY Rangers                      33-22   0.685   0.7    0.724  0.646     4    7    23   
  8 Vegas                           33-22   0.619   0.4    0.622  0.616     10   8    31   

                                           -------Rating----------------  ----Rank----            
Rank Team                            W-L     KRS    SRS    S-Ix   WRS       S    W    SOS
========================================================================================
  9 Seattle                         31-24   0.602   0.4    0.623  0.581     9    9    16   
 10 Colorado                        29-24   0.571   0.3    0.595  0.548     12   10   8    
 11 Los Angeles                     31-25   0.529   0.0    0.516  0.541     20   11   17   
 12 Dallas                          30-26   0.622   0.7    0.724  0.520     5    12   20   
 13 Edmonton                        30-26   0.549   0.3    0.610  0.489     11   13   30   
 14 Minnesota                       29-26   0.502   0.1    0.524  0.480     18   14   27   
 15 Buffalo                         27-26   0.508   0.2    0.563  0.452     14   15   29   
 16 Pittsburgh                      27-27   0.503   0.2    0.558  0.449     15   16   7    

                                           -------Rating----------------  ----Rank----            
Rank Team                            W-L     KRS    SRS    S-Ix   WRS       S    W    SOS
========================================================================================
 17 Washington                      28-29   0.495   0.2    0.564  0.426     13   17   6    
 18 Florida                         28-30   0.486   0.1    0.547  0.424     16   18   1    
 19 St Louis                        26-28   0.385   -0.4   0.378  0.392     25   19   19   
 20 NY Islanders                    28-30   0.467   0.1    0.543  0.392     17   20   15   
 21 Ottawa                          26-28   0.418   -0.2   0.450  0.387     22   21   13   
 22 Nashville                       25-27   0.397   -0.3   0.414  0.380     23   22   26   
 23 Detroit                         26-28   0.421   -0.1   0.465  0.377     21   23   28   
 24 Calgary                         25-30   0.428   0.1    0.523  0.334     19   24   22   

                                           -------Rating----------------  ----Rank----            
Rank Team                            W-L     KRS    SRS    S-Ix   WRS       S    W    SOS
========================================================================================
 25 Montreal                        23-32   0.238   -0.9   0.228  0.248     29   25   11   
 26 Philadelphia                    22-34   0.298   -0.4   0.379  0.217     24   26   5    
 27 Vancouver                       21-34   0.248   -0.7   0.305  0.191     26   27   4    
 28 Arizona                         19-36   0.183   -0.8   0.264  0.102     28   28   9    
 29 Columbus                        17-38   0.098   -1.1   0.152  0.043     30   29   2    
 30 Chicago                         17-37   0.079   -1.2   0.123  0.035     31   30   14   
 31 Anaheim                         17-39   0.005   -1.6   0.000  0.010     32   31   3    
 32 San Jose                        17-39   0.136   -0.8   0.271  0.000     27   32   25   
</div></pre>
</div>
<div class="tabbertab" title="BCS">
<pre><div id=data>

                                           -------Rating----------------  ----Rank----            
Rank Team                            W-L     KRS    SRS    S-Ix   WRS       S    W    SOS
========================================================================================
  1 Boston                          41-13   1.000   1.6    1.000  1.000     1    1    12   
  2 Carolina                        36-18   0.756   0.7    0.727  0.785     3    2    10   
  3 New Jersey                      35-19   0.739   0.7    0.736  0.741     2    3    21   
  4 Tampa Bay                       35-19   0.716   0.6    0.693  0.738     7    4    24   
  5 Toronto                         33-22   0.687   0.7    0.723  0.650     6    6    18   
  6 NY Rangers                      33-22   0.685   0.7    0.724  0.646     4    7    23   
  7 Winnipeg                        34-21   0.646   0.4    0.640  0.652     8    5    32   
  8 Dallas                          30-26   0.622   0.7    0.724  0.520     5    12   20   

                                           -------Rating----------------  ----Rank----            
Rank Team                            W-L     KRS    SRS    S-Ix   WRS       S    W    SOS
========================================================================================
  9 Vegas                           33-22   0.619   0.4    0.622  0.616     10   8    31   
 10 Seattle                         31-24   0.602   0.4    0.623  0.581     9    9    16   
 11 Colorado                        29-24   0.571   0.3    0.595  0.548     12   10   8    
 12 Edmonton                        30-26   0.549   0.3    0.610  0.489     11   13   30   
 13 Los Angeles                     31-25   0.529   0.0    0.516  0.541     20   11   17   
 14 Buffalo                         27-26   0.508   0.2    0.563  0.452     14   15   29   
 15 Pittsburgh                      27-27   0.503   0.2    0.558  0.449     15   16   7    
 16 Minnesota                       29-26   0.502   0.1    0.524  0.480     18   14   27   

                                           -------Rating----------------  ----Rank----            
Rank Team                            W-L     KRS    SRS    S-Ix   WRS       S    W    SOS
========================================================================================
 17 Washington                      28-29   0.495   0.2    0.564  0.426     13   17   6    
 18 Florida                         28-30   0.486   0.1    0.547  0.424     16   18   1    
 19 NY Islanders                    28-30   0.467   0.1    0.543  0.392     17   20   15   
 20 Calgary                         25-30   0.428   0.1    0.523  0.334     19   24   22   
 21 Detroit                         26-28   0.421   -0.1   0.465  0.377     21   23   28   
 22 Ottawa                          26-28   0.418   -0.2   0.450  0.387     22   21   13   
 23 Nashville                       25-27   0.397   -0.3   0.414  0.380     23   22   26   
 24 St Louis                        26-28   0.385   -0.4   0.378  0.392     25   19   19   

                                           -------Rating----------------  ----Rank----            
Rank Team                            W-L     KRS    SRS    S-Ix   WRS       S    W    SOS
========================================================================================
 25 Philadelphia                    22-34   0.298   -0.4   0.379  0.217     24   26   5    
 26 Vancouver                       21-34   0.248   -0.7   0.305  0.191     26   27   4    
 27 Montreal                        23-32   0.238   -0.9   0.228  0.248     29   25   11   
 28 Arizona                         19-36   0.183   -0.8   0.264  0.102     28   28   9    
 29 San Jose                        17-39   0.136   -0.8   0.271  0.000     27   32   25   
 30 Columbus                        17-38   0.098   -1.1   0.152  0.043     30   29   2    
 31 Chicago                         17-37   0.079   -1.2   0.123  0.035     31   30   14   
 32 Anaheim                         17-39   0.005   -1.6   0.000  0.010     32   31   3    
</div></pre>
</div>
<div class="tabbertab" title="SOS">
<pre><div id=data>

                                           -------Rating----------------  ----Rank----            
Rank Team                            W-L     KRS    SRS    S-Ix   WRS       S    W    SOS
========================================================================================
  1 Florida                         28-30   0.486   0.1    0.547  0.424     16   18   1    
  2 Columbus                        17-38   0.098   -1.1   0.152  0.043     30   29   2    
  3 Anaheim                         17-39   0.005   -1.6   0.000  0.010     32   31   3    
  4 Vancouver                       21-34   0.248   -0.7   0.305  0.191     26   27   4    
  5 Philadelphia                    22-34   0.298   -0.4   0.379  0.217     24   26   5    
  6 Washington                      28-29   0.495   0.2    0.564  0.426     13   17   6    
  7 Pittsburgh                      27-27   0.503   0.2    0.558  0.449     15   16   7    
  8 Colorado                        29-24   0.571   0.3    0.595  0.548     12   10   8    

                                           -------Rating----------------  ----Rank----            
Rank Team                            W-L     KRS    SRS    S-Ix   WRS       S    W    SOS
========================================================================================
  9 Arizona                         19-36   0.183   -0.8   0.264  0.102     28   28   9    
 10 Carolina                        36-18   0.756   0.7    0.727  0.785     3    2    10   
 11 Montreal                        23-32   0.238   -0.9   0.228  0.248     29   25   11   
 12 Boston                          41-13   1.000   1.6    1.000  1.000     1    1    12   
 13 Ottawa                          26-28   0.418   -0.2   0.450  0.387     22   21   13   
 14 Chicago                         17-37   0.079   -1.2   0.123  0.035     31   30   14   
 15 NY Islanders                    28-30   0.467   0.1    0.543  0.392     17   20   15   
 16 Seattle                         31-24   0.602   0.4    0.623  0.581     9    9    16   

                                           -------Rating----------------  ----Rank----            
Rank Team                            W-L     KRS    SRS    S-Ix   WRS       S    W    SOS
========================================================================================
 17 Los Angeles                     31-25   0.529   0.0    0.516  0.541     20   11   17   
 18 Toronto                         33-22   0.687   0.7    0.723  0.650     6    6    18   
 19 St Louis                        26-28   0.385   -0.4   0.378  0.392     25   19   19   
 20 Dallas                          30-26   0.622   0.7    0.724  0.520     5    12   20   
 21 New Jersey                      35-19   0.739   0.7    0.736  0.741     2    3    21   
 22 Calgary                         25-30   0.428   0.1    0.523  0.334     19   24   22   
 23 NY Rangers                      33-22   0.685   0.7    0.724  0.646     4    7    23   
 24 Tampa Bay                       35-19   0.716   0.6    0.693  0.738     7    4    24   

                                           -------Rating----------------  ----Rank----            
Rank Team                            W-L     KRS    SRS    S-Ix   WRS       S    W    SOS
========================================================================================
 25 San Jose                        17-39   0.136   -0.8   0.271  0.000     27   32   25   
 26 Nashville                       25-27   0.397   -0.3   0.414  0.380     23   22   26   
 27 Minnesota                       29-26   0.502   0.1    0.524  0.480     18   14   27   
 28 Detroit                         26-28   0.421   -0.1   0.465  0.377     21   23   28   
 29 Buffalo                         27-26   0.508   0.2    0.563  0.452     14   15   29   
 30 Edmonton                        30-26   0.549   0.3    0.610  0.489     11   13   30   
 31 Vegas                           33-22   0.619   0.4    0.622  0.616     10   8    31   
 32 Winnipeg                        34-21   0.646   0.4    0.640  0.652     8    5    32   
</div></pre>
</div>
	</pre>
	</p>
	</span>
</body>
<body>
<h3>Other links</h3>
<h4>Home/h4>
	<ul>
			<li class="listyle"><a href="https://2skupz.github.io/index.html"> Index</a></li>
	</ul>
<h4>Pro</h4>
</body>
