<html>
<head>
<!-- Global Site Tag (gtag.js) - Google Analytics -->
<title>2023 NHL Rankings</title>
<script type="text/javascript" src="tabber.js">
</script>
<link href="https://fonts.googleapis.com/css?family=Roboto+Slab|Droid+Sans+Mono" rel="stylesheet">
<style>
 body {
			font-family: "Roboto Slab", serif;
			font-size: 12px;
			}
#data {
			font-family: "Droid Sans Mono", serif;
			font-size: 13px;
		}
</style>
<link rel="stylesheet" href="tabbedPage.css" TYPE="text/css" MEDIA="screen">
</head>
<body bgcolor=#fbeec1>
<hr>
<table width=100%>
<tr><td align=left>
<h1 align="center">2023 NHL Rankings</h1>
</td>
</tr></table>
<p>
Standings through 02.22.23
<hr>
<center>
<table width=100% border=1><tr>
<td valign=top>
<div class="tabber">
<div class="tabbertab" title="Ken Power Index">
<pre><div id=data>

                                           -------Rating----------------  ----Rank----            
Rank Team                            W-L     KRS    SRS    S-Ix   WRS       S    W    SOS
========================================================================================
  1 Boston                          43-13   1.000   1.6    1.000  1.000     1    1    14   
  2 Carolina                        38-18   0.770   0.8    0.741  0.799     2    2    15   
  3 New Jersey                      37-20   0.730   0.7    0.725  0.734     3    3    21   
  4 Tampa Bay                       36-20   0.704   0.6    0.695  0.714     5    4    29   
  5 Toronto                         35-23   0.680   0.7    0.720  0.639     4    5    28   
  6 NY Rangers                      33-24   0.647   0.6    0.694  0.600     6    8    17   
  7 Winnipeg                        35-23   0.630   0.4    0.636  0.624     8    6    31   
  8 Vegas                           34-23   0.607   0.4    0.611  0.602     9    7    32   

                                           -------Rating----------------  ----Rank----            
Rank Team                            W-L     KRS    SRS    S-Ix   WRS       S    W    SOS
========================================================================================
  9 Colorado                        31-24   0.592   0.3    0.608  0.577     10   9    13   
 10 Seattle                         32-25   0.583   0.3    0.601  0.564     12   10   18   
 11 Dallas                          30-28   0.574   0.6    0.681  0.468     7    14   25   
 12 Edmonton                        31-27   0.546   0.3    0.607  0.485     11   13   30   
 13 Los Angeles                     32-26   0.521   0.0    0.511  0.530     20   11   19   
 14 Minnesota                       31-26   0.520   0.1    0.529  0.511     18   12   27   
 15 Buffalo                         28-27   0.501   0.2    0.555  0.447     13   15   24   
 16 NY Islanders                    30-31   0.484   0.1    0.545  0.423     14   16   8    

                                           -------Rating----------------  ----Rank----            
Rank Team                            W-L     KRS    SRS    S-Ix   WRS       S    W    SOS
========================================================================================
 17 Pittsburgh                      27-29   0.474   0.1    0.533  0.414     16   18   5    
 18 Florida                         29-31   0.467   0.0    0.519  0.416     19   17   3    
 19 Washington                      28-31   0.466   0.1    0.539  0.394     15   21   4    
 20 Calgary                         27-31   0.442   0.1    0.532  0.352     17   23   23   
 21 Ottawa                          27-29   0.433   -0.1   0.471  0.395     21   20   12   
 22 Detroit                         27-29   0.426   -0.1   0.471  0.382     22   22   22   
 23 Nashville                       27-28   0.418   -0.2   0.438  0.397     23   19   26   
 24 St Louis                        26-31   0.344   -0.6   0.337  0.351     25   24   11   

                                           -------Rating----------------  ----Rank----            
Rank Team                            W-L     KRS    SRS    S-Ix   WRS       S    W    SOS
========================================================================================
 25 Philadelphia                    23-36   0.285   -0.5   0.362  0.208     24   26   6    
 26 Vancouver                       22-35   0.264   -0.6   0.328  0.201     26   27   7    
 27 Montreal                        24-33   0.255   -0.9   0.245  0.265     29   25   9    
 28 Arizona                         20-38   0.180   -0.8   0.259  0.100     28   29   16   
 29 San Jose                        18-40   0.160   -0.7   0.296  0.024     27   31   20   
 30 Chicago                         20-37   0.151   -1.1   0.179  0.124     31   28   10   
 31 Columbus                        18-39   0.121   -1.1   0.181  0.060     30   30   1    
 32 Anaheim                         17-41   0.000   -1.7   0.000  0.000     32   32   2    
</div></pre>
</div>
<div class="tabbertab" title="Points Based">
<pre><div id=data>

                                           -------Rating----------------  ----Rank----            
Rank Team                            W-L     KRS    SRS    S-Ix   WRS       S    W    SOS
========================================================================================
  1 Boston                          43-13   1.000   1.6    1.000  1.000     1    1    14   
  2 Carolina                        38-18   0.770   0.8    0.741  0.799     2    2    15   
  3 New Jersey                      37-20   0.730   0.7    0.725  0.734     3    3    21   
  4 Toronto                         35-23   0.680   0.7    0.720  0.639     4    5    28   
  5 Tampa Bay                       36-20   0.704   0.6    0.695  0.714     5    4    29   
  6 NY Rangers                      33-24   0.647   0.6    0.694  0.600     6    8    17   
  7 Dallas                          30-28   0.574   0.6    0.681  0.468     7    14   25   
  8 Winnipeg                        35-23   0.630   0.4    0.636  0.624     8    6    31   

                                           -------Rating----------------  ----Rank----            
Rank Team                            W-L     KRS    SRS    S-Ix   WRS       S    W    SOS
========================================================================================
  9 Vegas                           34-23   0.607   0.4    0.611  0.602     9    7    32   
 10 Colorado                        31-24   0.592   0.3    0.608  0.577     10   9    13   
 11 Edmonton                        31-27   0.546   0.3    0.607  0.485     11   13   30   
 12 Seattle                         32-25   0.583   0.3    0.601  0.564     12   10   18   
 13 Buffalo                         28-27   0.501   0.2    0.555  0.447     13   15   24   
 14 NY Islanders                    30-31   0.484   0.1    0.545  0.423     14   16   8    
 15 Washington                      28-31   0.466   0.1    0.539  0.394     15   21   4    
 16 Pittsburgh                      27-29   0.474   0.1    0.533  0.414     16   18   5    

                                           -------Rating----------------  ----Rank----            
Rank Team                            W-L     KRS    SRS    S-Ix   WRS       S    W    SOS
========================================================================================
 17 Calgary                         27-31   0.442   0.1    0.532  0.352     17   23   23   
 18 Minnesota                       31-26   0.520   0.1    0.529  0.511     18   12   27   
 19 Florida                         29-31   0.467   0.0    0.519  0.416     19   17   3    
 20 Los Angeles                     32-26   0.521   0.0    0.511  0.530     20   11   19   
 21 Ottawa                          27-29   0.433   -0.1   0.471  0.395     21   20   12   
 22 Detroit                         27-29   0.426   -0.1   0.471  0.382     22   22   22   
 23 Nashville                       27-28   0.418   -0.2   0.438  0.397     23   19   26   
 24 Philadelphia                    23-36   0.285   -0.5   0.362  0.208     24   26   6    

                                           -------Rating----------------  ----Rank----            
Rank Team                            W-L     KRS    SRS    S-Ix   WRS       S    W    SOS
========================================================================================
 25 St Louis                        26-31   0.344   -0.6   0.337  0.351     25   24   11   
 26 Vancouver                       22-35   0.264   -0.6   0.328  0.201     26   27   7    
 27 San Jose                        18-40   0.160   -0.7   0.296  0.024     27   31   20   
 28 Arizona                         20-38   0.180   -0.8   0.259  0.100     28   29   16   
 29 Montreal                        24-33   0.255   -0.9   0.245  0.265     29   25   9    
 30 Columbus                        18-39   0.121   -1.1   0.181  0.060     30   30   1    
 31 Chicago                         20-37   0.151   -1.1   0.179  0.124     31   28   10   
 32 Anaheim                         17-41   0.000   -1.7   0.000  0.000     32   32   2    
</div></pre>
</div>
<div class="tabbertab" title="Wins Based">
<pre><div id=data>

                                           -------Rating----------------  ----Rank----            
Rank Team                            W-L     KRS    SRS    S-Ix   WRS       S    W    SOS
========================================================================================
  1 Boston                          43-13   1.000   1.6    1.000  1.000     1    1    14   
  2 Carolina                        38-18   0.770   0.8    0.741  0.799     2    2    15   
  3 New Jersey                      37-20   0.730   0.7    0.725  0.734     3    3    21   
  4 Tampa Bay                       36-20   0.704   0.6    0.695  0.714     5    4    29   
  5 Toronto                         35-23   0.680   0.7    0.720  0.639     4    5    28   
  6 Winnipeg                        35-23   0.630   0.4    0.636  0.624     8    6    31   
  7 Vegas                           34-23   0.607   0.4    0.611  0.602     9    7    32   
  8 NY Rangers                      33-24   0.647   0.6    0.694  0.600     6    8    17   

                                           -------Rating----------------  ----Rank----            
Rank Team                            W-L     KRS    SRS    S-Ix   WRS       S    W    SOS
========================================================================================
  9 Colorado                        31-24   0.592   0.3    0.608  0.577     10   9    13   
 10 Seattle                         32-25   0.583   0.3    0.601  0.564     12   10   18   
 11 Los Angeles                     32-26   0.521   0.0    0.511  0.530     20   11   19   
 12 Minnesota                       31-26   0.520   0.1    0.529  0.511     18   12   27   
 13 Edmonton                        31-27   0.546   0.3    0.607  0.485     11   13   30   
 14 Dallas                          30-28   0.574   0.6    0.681  0.468     7    14   25   
 15 Buffalo                         28-27   0.501   0.2    0.555  0.447     13   15   24   
 16 NY Islanders                    30-31   0.484   0.1    0.545  0.423     14   16   8    

                                           -------Rating----------------  ----Rank----            
Rank Team                            W-L     KRS    SRS    S-Ix   WRS       S    W    SOS
========================================================================================
 17 Florida                         29-31   0.467   0.0    0.519  0.416     19   17   3    
 18 Pittsburgh                      27-29   0.474   0.1    0.533  0.414     16   18   5    
 19 Nashville                       27-28   0.418   -0.2   0.438  0.397     23   19   26   
 20 Ottawa                          27-29   0.433   -0.1   0.471  0.395     21   20   12   
 21 Washington                      28-31   0.466   0.1    0.539  0.394     15   21   4    
 22 Detroit                         27-29   0.426   -0.1   0.471  0.382     22   22   22   
 23 Calgary                         27-31   0.442   0.1    0.532  0.352     17   23   23   
 24 St Louis                        26-31   0.344   -0.6   0.337  0.351     25   24   11   

                                           -------Rating----------------  ----Rank----            
Rank Team                            W-L     KRS    SRS    S-Ix   WRS       S    W    SOS
========================================================================================
 25 Montreal                        24-33   0.255   -0.9   0.245  0.265     29   25   9    
 26 Philadelphia                    23-36   0.285   -0.5   0.362  0.208     24   26   6    
 27 Vancouver                       22-35   0.264   -0.6   0.328  0.201     26   27   7    
 28 Chicago                         20-37   0.151   -1.1   0.179  0.124     31   28   10   
 29 Arizona                         20-38   0.180   -0.8   0.259  0.100     28   29   16   
 30 Columbus                        18-39   0.121   -1.1   0.181  0.060     30   30   1    
 31 San Jose                        18-40   0.160   -0.7   0.296  0.024     27   31   20   
 32 Anaheim                         17-41   0.000   -1.7   0.000  0.000     32   32   2    
</div></pre>
</div>
<div class="tabbertab" title="BCS">
<pre><div id=data>

                                           -------Rating----------------  ----Rank----            
Rank Team                            W-L     KRS    SRS    S-Ix   WRS       S    W    SOS
========================================================================================
  1 Boston                          43-13   1.000   1.6    1.000  1.000     1    1    14   
  2 Carolina                        38-18   0.770   0.8    0.741  0.799     2    2    15   
  3 New Jersey                      37-20   0.730   0.7    0.725  0.734     3    3    21   
  4 Tampa Bay                       36-20   0.704   0.6    0.695  0.714     5    4    29   
  5 Toronto                         35-23   0.680   0.7    0.720  0.639     4    5    28   
  6 NY Rangers                      33-24   0.647   0.6    0.694  0.600     6    8    17   
  7 Winnipeg                        35-23   0.630   0.4    0.636  0.624     8    6    31   
  8 Vegas                           34-23   0.607   0.4    0.611  0.602     9    7    32   

                                           -------Rating----------------  ----Rank----            
Rank Team                            W-L     KRS    SRS    S-Ix   WRS       S    W    SOS
========================================================================================
  9 Colorado                        31-24   0.592   0.3    0.608  0.577     10   9    13   
 10 Seattle                         32-25   0.583   0.3    0.601  0.564     12   10   18   
 11 Dallas                          30-28   0.574   0.6    0.681  0.468     7    14   25   
 12 Edmonton                        31-27   0.546   0.3    0.607  0.485     11   13   30   
 13 Los Angeles                     32-26   0.521   0.0    0.511  0.530     20   11   19   
 14 Minnesota                       31-26   0.520   0.1    0.529  0.511     18   12   27   
 15 Buffalo                         28-27   0.501   0.2    0.555  0.447     13   15   24   
 16 NY Islanders                    30-31   0.484   0.1    0.545  0.423     14   16   8    

                                           -------Rating----------------  ----Rank----            
Rank Team                            W-L     KRS    SRS    S-Ix   WRS       S    W    SOS
========================================================================================
 17 Pittsburgh                      27-29   0.474   0.1    0.533  0.414     16   18   5    
 18 Florida                         29-31   0.467   0.0    0.519  0.416     19   17   3    
 19 Washington                      28-31   0.466   0.1    0.539  0.394     15   21   4    
 20 Calgary                         27-31   0.442   0.1    0.532  0.352     17   23   23   
 21 Ottawa                          27-29   0.433   -0.1   0.471  0.395     21   20   12   
 22 Detroit                         27-29   0.426   -0.1   0.471  0.382     22   22   22   
 23 Nashville                       27-28   0.418   -0.2   0.438  0.397     23   19   26   
 24 St Louis                        26-31   0.344   -0.6   0.337  0.351     25   24   11   

                                           -------Rating----------------  ----Rank----            
Rank Team                            W-L     KRS    SRS    S-Ix   WRS       S    W    SOS
========================================================================================
 25 Philadelphia                    23-36   0.285   -0.5   0.362  0.208     24   26   6    
 26 Vancouver                       22-35   0.264   -0.6   0.328  0.201     26   27   7    
 27 Montreal                        24-33   0.255   -0.9   0.245  0.265     29   25   9    
 28 Arizona                         20-38   0.180   -0.8   0.259  0.100     28   29   16   
 29 San Jose                        18-40   0.160   -0.7   0.296  0.024     27   31   20   
 30 Chicago                         20-37   0.151   -1.1   0.179  0.124     31   28   10   
 31 Columbus                        18-39   0.121   -1.1   0.181  0.060     30   30   1    
 32 Anaheim                         17-41   0.000   -1.7   0.000  0.000     32   32   2    
</div></pre>
</div>
<div class="tabbertab" title="SOS">
<pre><div id=data>

                                           -------Rating----------------  ----Rank----            
Rank Team                            W-L     KRS    SRS    S-Ix   WRS       S    W    SOS
========================================================================================
  1 Columbus                        18-39   0.121   -1.1   0.181  0.060     30   30   1    
  2 Anaheim                         17-41   0.000   -1.7   0.000  0.000     32   32   2    
  3 Florida                         29-31   0.467   0.0    0.519  0.416     19   17   3    
  4 Washington                      28-31   0.466   0.1    0.539  0.394     15   21   4    
  5 Pittsburgh                      27-29   0.474   0.1    0.533  0.414     16   18   5    
  6 Philadelphia                    23-36   0.285   -0.5   0.362  0.208     24   26   6    
  7 Vancouver                       22-35   0.264   -0.6   0.328  0.201     26   27   7    
  8 NY Islanders                    30-31   0.484   0.1    0.545  0.423     14   16   8    

                                           -------Rating----------------  ----Rank----            
Rank Team                            W-L     KRS    SRS    S-Ix   WRS       S    W    SOS
========================================================================================
  9 Montreal                        24-33   0.255   -0.9   0.245  0.265     29   25   9    
 10 Chicago                         20-37   0.151   -1.1   0.179  0.124     31   28   10   
 11 St Louis                        26-31   0.344   -0.6   0.337  0.351     25   24   11   
 12 Ottawa                          27-29   0.433   -0.1   0.471  0.395     21   20   12   
 13 Colorado                        31-24   0.592   0.3    0.608  0.577     10   9    13   
 14 Boston                          43-13   1.000   1.6    1.000  1.000     1    1    14   
 15 Carolina                        38-18   0.770   0.8    0.741  0.799     2    2    15   
 16 Arizona                         20-38   0.180   -0.8   0.259  0.100     28   29   16   

                                           -------Rating----------------  ----Rank----            
Rank Team                            W-L     KRS    SRS    S-Ix   WRS       S    W    SOS
========================================================================================
 17 NY Rangers                      33-24   0.647   0.6    0.694  0.600     6    8    17   
 18 Seattle                         32-25   0.583   0.3    0.601  0.564     12   10   18   
 19 Los Angeles                     32-26   0.521   0.0    0.511  0.530     20   11   19   
 20 San Jose                        18-40   0.160   -0.7   0.296  0.024     27   31   20   
 21 New Jersey                      37-20   0.730   0.7    0.725  0.734     3    3    21   
 22 Detroit                         27-29   0.426   -0.1   0.471  0.382     22   22   22   
 23 Calgary                         27-31   0.442   0.1    0.532  0.352     17   23   23   
 24 Buffalo                         28-27   0.501   0.2    0.555  0.447     13   15   24   

                                           -------Rating----------------  ----Rank----            
Rank Team                            W-L     KRS    SRS    S-Ix   WRS       S    W    SOS
========================================================================================
 25 Dallas                          30-28   0.574   0.6    0.681  0.468     7    14   25   
 26 Nashville                       27-28   0.418   -0.2   0.438  0.397     23   19   26   
 27 Minnesota                       31-26   0.520   0.1    0.529  0.511     18   12   27   
 28 Toronto                         35-23   0.680   0.7    0.720  0.639     4    5    28   
 29 Tampa Bay                       36-20   0.704   0.6    0.695  0.714     5    4    29   
 30 Edmonton                        31-27   0.546   0.3    0.607  0.485     11   13   30   
 31 Winnipeg                        35-23   0.630   0.4    0.636  0.624     8    6    31   
 32 Vegas                           34-23   0.607   0.4    0.611  0.602     9    7    32   
</div></pre>
</div>
	</pre>
	</p>
	</span>
</body>
<body>
<h3>Other links</h3>
<h4>Home</h4>
	<ul>
			<li class="listyle"><a href="https://2skupz.github.io/index.html"> Index</a></li>
	</ul>
</body>
