<html>
<head>
<!-- Global Site Tag (gtag.js) - Google Analytics -->
<title>2023 NHL Rankings</title>
<script type="text/javascript" src="tabber.js">
</script>
<link href="https://fonts.googleapis.com/css?family=Roboto+Slab|Droid+Sans+Mono" rel="stylesheet">
<style>
 body {
			font-family: "Roboto Slab", serif;
			font-size: 12px;
			}
#data {
			font-family: "Droid Sans Mono", serif;
			font-size: 13px;
		}
</style>
<link rel="stylesheet" href="tabbedPage.css" TYPE="text/css" MEDIA="screen">
</head>
<body bgcolor=#fbeec1>
<hr>
<table width=100%>
<tr><td align=left>
<h1 align="center">2023 NHL Rankings</h1>
</td>
</tr></table>
<p>
Standings through 03.18.23
<hr>
<center>
<table width=100% border=1><tr>
<td valign=top>
<div class="tabber">
<div class="tabbertab" title="Ken Power Index">
<pre><div id=data>

                                           -------Rating----------------  ----Rank----            
Rank Team                            W-L     KRS    SRS    S-Ix   WRS       S    W    SOS
========================================================================================
  1 Boston                          52-16   1.000   1.6    1.000  1.000     1    1    13   
  2 Carolina                        45-23   0.754   0.7    0.726  0.783     3    2    25   
  3 New Jersey                      44-25   0.735   0.7    0.728  0.741     2    3    19   
  4 Toronto                         42-27   0.698   0.7    0.715  0.682     4    4    24   
  5 Colorado                        40-28   0.654   0.5    0.656  0.652     8    7    9    
  6 NY Rangers                      40-29   0.652   0.6    0.676  0.627     6    8    15   
  7 Tampa Bay                       42-28   0.642   0.4    0.626  0.659     9    6    27   
  8 Vegas                           42-27   0.635   0.4    0.601  0.669     10   5    31   

                                           -------Rating----------------  ----Rank----            
Rank Team                            W-L     KRS    SRS    S-Ix   WRS       S    W    SOS
========================================================================================
  9 Edmonton                        39-31   0.625   0.6    0.664  0.586     7    10   14   
 10 Dallas                          38-32   0.624   0.7    0.701  0.548     5    14   28   
 11 Winnipeg                        39-31   0.567   0.2    0.552  0.582     12   11   21   
 12 Los Angeles                     40-30   0.563   0.1    0.527  0.600     16   9    26   
 13 Seattle                         38-31   0.562   0.2    0.558  0.566     11   13   18   
 14 Minnesota                       39-30   0.561   0.2    0.544  0.578     13   12   30   
 15 Florida                         35-34   0.517   0.2    0.536  0.498     14   15   3    
 16 NY Islanders                    36-35   0.507   0.2    0.534  0.481     15   16   16   

                                           -------Rating----------------  ----Rank----            
Rank Team                            W-L     KRS    SRS    S-Ix   WRS       S    W    SOS
========================================================================================
 17 Pittsburgh                      34-35   0.473   0.0    0.478  0.467     20   17   2    
 18 Buffalo                         33-35   0.463   0.0    0.481  0.444     19   19   8    
 19 Washington                      33-37   0.455   0.1    0.499  0.411     18   21   11   
 20 Nashville                       34-33   0.434   -0.2   0.422  0.446     22   18   32   
 21 Calgary                         31-39   0.433   0.1    0.507  0.359     17   22   10   
 22 Ottawa                          33-36   0.423   -0.1   0.427  0.418     21   20   20   
 23 Detroit                         30-38   0.364   -0.3   0.374  0.355     23   24   7    
 24 Vancouver                       30-38   0.358   -0.3   0.360  0.356     24   23   5    

                                           -------Rating----------------  ----Rank----            
Rank Team                            W-L     KRS    SRS    S-Ix   WRS       S    W    SOS
========================================================================================
 25 St Louis                        30-38   0.318   -0.6   0.292  0.344     25   25   22   
 26 Arizona                         27-43   0.245   -0.7   0.258  0.232     27   27   23   
 27 Philadelphia                    25-44   0.244   -0.6   0.273  0.215     26   28   1    
 28 Montreal                        27-43   0.212   -0.9   0.182  0.242     28   26   6    
 29 Chicago                         24-45   0.150   -1.0   0.142  0.158     29   29   17   
 30 Columbus                        21-47   0.091   -1.1   0.095  0.087     31   31   4    
 31 San Jose                        19-51   0.068   -1.0   0.135  0.000     30   32   29   
 32 Anaheim                         23-46   0.062   -1.4   0.000  0.124     32   30   12   
</div></pre>
</div>
<div class="tabbertab" title="Points Based">
<pre><div id=data>

                                           -------Rating----------------  ----Rank----            
Rank Team                            W-L     KRS    SRS    S-Ix   WRS       S    W    SOS
========================================================================================
  1 Boston                          52-16   1.000   1.6    1.000  1.000     1    1    13   
  2 New Jersey                      44-25   0.735   0.7    0.728  0.741     2    3    19   
  3 Carolina                        45-23   0.754   0.7    0.726  0.783     3    2    25   
  4 Toronto                         42-27   0.698   0.7    0.715  0.682     4    4    24   
  5 Dallas                          38-32   0.624   0.7    0.701  0.548     5    14   28   
  6 NY Rangers                      40-29   0.652   0.6    0.676  0.627     6    8    15   
  7 Edmonton                        39-31   0.625   0.6    0.664  0.586     7    10   14   
  8 Colorado                        40-28   0.654   0.5    0.656  0.652     8    7    9    

                                           -------Rating----------------  ----Rank----            
Rank Team                            W-L     KRS    SRS    S-Ix   WRS       S    W    SOS
========================================================================================
  9 Tampa Bay                       42-28   0.642   0.4    0.626  0.659     9    6    27   
 10 Vegas                           42-27   0.635   0.4    0.601  0.669     10   5    31   
 11 Seattle                         38-31   0.562   0.2    0.558  0.566     11   13   18   
 12 Winnipeg                        39-31   0.567   0.2    0.552  0.582     12   11   21   
 13 Minnesota                       39-30   0.561   0.2    0.544  0.578     13   12   30   
 14 Florida                         35-34   0.517   0.2    0.536  0.498     14   15   3    
 15 NY Islanders                    36-35   0.507   0.2    0.534  0.481     15   16   16   
 16 Los Angeles                     40-30   0.563   0.1    0.527  0.600     16   9    26   

                                           -------Rating----------------  ----Rank----            
Rank Team                            W-L     KRS    SRS    S-Ix   WRS       S    W    SOS
========================================================================================
 17 Calgary                         31-39   0.433   0.1    0.507  0.359     17   22   10   
 18 Washington                      33-37   0.455   0.1    0.499  0.411     18   21   11   
 19 Buffalo                         33-35   0.463   0.0    0.481  0.444     19   19   8    
 20 Pittsburgh                      34-35   0.473   0.0    0.478  0.467     20   17   2    
 21 Ottawa                          33-36   0.423   -0.1   0.427  0.418     21   20   20   
 22 Nashville                       34-33   0.434   -0.2   0.422  0.446     22   18   32   
 23 Detroit                         30-38   0.364   -0.3   0.374  0.355     23   24   7    
 24 Vancouver                       30-38   0.358   -0.3   0.360  0.356     24   23   5    

                                           -------Rating----------------  ----Rank----            
Rank Team                            W-L     KRS    SRS    S-Ix   WRS       S    W    SOS
========================================================================================
 25 St Louis                        30-38   0.318   -0.6   0.292  0.344     25   25   22   
 26 Philadelphia                    25-44   0.244   -0.6   0.273  0.215     26   28   1    
 27 Arizona                         27-43   0.245   -0.7   0.258  0.232     27   27   23   
 28 Montreal                        27-43   0.212   -0.9   0.182  0.242     28   26   6    
 29 Chicago                         24-45   0.150   -1.0   0.142  0.158     29   29   17   
 30 San Jose                        19-51   0.068   -1.0   0.135  0.000     30   32   29   
 31 Columbus                        21-47   0.091   -1.1   0.095  0.087     31   31   4    
 32 Anaheim                         23-46   0.062   -1.4   0.000  0.124     32   30   12   
</div></pre>
</div>
<div class="tabbertab" title="Wins Based">
<pre><div id=data>

                                           -------Rating----------------  ----Rank----            
Rank Team                            W-L     KRS    SRS    S-Ix   WRS       S    W    SOS
========================================================================================
  1 Boston                          52-16   1.000   1.6    1.000  1.000     1    1    13   
  2 Carolina                        45-23   0.754   0.7    0.726  0.783     3    2    25   
  3 New Jersey                      44-25   0.735   0.7    0.728  0.741     2    3    19   
  4 Toronto                         42-27   0.698   0.7    0.715  0.682     4    4    24   
  5 Vegas                           42-27   0.635   0.4    0.601  0.669     10   5    31   
  6 Tampa Bay                       42-28   0.642   0.4    0.626  0.659     9    6    27   
  7 Colorado                        40-28   0.654   0.5    0.656  0.652     8    7    9    
  8 NY Rangers                      40-29   0.652   0.6    0.676  0.627     6    8    15   

                                           -------Rating----------------  ----Rank----            
Rank Team                            W-L     KRS    SRS    S-Ix   WRS       S    W    SOS
========================================================================================
  9 Los Angeles                     40-30   0.563   0.1    0.527  0.600     16   9    26   
 10 Edmonton                        39-31   0.625   0.6    0.664  0.586     7    10   14   
 11 Winnipeg                        39-31   0.567   0.2    0.552  0.582     12   11   21   
 12 Minnesota                       39-30   0.561   0.2    0.544  0.578     13   12   30   
 13 Seattle                         38-31   0.562   0.2    0.558  0.566     11   13   18   
 14 Dallas                          38-32   0.624   0.7    0.701  0.548     5    14   28   
 15 Florida                         35-34   0.517   0.2    0.536  0.498     14   15   3    
 16 NY Islanders                    36-35   0.507   0.2    0.534  0.481     15   16   16   

                                           -------Rating----------------  ----Rank----            
Rank Team                            W-L     KRS    SRS    S-Ix   WRS       S    W    SOS
========================================================================================
 17 Pittsburgh                      34-35   0.473   0.0    0.478  0.467     20   17   2    
 18 Nashville                       34-33   0.434   -0.2   0.422  0.446     22   18   32   
 19 Buffalo                         33-35   0.463   0.0    0.481  0.444     19   19   8    
 20 Ottawa                          33-36   0.423   -0.1   0.427  0.418     21   20   20   
 21 Washington                      33-37   0.455   0.1    0.499  0.411     18   21   11   
 22 Calgary                         31-39   0.433   0.1    0.507  0.359     17   22   10   
 23 Vancouver                       30-38   0.358   -0.3   0.360  0.356     24   23   5    
 24 Detroit                         30-38   0.364   -0.3   0.374  0.355     23   24   7    

                                           -------Rating----------------  ----Rank----            
Rank Team                            W-L     KRS    SRS    S-Ix   WRS       S    W    SOS
========================================================================================
 25 St Louis                        30-38   0.318   -0.6   0.292  0.344     25   25   22   
 26 Montreal                        27-43   0.212   -0.9   0.182  0.242     28   26   6    
 27 Arizona                         27-43   0.245   -0.7   0.258  0.232     27   27   23   
 28 Philadelphia                    25-44   0.244   -0.6   0.273  0.215     26   28   1    
 29 Chicago                         24-45   0.150   -1.0   0.142  0.158     29   29   17   
 30 Anaheim                         23-46   0.062   -1.4   0.000  0.124     32   30   12   
 31 Columbus                        21-47   0.091   -1.1   0.095  0.087     31   31   4    
 32 San Jose                        19-51   0.068   -1.0   0.135  0.000     30   32   29   
</div></pre>
</div>
<div class="tabbertab" title="BCS">
<pre><div id=data>

                                           -------Rating----------------  ----Rank----            
Rank Team                            W-L     KRS    SRS    S-Ix   WRS       S    W    SOS
========================================================================================
  1 Boston                          52-16   1.000   1.6    1.000  1.000     1    1    13   
  2 Carolina                        45-23   0.754   0.7    0.726  0.783     3    2    25   
  3 New Jersey                      44-25   0.735   0.7    0.728  0.741     2    3    19   
  4 Toronto                         42-27   0.698   0.7    0.715  0.682     4    4    24   
  5 Colorado                        40-28   0.654   0.5    0.656  0.652     8    7    9    
  6 NY Rangers                      40-29   0.652   0.6    0.676  0.627     6    8    15   
  7 Tampa Bay                       42-28   0.642   0.4    0.626  0.659     9    6    27   
  8 Vegas                           42-27   0.635   0.4    0.601  0.669     10   5    31   

                                           -------Rating----------------  ----Rank----            
Rank Team                            W-L     KRS    SRS    S-Ix   WRS       S    W    SOS
========================================================================================
  9 Edmonton                        39-31   0.625   0.6    0.664  0.586     7    10   14   
 10 Dallas                          38-32   0.624   0.7    0.701  0.548     5    14   28   
 11 Winnipeg                        39-31   0.567   0.2    0.552  0.582     12   11   21   
 12 Los Angeles                     40-30   0.563   0.1    0.527  0.600     16   9    26   
 13 Seattle                         38-31   0.562   0.2    0.558  0.566     11   13   18   
 14 Minnesota                       39-30   0.561   0.2    0.544  0.578     13   12   30   
 15 Florida                         35-34   0.517   0.2    0.536  0.498     14   15   3    
 16 NY Islanders                    36-35   0.507   0.2    0.534  0.481     15   16   16   

                                           -------Rating----------------  ----Rank----            
Rank Team                            W-L     KRS    SRS    S-Ix   WRS       S    W    SOS
========================================================================================
 17 Pittsburgh                      34-35   0.473   0.0    0.478  0.467     20   17   2    
 18 Buffalo                         33-35   0.463   0.0    0.481  0.444     19   19   8    
 19 Washington                      33-37   0.455   0.1    0.499  0.411     18   21   11   
 20 Nashville                       34-33   0.434   -0.2   0.422  0.446     22   18   32   
 21 Calgary                         31-39   0.433   0.1    0.507  0.359     17   22   10   
 22 Ottawa                          33-36   0.423   -0.1   0.427  0.418     21   20   20   
 23 Detroit                         30-38   0.364   -0.3   0.374  0.355     23   24   7    
 24 Vancouver                       30-38   0.358   -0.3   0.360  0.356     24   23   5    

                                           -------Rating----------------  ----Rank----            
Rank Team                            W-L     KRS    SRS    S-Ix   WRS       S    W    SOS
========================================================================================
 25 St Louis                        30-38   0.318   -0.6   0.292  0.344     25   25   22   
 26 Arizona                         27-43   0.245   -0.7   0.258  0.232     27   27   23   
 27 Philadelphia                    25-44   0.244   -0.6   0.273  0.215     26   28   1    
 28 Montreal                        27-43   0.212   -0.9   0.182  0.242     28   26   6    
 29 Chicago                         24-45   0.150   -1.0   0.142  0.158     29   29   17   
 30 Columbus                        21-47   0.091   -1.1   0.095  0.087     31   31   4    
 31 San Jose                        19-51   0.068   -1.0   0.135  0.000     30   32   29   
 32 Anaheim                         23-46   0.062   -1.4   0.000  0.124     32   30   12   
</div></pre>
</div>
<div class="tabbertab" title="SOS">
<pre><div id=data>

                                           -------Rating----------------  ----Rank----            
Rank Team                            W-L     KRS    SRS    S-Ix   WRS       S    W    SOS
========================================================================================
  1 Philadelphia                    25-44   0.244   -0.6   0.273  0.215     26   28   1    
  2 Pittsburgh                      34-35   0.473   0.0    0.478  0.467     20   17   2    
  3 Florida                         35-34   0.517   0.2    0.536  0.498     14   15   3    
  4 Columbus                        21-47   0.091   -1.1   0.095  0.087     31   31   4    
  5 Vancouver                       30-38   0.358   -0.3   0.360  0.356     24   23   5    
  6 Montreal                        27-43   0.212   -0.9   0.182  0.242     28   26   6    
  7 Detroit                         30-38   0.364   -0.3   0.374  0.355     23   24   7    
  8 Buffalo                         33-35   0.463   0.0    0.481  0.444     19   19   8    

                                           -------Rating----------------  ----Rank----            
Rank Team                            W-L     KRS    SRS    S-Ix   WRS       S    W    SOS
========================================================================================
  9 Colorado                        40-28   0.654   0.5    0.656  0.652     8    7    9    
 10 Calgary                         31-39   0.433   0.1    0.507  0.359     17   22   10   
 11 Washington                      33-37   0.455   0.1    0.499  0.411     18   21   11   
 12 Anaheim                         23-46   0.062   -1.4   0.000  0.124     32   30   12   
 13 Boston                          52-16   1.000   1.6    1.000  1.000     1    1    13   
 14 Edmonton                        39-31   0.625   0.6    0.664  0.586     7    10   14   
 15 NY Rangers                      40-29   0.652   0.6    0.676  0.627     6    8    15   
 16 NY Islanders                    36-35   0.507   0.2    0.534  0.481     15   16   16   

                                           -------Rating----------------  ----Rank----            
Rank Team                            W-L     KRS    SRS    S-Ix   WRS       S    W    SOS
========================================================================================
 17 Chicago                         24-45   0.150   -1.0   0.142  0.158     29   29   17   
 18 Seattle                         38-31   0.562   0.2    0.558  0.566     11   13   18   
 19 New Jersey                      44-25   0.735   0.7    0.728  0.741     2    3    19   
 20 Ottawa                          33-36   0.423   -0.1   0.427  0.418     21   20   20   
 21 Winnipeg                        39-31   0.567   0.2    0.552  0.582     12   11   21   
 22 St Louis                        30-38   0.318   -0.6   0.292  0.344     25   25   22   
 23 Arizona                         27-43   0.245   -0.7   0.258  0.232     27   27   23   
 24 Toronto                         42-27   0.698   0.7    0.715  0.682     4    4    24   

                                           -------Rating----------------  ----Rank----            
Rank Team                            W-L     KRS    SRS    S-Ix   WRS       S    W    SOS
========================================================================================
 25 Carolina                        45-23   0.754   0.7    0.726  0.783     3    2    25   
 26 Los Angeles                     40-30   0.563   0.1    0.527  0.600     16   9    26   
 27 Tampa Bay                       42-28   0.642   0.4    0.626  0.659     9    6    27   
 28 Dallas                          38-32   0.624   0.7    0.701  0.548     5    14   28   
 29 San Jose                        19-51   0.068   -1.0   0.135  0.000     30   32   29   
 30 Minnesota                       39-30   0.561   0.2    0.544  0.578     13   12   30   
 31 Vegas                           42-27   0.635   0.4    0.601  0.669     10   5    31   
 32 Nashville                       34-33   0.434   -0.2   0.422  0.446     22   18   32   
</div></pre>
</div>
	</pre>
	</p>
	</span>
</body>
<body>
<h3>Other links</h3>
<h4>Home</h4>
	<ul>
			<li class="listyle"><a href="https://2skupz.github.io/index.html"> Index</a></li>
	</ul>
</body>
