<html>
<head>
<!-- Global Site Tag (gtag.js) - Google Analytics -->
<title>2023 NHL Rankings</title>
<script type="text/javascript" src="tabber.js">
</script>
<link href="https://fonts.googleapis.com/css?family=Roboto+Slab|Droid+Sans+Mono" rel="stylesheet">
<style>
 body {
			font-family: "Roboto Slab", serif;
			font-size: 12px;
			}
#data {
			font-family: "Droid Sans Mono", serif;
			font-size: 13px;
		}
</style>
<link rel="stylesheet" href="tabbedPage.css" TYPE="text/css" MEDIA="screen">
</head>
<body bgcolor=#fbeec1>
<hr>
<table width=100%>
<tr><td align=left>
<h1 align="center">2023 NHL Rankings</h1>
</td>
</tr></table>
<p>
Standings through 01.16.23
<hr>
<center>
<table width=100% border=1><tr>
<td valign=top>
<div class="tabber">
<div class="tabbertab" title="Ken Power Index">
<pre><div id=data>

                                           -------Rating----------------  ----Rank----            
Rank Team                            W-L     KRS    SRS    S-Ix   WRS       S    W    SOS
========================================================================================
  1 Boston                          34-9    1.000   1.6    1.000  1.000     1    1    24   
  2 New Jersey                      29-15   0.745   0.9    0.769  0.720     2    4    25   
  3 Winnipeg                        29-15   0.730   0.7    0.719  0.740     5    3    26   
  4 Tampa Bay                       28-14   0.726   0.6    0.707  0.745     6    2    28   
  5 Toronto                         26-18   0.680   0.7    0.729  0.632     4    8    12   
  6 Seattle                         26-17   0.673   0.6    0.685  0.661     7    5    19   
  7 Dallas                          26-19   0.668   0.8    0.748  0.587     3    9    22   
  8 Carolina                        27-17   0.654   0.5    0.656  0.653     8    7    18   

                                           -------Rating----------------  ----Rank----            
Rank Team                            W-L     KRS    SRS    S-Ix   WRS       S    W    SOS
========================================================================================
  9 Vegas                           28-17   0.634   0.3    0.607  0.660     13   6    27   
 10 NY Rangers                      25-20   0.583   0.4    0.643  0.523     10   12   30   
 11 Washington                      24-22   0.572   0.4    0.649  0.496     9    16   13   
 12 Minnesota                       24-18   0.564   0.2    0.585  0.543     16   10   32   
 13 Edmonton                        24-21   0.559   0.3    0.609  0.509     12   13   21   
 14 Pittsburgh                      22-21   0.554   0.3    0.605  0.503     14   15   3    
 15 Colorado                        22-20   0.552   0.3    0.600  0.504     15   14   9    
 16 Buffalo                         21-21   0.535   0.3    0.618  0.452     11   17   16   

                                           -------Rating----------------  ----Rank----            
Rank Team                            W-L     KRS    SRS    S-Ix   WRS       S    W    SOS
========================================================================================
 17 Los Angeles                     25-21   0.513   -0.0   0.501  0.526     20   11   14   
 18 NY Islanders                    23-22   0.504   0.2    0.572  0.435     17   19   29   
 19 Calgary                         21-24   0.471   0.1    0.553  0.390     18   21   15   
 20 Florida                         21-24   0.452   -0.0   0.507  0.397     19   20   6    
 21 St Louis                        22-23   0.419   -0.4   0.401  0.437     24   18   11   
 22 Nashville                       20-23   0.405   -0.2   0.454  0.355     21   22   23   
 23 Ottawa                          19-24   0.385   -0.3   0.438  0.333     22   23   10   
 24 Detroit                         18-24   0.364   -0.3   0.419  0.308     23   24   17   

                                           -------Rating----------------  ----Rank----            
Rank Team                            W-L     KRS    SRS    S-Ix   WRS       S    W    SOS
========================================================================================
 25 Vancouver                       18-25   0.346   -0.4   0.390  0.302     26   25   8    
 26 Philadelphia                    18-26   0.338   -0.4   0.399  0.277     25   26   5    
 27 Montreal                        18-26   0.223   -1.1   0.200  0.247     29   27   20   
 28 Arizona                         13-30   0.165   -0.9   0.250  0.080     27   29   2    
 29 San Jose                        13-32   0.124   -0.9   0.249  0.000     28   32   31   
 30 Columbus                        13-30   0.104   -1.3   0.127  0.080     30   28   4    
 31 Chicago                         11-30   0.063   -1.4   0.104  0.021     31   31   7    
 32 Anaheim                         12-32   0.015   -1.7   0.000  0.029     32   30   1    
</div></pre>
</div>
<div class="tabbertab" title="Points Based">
<pre><div id=data>

                                           -------Rating----------------  ----Rank----            
Rank Team                            W-L     KRS    SRS    S-Ix   WRS       S    W    SOS
========================================================================================
  1 Boston                          34-9    1.000   1.6    1.000  1.000     1    1    24   
  2 New Jersey                      29-15   0.745   0.9    0.769  0.720     2    4    25   
  3 Dallas                          26-19   0.668   0.8    0.748  0.587     3    9    22   
  4 Toronto                         26-18   0.680   0.7    0.729  0.632     4    8    12   
  5 Winnipeg                        29-15   0.730   0.7    0.719  0.740     5    3    26   
  6 Tampa Bay                       28-14   0.726   0.6    0.707  0.745     6    2    28   
  7 Seattle                         26-17   0.673   0.6    0.685  0.661     7    5    19   
  8 Carolina                        27-17   0.654   0.5    0.656  0.653     8    7    18   

                                           -------Rating----------------  ----Rank----            
Rank Team                            W-L     KRS    SRS    S-Ix   WRS       S    W    SOS
========================================================================================
  9 Washington                      24-22   0.572   0.4    0.649  0.496     9    16   13   
 10 NY Rangers                      25-20   0.583   0.4    0.643  0.523     10   12   30   
 11 Buffalo                         21-21   0.535   0.3    0.618  0.452     11   17   16   
 12 Edmonton                        24-21   0.559   0.3    0.609  0.509     12   13   21   
 13 Vegas                           28-17   0.634   0.3    0.607  0.660     13   6    27   
 14 Pittsburgh                      22-21   0.554   0.3    0.605  0.503     14   15   3    
 15 Colorado                        22-20   0.552   0.3    0.600  0.504     15   14   9    
 16 Minnesota                       24-18   0.564   0.2    0.585  0.543     16   10   32   

                                           -------Rating----------------  ----Rank----            
Rank Team                            W-L     KRS    SRS    S-Ix   WRS       S    W    SOS
========================================================================================
 17 NY Islanders                    23-22   0.504   0.2    0.572  0.435     17   19   29   
 18 Calgary                         21-24   0.471   0.1    0.553  0.390     18   21   15   
 19 Florida                         21-24   0.452   -0.0   0.507  0.397     19   20   6    
 20 Los Angeles                     25-21   0.513   -0.0   0.501  0.526     20   11   14   
 21 Nashville                       20-23   0.405   -0.2   0.454  0.355     21   22   23   
 22 Ottawa                          19-24   0.385   -0.3   0.438  0.333     22   23   10   
 23 Detroit                         18-24   0.364   -0.3   0.419  0.308     23   24   17   
 24 St Louis                        22-23   0.419   -0.4   0.401  0.437     24   18   11   

                                           -------Rating----------------  ----Rank----            
Rank Team                            W-L     KRS    SRS    S-Ix   WRS       S    W    SOS
========================================================================================
 25 Philadelphia                    18-26   0.338   -0.4   0.399  0.277     25   26   5    
 26 Vancouver                       18-25   0.346   -0.4   0.390  0.302     26   25   8    
 27 Arizona                         13-30   0.165   -0.9   0.250  0.080     27   29   2    
 28 San Jose                        13-32   0.124   -0.9   0.249  0.000     28   32   31   
 29 Montreal                        18-26   0.223   -1.1   0.200  0.247     29   27   20   
 30 Columbus                        13-30   0.104   -1.3   0.127  0.080     30   28   4    
 31 Chicago                         11-30   0.063   -1.4   0.104  0.021     31   31   7    
 32 Anaheim                         12-32   0.015   -1.7   0.000  0.029     32   30   1    
</div></pre>
</div>
<div class="tabbertab" title="Wins Based">
<pre><div id=data>

                                           -------Rating----------------  ----Rank----            
Rank Team                            W-L     KRS    SRS    S-Ix   WRS       S    W    SOS
========================================================================================
  1 Boston                          34-9    1.000   1.6    1.000  1.000     1    1    24   
  2 Tampa Bay                       28-14   0.726   0.6    0.707  0.745     6    2    28   
  3 Winnipeg                        29-15   0.730   0.7    0.719  0.740     5    3    26   
  4 New Jersey                      29-15   0.745   0.9    0.769  0.720     2    4    25   
  5 Seattle                         26-17   0.673   0.6    0.685  0.661     7    5    19   
  6 Vegas                           28-17   0.634   0.3    0.607  0.660     13   6    27   
  7 Carolina                        27-17   0.654   0.5    0.656  0.653     8    7    18   
  8 Toronto                         26-18   0.680   0.7    0.729  0.632     4    8    12   

                                           -------Rating----------------  ----Rank----            
Rank Team                            W-L     KRS    SRS    S-Ix   WRS       S    W    SOS
========================================================================================
  9 Dallas                          26-19   0.668   0.8    0.748  0.587     3    9    22   
 10 Minnesota                       24-18   0.564   0.2    0.585  0.543     16   10   32   
 11 Los Angeles                     25-21   0.513   -0.0   0.501  0.526     20   11   14   
 12 NY Rangers                      25-20   0.583   0.4    0.643  0.523     10   12   30   
 13 Edmonton                        24-21   0.559   0.3    0.609  0.509     12   13   21   
 14 Colorado                        22-20   0.552   0.3    0.600  0.504     15   14   9    
 15 Pittsburgh                      22-21   0.554   0.3    0.605  0.503     14   15   3    
 16 Washington                      24-22   0.572   0.4    0.649  0.496     9    16   13   

                                           -------Rating----------------  ----Rank----            
Rank Team                            W-L     KRS    SRS    S-Ix   WRS       S    W    SOS
========================================================================================
 17 Buffalo                         21-21   0.535   0.3    0.618  0.452     11   17   16   
 18 St Louis                        22-23   0.419   -0.4   0.401  0.437     24   18   11   
 19 NY Islanders                    23-22   0.504   0.2    0.572  0.435     17   19   29   
 20 Florida                         21-24   0.452   -0.0   0.507  0.397     19   20   6    
 21 Calgary                         21-24   0.471   0.1    0.553  0.390     18   21   15   
 22 Nashville                       20-23   0.405   -0.2   0.454  0.355     21   22   23   
 23 Ottawa                          19-24   0.385   -0.3   0.438  0.333     22   23   10   
 24 Detroit                         18-24   0.364   -0.3   0.419  0.308     23   24   17   

                                           -------Rating----------------  ----Rank----            
Rank Team                            W-L     KRS    SRS    S-Ix   WRS       S    W    SOS
========================================================================================
 25 Vancouver                       18-25   0.346   -0.4   0.390  0.302     26   25   8    
 26 Philadelphia                    18-26   0.338   -0.4   0.399  0.277     25   26   5    
 27 Montreal                        18-26   0.223   -1.1   0.200  0.247     29   27   20   
 28 Columbus                        13-30   0.104   -1.3   0.127  0.080     30   28   4    
 29 Arizona                         13-30   0.165   -0.9   0.250  0.080     27   29   2    
 30 Anaheim                         12-32   0.015   -1.7   0.000  0.029     32   30   1    
 31 Chicago                         11-30   0.063   -1.4   0.104  0.021     31   31   7    
 32 San Jose                        13-32   0.124   -0.9   0.249  0.000     28   32   31   
</div></pre>
</div>
<div class="tabbertab" title="BCS">
<pre><div id=data>

                                           -------Rating----------------  ----Rank----            
Rank Team                            W-L     KRS    SRS    S-Ix   WRS       S    W    SOS
========================================================================================
  1 Boston                          34-9    1.000   1.6    1.000  1.000     1    1    24   
  2 New Jersey                      29-15   0.745   0.9    0.769  0.720     2    4    25   
  3 Winnipeg                        29-15   0.730   0.7    0.719  0.740     5    3    26   
  4 Tampa Bay                       28-14   0.726   0.6    0.707  0.745     6    2    28   
  5 Toronto                         26-18   0.680   0.7    0.729  0.632     4    8    12   
  6 Seattle                         26-17   0.673   0.6    0.685  0.661     7    5    19   
  7 Dallas                          26-19   0.668   0.8    0.748  0.587     3    9    22   
  8 Carolina                        27-17   0.654   0.5    0.656  0.653     8    7    18   

                                           -------Rating----------------  ----Rank----            
Rank Team                            W-L     KRS    SRS    S-Ix   WRS       S    W    SOS
========================================================================================
  9 Vegas                           28-17   0.634   0.3    0.607  0.660     13   6    27   
 10 NY Rangers                      25-20   0.583   0.4    0.643  0.523     10   12   30   
 11 Washington                      24-22   0.572   0.4    0.649  0.496     9    16   13   
 12 Minnesota                       24-18   0.564   0.2    0.585  0.543     16   10   32   
 13 Edmonton                        24-21   0.559   0.3    0.609  0.509     12   13   21   
 14 Pittsburgh                      22-21   0.554   0.3    0.605  0.503     14   15   3    
 15 Colorado                        22-20   0.552   0.3    0.600  0.504     15   14   9    
 16 Buffalo                         21-21   0.535   0.3    0.618  0.452     11   17   16   

                                           -------Rating----------------  ----Rank----            
Rank Team                            W-L     KRS    SRS    S-Ix   WRS       S    W    SOS
========================================================================================
 17 Los Angeles                     25-21   0.513   -0.0   0.501  0.526     20   11   14   
 18 NY Islanders                    23-22   0.504   0.2    0.572  0.435     17   19   29   
 19 Calgary                         21-24   0.471   0.1    0.553  0.390     18   21   15   
 20 Florida                         21-24   0.452   -0.0   0.507  0.397     19   20   6    
 21 St Louis                        22-23   0.419   -0.4   0.401  0.437     24   18   11   
 22 Nashville                       20-23   0.405   -0.2   0.454  0.355     21   22   23   
 23 Ottawa                          19-24   0.385   -0.3   0.438  0.333     22   23   10   
 24 Detroit                         18-24   0.364   -0.3   0.419  0.308     23   24   17   

                                           -------Rating----------------  ----Rank----            
Rank Team                            W-L     KRS    SRS    S-Ix   WRS       S    W    SOS
========================================================================================
 25 Vancouver                       18-25   0.346   -0.4   0.390  0.302     26   25   8    
 26 Philadelphia                    18-26   0.338   -0.4   0.399  0.277     25   26   5    
 27 Montreal                        18-26   0.223   -1.1   0.200  0.247     29   27   20   
 28 Arizona                         13-30   0.165   -0.9   0.250  0.080     27   29   2    
 29 San Jose                        13-32   0.124   -0.9   0.249  0.000     28   32   31   
 30 Columbus                        13-30   0.104   -1.3   0.127  0.080     30   28   4    
 31 Chicago                         11-30   0.063   -1.4   0.104  0.021     31   31   7    
 32 Anaheim                         12-32   0.015   -1.7   0.000  0.029     32   30   1    
</div></pre>
</div>
<div class="tabbertab" title="SOS">
<pre><div id=data>

                                           -------Rating----------------  ----Rank----            
Rank Team                            W-L     KRS    SRS    S-Ix   WRS       S    W    SOS
========================================================================================
  1 Anaheim                         12-32   0.015   -1.7   0.000  0.029     32   30   1    
  2 Arizona                         13-30   0.165   -0.9   0.250  0.080     27   29   2    
  3 Pittsburgh                      22-21   0.554   0.3    0.605  0.503     14   15   3    
  4 Columbus                        13-30   0.104   -1.3   0.127  0.080     30   28   4    
  5 Philadelphia                    18-26   0.338   -0.4   0.399  0.277     25   26   5    
  6 Florida                         21-24   0.452   -0.0   0.507  0.397     19   20   6    
  7 Chicago                         11-30   0.063   -1.4   0.104  0.021     31   31   7    
  8 Vancouver                       18-25   0.346   -0.4   0.390  0.302     26   25   8    

                                           -------Rating----------------  ----Rank----            
Rank Team                            W-L     KRS    SRS    S-Ix   WRS       S    W    SOS
========================================================================================
  9 Colorado                        22-20   0.552   0.3    0.600  0.504     15   14   9    
 10 Ottawa                          19-24   0.385   -0.3   0.438  0.333     22   23   10   
 11 St Louis                        22-23   0.419   -0.4   0.401  0.437     24   18   11   
 12 Toronto                         26-18   0.680   0.7    0.729  0.632     4    8    12   
 13 Washington                      24-22   0.572   0.4    0.649  0.496     9    16   13   
 14 Los Angeles                     25-21   0.513   -0.0   0.501  0.526     20   11   14   
 15 Calgary                         21-24   0.471   0.1    0.553  0.390     18   21   15   
 16 Buffalo                         21-21   0.535   0.3    0.618  0.452     11   17   16   

                                           -------Rating----------------  ----Rank----            
Rank Team                            W-L     KRS    SRS    S-Ix   WRS       S    W    SOS
========================================================================================
 17 Detroit                         18-24   0.364   -0.3   0.419  0.308     23   24   17   
 18 Carolina                        27-17   0.654   0.5    0.656  0.653     8    7    18   
 19 Seattle                         26-17   0.673   0.6    0.685  0.661     7    5    19   
 20 Montreal                        18-26   0.223   -1.1   0.200  0.247     29   27   20   
 21 Edmonton                        24-21   0.559   0.3    0.609  0.509     12   13   21   
 22 Dallas                          26-19   0.668   0.8    0.748  0.587     3    9    22   
 23 Nashville                       20-23   0.405   -0.2   0.454  0.355     21   22   23   
 24 Boston                          34-9    1.000   1.6    1.000  1.000     1    1    24   

                                           -------Rating----------------  ----Rank----            
Rank Team                            W-L     KRS    SRS    S-Ix   WRS       S    W    SOS
========================================================================================
 25 New Jersey                      29-15   0.745   0.9    0.769  0.720     2    4    25   
 26 Winnipeg                        29-15   0.730   0.7    0.719  0.740     5    3    26   
 27 Vegas                           28-17   0.634   0.3    0.607  0.660     13   6    27   
 28 Tampa Bay                       28-14   0.726   0.6    0.707  0.745     6    2    28   
 29 NY Islanders                    23-22   0.504   0.2    0.572  0.435     17   19   29   
 30 NY Rangers                      25-20   0.583   0.4    0.643  0.523     10   12   30   
 31 San Jose                        13-32   0.124   -0.9   0.249  0.000     28   32   31   
 32 Minnesota                       24-18   0.564   0.2    0.585  0.543     16   10   32   
</div></pre>
</div>
	</pre>
	</p>
	</span>
</body>
<body>
<h3>Other links</h3>
<h4>Pro</h4>
	<ul>
			<li class="listyle"><a href="https://2skupz.github.io/nflKpi.html"> NFL</a></li>
			<li class="listyle"><a href="https://2skupz.github.io/nbaKpi.html"> NBA</a></li>
			<li class="listyle"><a href="https://2skupz.github.io/nhlKpi.html"> NHL</a></li>
	</ul>
<h4>Football</h4>
	<ul>
			<li class="listyle"><a href="https://2skupz.github.io/fbD1Rankings.html"> Division I</a></li>
			<li class="listyle"><a href="https://2skupz.github.io/fbFBSRankings.html"> Division I - FBS</a></li>
			<li class="listyle"><a href="https://2skupz.github.io/fbFCSRankings.html"> Division I - FCS</a></li>
			<li class="listyle"><a href="https://2skupz.github.io/fbD2Rankings.html"> Division II</a></li>
			<li class="listyle"><a href="https://2skupz.github.io/fbD3Rankings.html"> Division III</a></li>
	</ul>
<h4>Baseball</h4>
	<ul>
			<li class="listyle"><a href="https://2skupz.github.io/mlbPlayoffOdds.html"> MLB Playoff Odds</a></li>
			<li class="listyle"><a href="https://2skupz.github.io/baseD1Rankings.html"> Division 1</a></li>
			<li class="listyle"><a href="https://2skupz.github.io/baseD1Rankings.html"> Division 2</a></li>
			<li class="listyle"><a href="https://2skupz.github.io/baseD1Rankings.html"> Division 3</a></li>
	</ul>
<h4>Men's College Basketball</h4>
	<ul>
			<li class="listyle"><a href="https://2skupz.github.io/d1MbbRankings.html"> Division 1</a></li>
			<li class="listyle"><a href="https://2skupz.github.io/d2MbbRankings.html"> Division 2</a></li>
			<li class="listyle"><a href="https://2skupz.github.io/d3MbbRankings.html"> Division 3</a></li>
			<li class="listyle"><a href="https://2skupz.github.io/uSportMbbRankings.html"> U Sports</a></li>
	</ul>
<h4>Women's College Basketball</h4>
	<ul>
			<li class="listyle"><a href="https://2skupz.github.io/d1WbbRankings.html"> Division 1</a></li>
			<li class="listyle"><a href="https://2skupz.github.io/d2WbbRankings.html"> Division 2</a></li>
			<li class="listyle"><a href="https://2skupz.github.io/d3WbbRankings.html"> Division 3</a></li>
			<li class="listyle"><a href="https://2skupz.github.io/uSportsWbbRankings.html"> U Sports</a></li>
	</ul>
</body>
