<html>
<head>
<!-- Global Site Tag (gtag.js) - Google Analytics -->
<title>2023 NHL Rankings</title>
<script type="text/javascript" src="tabber.js">
</script>
<link href="https://fonts.googleapis.com/css?family=Roboto+Slab|Droid+Sans+Mono" rel="stylesheet">
<style>
 body {
			font-family: "Roboto Slab", serif;
			font-size: 12px;
			}
#data {
			font-family: "Droid Sans Mono", serif;
			font-size: 13px;
		}
</style>
<link rel="stylesheet" href="tabbedPage.css" TYPE="text/css" MEDIA="screen">
</head>
<body bgcolor=#fbeec1>
<hr>
<table width=100%>
<tr><td align=left>
<h1 align="center">2023 NHL Rankings</h1>
</td>
</tr></table>
<p>
Standings through 03.02.23
<hr>
<center>
<table width=100% border=1><tr>
<td valign=top>
<div class="tabber">
<div class="tabbertab" title="Ken Power Index">
<pre><div id=data>

                                           -------Rating----------------  ----Rank----            
Rank Team                            W-L     KRS    SRS    S-Ix   WRS       S    W    SOS
========================================================================================
  1 Boston                          48-13   1.000   1.7    1.000  1.000     1    1    16   
  2 New Jersey                      40-20   0.744   0.9    0.739  0.748     2    2    23   
  3 Carolina                        39-20   0.724   0.8    0.710  0.739     3    3    20   
  4 Toronto                         38-24   0.671   0.7    0.697  0.645     4    4    24   
  5 Tampa Bay                       37-24   0.624   0.5    0.624  0.624     7    5    25   
  6 Colorado                        34-25   0.607   0.5    0.621  0.594     8    6    8    
  7 NY Rangers                      35-27   0.592   0.5    0.630  0.554     6    9    19   
  8 Vegas                           36-25   0.580   0.3    0.574  0.585     10   7    31   

                                           -------Rating----------------  ----Rank----            
Rank Team                            W-L     KRS    SRS    S-Ix   WRS       S    W    SOS
========================================================================================
  9 Dallas                          33-29   0.570   0.6    0.658  0.482     5    13   30   
 10 Winnipeg                        35-26   0.559   0.3    0.561  0.557     12   8    32   
 11 Seattle                         34-27   0.557   0.3    0.563  0.550     11   10   12   
 12 Edmonton                        33-29   0.544   0.4    0.608  0.479     9    14   29   
 13 Minnesota                       35-27   0.521   0.1    0.508  0.534     16   12   28   
 14 Los Angeles                     35-28   0.506   0.0    0.477  0.535     21   11   17   
 15 Pittsburgh                      31-30   0.493   0.1    0.519  0.468     14   15   3    
 16 Buffalo                         31-29   0.491   0.1    0.517  0.465     15   16   18   

                                           -------Rating----------------  ----Rank----            
Rank Team                            W-L     KRS    SRS    S-Ix   WRS       S    W    SOS
========================================================================================
 17 Ottawa                          31-30   0.470   0.1    0.491  0.449     17   17   14   
 18 NY Islanders                    31-33   0.468   0.2    0.526  0.411     13   19   7    
 19 Florida                         30-33   0.445   0.1    0.489  0.401     18   20   2    
 20 Washington                      30-33   0.437   0.1    0.489  0.386     19   21   10   
 21 Nashville                       30-29   0.429   -0.1   0.439  0.419     22   18   27   
 22 Calgary                         27-35   0.396   0.0    0.484  0.307     20   24   9    
 23 Detroit                         28-33   0.373   -0.2   0.399  0.347     23   22   13   
 24 St Louis                        27-34   0.311   -0.5   0.304  0.317     24   23   11   

                                           -------Rating----------------  ----Rank----            
Rank Team                            W-L     KRS    SRS    S-Ix   WRS       S    W    SOS
========================================================================================
 25 Vancouver                       24-37   0.267   -0.5   0.304  0.231     25   26   5    
 26 Montreal                        26-35   0.246   -0.8   0.220  0.273     27   25   15   
 27 Philadelphia                    23-39   0.234   -0.6   0.282  0.186     26   27   4    
 28 Arizona                         21-40   0.161   -0.8   0.212  0.111     28   28   21   
 29 Columbus                        20-41   0.131   -1.0   0.160  0.101     30   30   1    
 30 Chicago                         21-40   0.107   -1.2   0.109  0.106     31   29   22   
 31 San Jose                        18-44   0.105   -0.8   0.209  0.000     29   32   26   
 32 Anaheim                         20-42   0.039   -1.5   0.000  0.078     32   31   6    
</div></pre>
</div>
<div class="tabbertab" title="Points Based">
<pre><div id=data>

                                           -------Rating----------------  ----Rank----            
Rank Team                            W-L     KRS    SRS    S-Ix   WRS       S    W    SOS
========================================================================================
  1 Boston                          48-13   1.000   1.7    1.000  1.000     1    1    16   
  2 New Jersey                      40-20   0.744   0.9    0.739  0.748     2    2    23   
  3 Carolina                        39-20   0.724   0.8    0.710  0.739     3    3    20   
  4 Toronto                         38-24   0.671   0.7    0.697  0.645     4    4    24   
  5 Dallas                          33-29   0.570   0.6    0.658  0.482     5    13   30   
  6 NY Rangers                      35-27   0.592   0.5    0.630  0.554     6    9    19   
  7 Tampa Bay                       37-24   0.624   0.5    0.624  0.624     7    5    25   
  8 Colorado                        34-25   0.607   0.5    0.621  0.594     8    6    8    

                                           -------Rating----------------  ----Rank----            
Rank Team                            W-L     KRS    SRS    S-Ix   WRS       S    W    SOS
========================================================================================
  9 Edmonton                        33-29   0.544   0.4    0.608  0.479     9    14   29   
 10 Vegas                           36-25   0.580   0.3    0.574  0.585     10   7    31   
 11 Seattle                         34-27   0.557   0.3    0.563  0.550     11   10   12   
 12 Winnipeg                        35-26   0.559   0.3    0.561  0.557     12   8    32   
 13 NY Islanders                    31-33   0.468   0.2    0.526  0.411     13   19   7    
 14 Pittsburgh                      31-30   0.493   0.1    0.519  0.468     14   15   3    
 15 Buffalo                         31-29   0.491   0.1    0.517  0.465     15   16   18   
 16 Minnesota                       35-27   0.521   0.1    0.508  0.534     16   12   28   

                                           -------Rating----------------  ----Rank----            
Rank Team                            W-L     KRS    SRS    S-Ix   WRS       S    W    SOS
========================================================================================
 17 Ottawa                          31-30   0.470   0.1    0.491  0.449     17   17   14   
 18 Florida                         30-33   0.445   0.1    0.489  0.401     18   20   2    
 19 Washington                      30-33   0.437   0.1    0.489  0.386     19   21   10   
 20 Calgary                         27-35   0.396   0.0    0.484  0.307     20   24   9    
 21 Los Angeles                     35-28   0.506   0.0    0.477  0.535     21   11   17   
 22 Nashville                       30-29   0.429   -0.1   0.439  0.419     22   18   27   
 23 Detroit                         28-33   0.373   -0.2   0.399  0.347     23   22   13   
 24 St Louis                        27-34   0.311   -0.5   0.304  0.317     24   23   11   

                                           -------Rating----------------  ----Rank----            
Rank Team                            W-L     KRS    SRS    S-Ix   WRS       S    W    SOS
========================================================================================
 25 Vancouver                       24-37   0.267   -0.5   0.304  0.231     25   26   5    
 26 Philadelphia                    23-39   0.234   -0.6   0.282  0.186     26   27   4    
 27 Montreal                        26-35   0.246   -0.8   0.220  0.273     27   25   15   
 28 Arizona                         21-40   0.161   -0.8   0.212  0.111     28   28   21   
 29 San Jose                        18-44   0.105   -0.8   0.209  0.000     29   32   26   
 30 Columbus                        20-41   0.131   -1.0   0.160  0.101     30   30   1    
 31 Chicago                         21-40   0.107   -1.2   0.109  0.106     31   29   22   
 32 Anaheim                         20-42   0.039   -1.5   0.000  0.078     32   31   6    
</div></pre>
</div>
<div class="tabbertab" title="Wins Based">
<pre><div id=data>

                                           -------Rating----------------  ----Rank----            
Rank Team                            W-L     KRS    SRS    S-Ix   WRS       S    W    SOS
========================================================================================
  1 Boston                          48-13   1.000   1.7    1.000  1.000     1    1    16   
  2 New Jersey                      40-20   0.744   0.9    0.739  0.748     2    2    23   
  3 Carolina                        39-20   0.724   0.8    0.710  0.739     3    3    20   
  4 Toronto                         38-24   0.671   0.7    0.697  0.645     4    4    24   
  5 Tampa Bay                       37-24   0.624   0.5    0.624  0.624     7    5    25   
  6 Colorado                        34-25   0.607   0.5    0.621  0.594     8    6    8    
  7 Vegas                           36-25   0.580   0.3    0.574  0.585     10   7    31   
  8 Winnipeg                        35-26   0.559   0.3    0.561  0.557     12   8    32   

                                           -------Rating----------------  ----Rank----            
Rank Team                            W-L     KRS    SRS    S-Ix   WRS       S    W    SOS
========================================================================================
  9 NY Rangers                      35-27   0.592   0.5    0.630  0.554     6    9    19   
 10 Seattle                         34-27   0.557   0.3    0.563  0.550     11   10   12   
 11 Los Angeles                     35-28   0.506   0.0    0.477  0.535     21   11   17   
 12 Minnesota                       35-27   0.521   0.1    0.508  0.534     16   12   28   
 13 Dallas                          33-29   0.570   0.6    0.658  0.482     5    13   30   
 14 Edmonton                        33-29   0.544   0.4    0.608  0.479     9    14   29   
 15 Pittsburgh                      31-30   0.493   0.1    0.519  0.468     14   15   3    
 16 Buffalo                         31-29   0.491   0.1    0.517  0.465     15   16   18   

                                           -------Rating----------------  ----Rank----            
Rank Team                            W-L     KRS    SRS    S-Ix   WRS       S    W    SOS
========================================================================================
 17 Ottawa                          31-30   0.470   0.1    0.491  0.449     17   17   14   
 18 Nashville                       30-29   0.429   -0.1   0.439  0.419     22   18   27   
 19 NY Islanders                    31-33   0.468   0.2    0.526  0.411     13   19   7    
 20 Florida                         30-33   0.445   0.1    0.489  0.401     18   20   2    
 21 Washington                      30-33   0.437   0.1    0.489  0.386     19   21   10   
 22 Detroit                         28-33   0.373   -0.2   0.399  0.347     23   22   13   
 23 St Louis                        27-34   0.311   -0.5   0.304  0.317     24   23   11   
 24 Calgary                         27-35   0.396   0.0    0.484  0.307     20   24   9    

                                           -------Rating----------------  ----Rank----            
Rank Team                            W-L     KRS    SRS    S-Ix   WRS       S    W    SOS
========================================================================================
 25 Montreal                        26-35   0.246   -0.8   0.220  0.273     27   25   15   
 26 Vancouver                       24-37   0.267   -0.5   0.304  0.231     25   26   5    
 27 Philadelphia                    23-39   0.234   -0.6   0.282  0.186     26   27   4    
 28 Arizona                         21-40   0.161   -0.8   0.212  0.111     28   28   21   
 29 Chicago                         21-40   0.107   -1.2   0.109  0.106     31   29   22   
 30 Columbus                        20-41   0.131   -1.0   0.160  0.101     30   30   1    
 31 Anaheim                         20-42   0.039   -1.5   0.000  0.078     32   31   6    
 32 San Jose                        18-44   0.105   -0.8   0.209  0.000     29   32   26   
</div></pre>
</div>
<div class="tabbertab" title="BCS">
<pre><div id=data>

                                           -------Rating----------------  ----Rank----            
Rank Team                            W-L     KRS    SRS    S-Ix   WRS       S    W    SOS
========================================================================================
  1 Boston                          48-13   1.000   1.7    1.000  1.000     1    1    16   
  2 New Jersey                      40-20   0.744   0.9    0.739  0.748     2    2    23   
  3 Carolina                        39-20   0.724   0.8    0.710  0.739     3    3    20   
  4 Toronto                         38-24   0.671   0.7    0.697  0.645     4    4    24   
  5 Tampa Bay                       37-24   0.624   0.5    0.624  0.624     7    5    25   
  6 Colorado                        34-25   0.607   0.5    0.621  0.594     8    6    8    
  7 NY Rangers                      35-27   0.592   0.5    0.630  0.554     6    9    19   
  8 Vegas                           36-25   0.580   0.3    0.574  0.585     10   7    31   

                                           -------Rating----------------  ----Rank----            
Rank Team                            W-L     KRS    SRS    S-Ix   WRS       S    W    SOS
========================================================================================
  9 Dallas                          33-29   0.570   0.6    0.658  0.482     5    13   30   
 10 Winnipeg                        35-26   0.559   0.3    0.561  0.557     12   8    32   
 11 Seattle                         34-27   0.557   0.3    0.563  0.550     11   10   12   
 12 Edmonton                        33-29   0.544   0.4    0.608  0.479     9    14   29   
 13 Minnesota                       35-27   0.521   0.1    0.508  0.534     16   12   28   
 14 Los Angeles                     35-28   0.506   0.0    0.477  0.535     21   11   17   
 15 Pittsburgh                      31-30   0.493   0.1    0.519  0.468     14   15   3    
 16 Buffalo                         31-29   0.491   0.1    0.517  0.465     15   16   18   

                                           -------Rating----------------  ----Rank----            
Rank Team                            W-L     KRS    SRS    S-Ix   WRS       S    W    SOS
========================================================================================
 17 Ottawa                          31-30   0.470   0.1    0.491  0.449     17   17   14   
 18 NY Islanders                    31-33   0.468   0.2    0.526  0.411     13   19   7    
 19 Florida                         30-33   0.445   0.1    0.489  0.401     18   20   2    
 20 Washington                      30-33   0.437   0.1    0.489  0.386     19   21   10   
 21 Nashville                       30-29   0.429   -0.1   0.439  0.419     22   18   27   
 22 Calgary                         27-35   0.396   0.0    0.484  0.307     20   24   9    
 23 Detroit                         28-33   0.373   -0.2   0.399  0.347     23   22   13   
 24 St Louis                        27-34   0.311   -0.5   0.304  0.317     24   23   11   

                                           -------Rating----------------  ----Rank----            
Rank Team                            W-L     KRS    SRS    S-Ix   WRS       S    W    SOS
========================================================================================
 25 Vancouver                       24-37   0.267   -0.5   0.304  0.231     25   26   5    
 26 Montreal                        26-35   0.246   -0.8   0.220  0.273     27   25   15   
 27 Philadelphia                    23-39   0.234   -0.6   0.282  0.186     26   27   4    
 28 Arizona                         21-40   0.161   -0.8   0.212  0.111     28   28   21   
 29 Columbus                        20-41   0.131   -1.0   0.160  0.101     30   30   1    
 30 Chicago                         21-40   0.107   -1.2   0.109  0.106     31   29   22   
 31 San Jose                        18-44   0.105   -0.8   0.209  0.000     29   32   26   
 32 Anaheim                         20-42   0.039   -1.5   0.000  0.078     32   31   6    
</div></pre>
</div>
<div class="tabbertab" title="SOS">
<pre><div id=data>

                                           -------Rating----------------  ----Rank----            
Rank Team                            W-L     KRS    SRS    S-Ix   WRS       S    W    SOS
========================================================================================
  1 Columbus                        20-41   0.131   -1.0   0.160  0.101     30   30   1    
  2 Florida                         30-33   0.445   0.1    0.489  0.401     18   20   2    
  3 Pittsburgh                      31-30   0.493   0.1    0.519  0.468     14   15   3    
  4 Philadelphia                    23-39   0.234   -0.6   0.282  0.186     26   27   4    
  5 Vancouver                       24-37   0.267   -0.5   0.304  0.231     25   26   5    
  6 Anaheim                         20-42   0.039   -1.5   0.000  0.078     32   31   6    
  7 NY Islanders                    31-33   0.468   0.2    0.526  0.411     13   19   7    
  8 Colorado                        34-25   0.607   0.5    0.621  0.594     8    6    8    

                                           -------Rating----------------  ----Rank----            
Rank Team                            W-L     KRS    SRS    S-Ix   WRS       S    W    SOS
========================================================================================
  9 Calgary                         27-35   0.396   0.0    0.484  0.307     20   24   9    
 10 Washington                      30-33   0.437   0.1    0.489  0.386     19   21   10   
 11 St Louis                        27-34   0.311   -0.5   0.304  0.317     24   23   11   
 12 Seattle                         34-27   0.557   0.3    0.563  0.550     11   10   12   
 13 Detroit                         28-33   0.373   -0.2   0.399  0.347     23   22   13   
 14 Ottawa                          31-30   0.470   0.1    0.491  0.449     17   17   14   
 15 Montreal                        26-35   0.246   -0.8   0.220  0.273     27   25   15   
 16 Boston                          48-13   1.000   1.7    1.000  1.000     1    1    16   

                                           -------Rating----------------  ----Rank----            
Rank Team                            W-L     KRS    SRS    S-Ix   WRS       S    W    SOS
========================================================================================
 17 Los Angeles                     35-28   0.506   0.0    0.477  0.535     21   11   17   
 18 Buffalo                         31-29   0.491   0.1    0.517  0.465     15   16   18   
 19 NY Rangers                      35-27   0.592   0.5    0.630  0.554     6    9    19   
 20 Carolina                        39-20   0.724   0.8    0.710  0.739     3    3    20   
 21 Arizona                         21-40   0.161   -0.8   0.212  0.111     28   28   21   
 22 Chicago                         21-40   0.107   -1.2   0.109  0.106     31   29   22   
 23 New Jersey                      40-20   0.744   0.9    0.739  0.748     2    2    23   
 24 Toronto                         38-24   0.671   0.7    0.697  0.645     4    4    24   

                                           -------Rating----------------  ----Rank----            
Rank Team                            W-L     KRS    SRS    S-Ix   WRS       S    W    SOS
========================================================================================
 25 Tampa Bay                       37-24   0.624   0.5    0.624  0.624     7    5    25   
 26 San Jose                        18-44   0.105   -0.8   0.209  0.000     29   32   26   
 27 Nashville                       30-29   0.429   -0.1   0.439  0.419     22   18   27   
 28 Minnesota                       35-27   0.521   0.1    0.508  0.534     16   12   28   
 29 Edmonton                        33-29   0.544   0.4    0.608  0.479     9    14   29   
 30 Dallas                          33-29   0.570   0.6    0.658  0.482     5    13   30   
 31 Vegas                           36-25   0.580   0.3    0.574  0.585     10   7    31   
 32 Winnipeg                        35-26   0.559   0.3    0.561  0.557     12   8    32   
</div></pre>
</div>
	</pre>
	</p>
	</span>
</body>
<body>
<h3>Other links</h3>
<h4>Home</h4>
	<ul>
			<li class="listyle"><a href="https://2skupz.github.io/index.html"> Index</a></li>
	</ul>
</body>
