<html>
<head>
<!-- Global Site Tag (gtag.js) - Google Analytics -->
<title>2023 NHL Rankings</title>
<script type="text/javascript" src="tabber.js">
</script>
<link href="https://fonts.googleapis.com/css?family=Roboto+Slab|Droid+Sans+Mono" rel="stylesheet">
<style>
 body {
			font-family: "Roboto Slab", serif;
			font-size: 12px;
			}
#data {
			font-family: "Droid Sans Mono", serif;
			font-size: 13px;
		}
</style>
<link rel="stylesheet" href="tabbedPage.css" TYPE="text/css" MEDIA="screen">
</head>
<body bgcolor=#fbeec1>
<hr>
<table width=100%>
<tr><td align=left>
<h1 align="center">2023 NHL Rankings</h1>
</td>
</tr></table>
<p>
Standings through 04.08.23
<hr>
<center>
<table width=100% border=1><tr>
<td valign=top>
<div class="tabber">
<div class="tabbertab" title="Ken Power Index">
<pre><div id=data>

                                           -------Rating----------------  ----Rank----            
Rank Team                            W-L     KRS    SRS    S-Ix   WRS       S    W    SOS
========================================================================================
  1 Boston                          62-17   1.000   1.5    1.000  1.000     1    1    17   
  2 New Jersey                      50-30   0.715   0.8    0.746  0.685     2    3    14   
  3 Carolina                        50-29   0.704   0.6    0.708  0.701     7    2    9    
  4 Colorado                        48-30   0.674   0.6    0.698  0.650     8    4    28   
  5 Toronto                         47-32   0.671   0.7    0.719  0.624     6    6    20   
  6 Edmonton                        47-32   0.671   0.7    0.728  0.614     4    7    29   
  7 NY Rangers                      46-33   0.663   0.7    0.730  0.597     3    8    22   
  8 Vegas                           49-31   0.641   0.4    0.640  0.641     9    5    30   

                                           -------Rating----------------  ----Rank----            
Rank Team                            W-L     KRS    SRS    S-Ix   WRS       S    W    SOS
========================================================================================
  9 Dallas                          44-35   0.630   0.7    0.722  0.538     5    14   32   
 10 Tampa Bay                       45-34   0.598   0.4    0.618  0.577     11   9    16   
 11 Seattle                         45-34   0.596   0.4    0.630  0.561     10   10   31   
 12 Minnesota                       45-34   0.569   0.2    0.579  0.559     14   11   25   
 13 Los Angeles                     45-35   0.568   0.2    0.577  0.559     15   12   15   
 14 Winnipeg                        44-34   0.562   0.2    0.571  0.553     16   13   27   
 15 Florida                         42-38   0.541   0.3    0.589  0.494     13   15   8    
 16 NY Islanders                    41-39   0.530   0.3    0.594  0.465     12   16   12   

                                           -------Rating----------------  ----Rank----            
Rank Team                            W-L     KRS    SRS    S-Ix   WRS       S    W    SOS
========================================================================================
 17 Pittsburgh                      40-40   0.493   0.1    0.532  0.455     17   17   2    
 18 Buffalo                         39-39   0.474   -0.0   0.497  0.450     19   18   4    
 19 Nashville                       40-39   0.446   -0.2   0.453  0.439     22   19   23   
 20 Ottawa                          38-42   0.435   -0.1   0.473  0.397     20   20   6    
 21 Calgary                         36-43   0.425   0.0    0.509  0.341     18   23   26   
 22 Washington                      34-45   0.381   -0.1   0.464  0.298     21   25   18   
 23 Vancouver                       36-43   0.378   -0.3   0.413  0.343     23   22   21   
 24 Detroit                         35-44   0.365   -0.3   0.402  0.329     24   24   11   

                                           -------Rating----------------  ----Rank----            
Rank Team                            W-L     KRS    SRS    S-Ix   WRS       S    W    SOS
========================================================================================
 25 St Louis                        37-43   0.356   -0.5   0.356  0.356     25   21   24   
 26 Philadelphia                    29-50   0.245   -0.6   0.299  0.191     26   27   3    
 27 Montreal                        31-49   0.225   -0.9   0.227  0.223     28   26   5    
 28 Arizona                         28-52   0.189   -0.8   0.235  0.142     27   28   13   
 29 Chicago                         25-54   0.096   -1.2   0.114  0.079     30   29   7    
 30 San Jose                        22-57   0.091   -1.0   0.182  0.000     29   32   19   
 31 Columbus                        24-55   0.069   -1.3   0.070  0.068     31   30   1    
 32 Anaheim                         23-55   0.014   -1.6   0.000  0.028     32   31   10   
</div></pre>
</div>
<div class="tabbertab" title="Points Based">
<pre><div id=data>

                                           -------Rating----------------  ----Rank----            
Rank Team                            W-L     KRS    SRS    S-Ix   WRS       S    W    SOS
========================================================================================
  1 Boston                          62-17   1.000   1.5    1.000  1.000     1    1    17   
  2 New Jersey                      50-30   0.715   0.8    0.746  0.685     2    3    14   
  3 NY Rangers                      46-33   0.663   0.7    0.730  0.597     3    8    22   
  4 Edmonton                        47-32   0.671   0.7    0.728  0.614     4    7    29   
  5 Dallas                          44-35   0.630   0.7    0.722  0.538     5    14   32   
  6 Toronto                         47-32   0.671   0.7    0.719  0.624     6    6    20   
  7 Carolina                        50-29   0.704   0.6    0.708  0.701     7    2    9    
  8 Colorado                        48-30   0.674   0.6    0.698  0.650     8    4    28   

                                           -------Rating----------------  ----Rank----            
Rank Team                            W-L     KRS    SRS    S-Ix   WRS       S    W    SOS
========================================================================================
  9 Vegas                           49-31   0.641   0.4    0.640  0.641     9    5    30   
 10 Seattle                         45-34   0.596   0.4    0.630  0.561     10   10   31   
 11 Tampa Bay                       45-34   0.598   0.4    0.618  0.577     11   9    16   
 12 NY Islanders                    41-39   0.530   0.3    0.594  0.465     12   16   12   
 13 Florida                         42-38   0.541   0.3    0.589  0.494     13   15   8    
 14 Minnesota                       45-34   0.569   0.2    0.579  0.559     14   11   25   
 15 Los Angeles                     45-35   0.568   0.2    0.577  0.559     15   12   15   
 16 Winnipeg                        44-34   0.562   0.2    0.571  0.553     16   13   27   

                                           -------Rating----------------  ----Rank----            
Rank Team                            W-L     KRS    SRS    S-Ix   WRS       S    W    SOS
========================================================================================
 17 Pittsburgh                      40-40   0.493   0.1    0.532  0.455     17   17   2    
 18 Calgary                         36-43   0.425   0.0    0.509  0.341     18   23   26   
 19 Buffalo                         39-39   0.474   -0.0   0.497  0.450     19   18   4    
 20 Ottawa                          38-42   0.435   -0.1   0.473  0.397     20   20   6    
 21 Washington                      34-45   0.381   -0.1   0.464  0.298     21   25   18   
 22 Nashville                       40-39   0.446   -0.2   0.453  0.439     22   19   23   
 23 Vancouver                       36-43   0.378   -0.3   0.413  0.343     23   22   21   
 24 Detroit                         35-44   0.365   -0.3   0.402  0.329     24   24   11   

                                           -------Rating----------------  ----Rank----            
Rank Team                            W-L     KRS    SRS    S-Ix   WRS       S    W    SOS
========================================================================================
 25 St Louis                        37-43   0.356   -0.5   0.356  0.356     25   21   24   
 26 Philadelphia                    29-50   0.245   -0.6   0.299  0.191     26   27   3    
 27 Arizona                         28-52   0.189   -0.8   0.235  0.142     27   28   13   
 28 Montreal                        31-49   0.225   -0.9   0.227  0.223     28   26   5    
 29 San Jose                        22-57   0.091   -1.0   0.182  0.000     29   32   19   
 30 Chicago                         25-54   0.096   -1.2   0.114  0.079     30   29   7    
 31 Columbus                        24-55   0.069   -1.3   0.070  0.068     31   30   1    
 32 Anaheim                         23-55   0.014   -1.6   0.000  0.028     32   31   10   
</div></pre>
</div>
<div class="tabbertab" title="Wins Based">
<pre><div id=data>

                                           -------Rating----------------  ----Rank----            
Rank Team                            W-L     KRS    SRS    S-Ix   WRS       S    W    SOS
========================================================================================
  1 Boston                          62-17   1.000   1.5    1.000  1.000     1    1    17   
  2 Carolina                        50-29   0.704   0.6    0.708  0.701     7    2    9    
  3 New Jersey                      50-30   0.715   0.8    0.746  0.685     2    3    14   
  4 Colorado                        48-30   0.674   0.6    0.698  0.650     8    4    28   
  5 Vegas                           49-31   0.641   0.4    0.640  0.641     9    5    30   
  6 Toronto                         47-32   0.671   0.7    0.719  0.624     6    6    20   
  7 Edmonton                        47-32   0.671   0.7    0.728  0.614     4    7    29   
  8 NY Rangers                      46-33   0.663   0.7    0.730  0.597     3    8    22   

                                           -------Rating----------------  ----Rank----            
Rank Team                            W-L     KRS    SRS    S-Ix   WRS       S    W    SOS
========================================================================================
  9 Tampa Bay                       45-34   0.598   0.4    0.618  0.577     11   9    16   
 10 Seattle                         45-34   0.596   0.4    0.630  0.561     10   10   31   
 11 Minnesota                       45-34   0.569   0.2    0.579  0.559     14   11   25   
 12 Los Angeles                     45-35   0.568   0.2    0.577  0.559     15   12   15   
 13 Winnipeg                        44-34   0.562   0.2    0.571  0.553     16   13   27   
 14 Dallas                          44-35   0.630   0.7    0.722  0.538     5    14   32   
 15 Florida                         42-38   0.541   0.3    0.589  0.494     13   15   8    
 16 NY Islanders                    41-39   0.530   0.3    0.594  0.465     12   16   12   

                                           -------Rating----------------  ----Rank----            
Rank Team                            W-L     KRS    SRS    S-Ix   WRS       S    W    SOS
========================================================================================
 17 Pittsburgh                      40-40   0.493   0.1    0.532  0.455     17   17   2    
 18 Buffalo                         39-39   0.474   -0.0   0.497  0.450     19   18   4    
 19 Nashville                       40-39   0.446   -0.2   0.453  0.439     22   19   23   
 20 Ottawa                          38-42   0.435   -0.1   0.473  0.397     20   20   6    
 21 St Louis                        37-43   0.356   -0.5   0.356  0.356     25   21   24   
 22 Vancouver                       36-43   0.378   -0.3   0.413  0.343     23   22   21   
 23 Calgary                         36-43   0.425   0.0    0.509  0.341     18   23   26   
 24 Detroit                         35-44   0.365   -0.3   0.402  0.329     24   24   11   

                                           -------Rating----------------  ----Rank----            
Rank Team                            W-L     KRS    SRS    S-Ix   WRS       S    W    SOS
========================================================================================
 25 Washington                      34-45   0.381   -0.1   0.464  0.298     21   25   18   
 26 Montreal                        31-49   0.225   -0.9   0.227  0.223     28   26   5    
 27 Philadelphia                    29-50   0.245   -0.6   0.299  0.191     26   27   3    
 28 Arizona                         28-52   0.189   -0.8   0.235  0.142     27   28   13   
 29 Chicago                         25-54   0.096   -1.2   0.114  0.079     30   29   7    
 30 Columbus                        24-55   0.069   -1.3   0.070  0.068     31   30   1    
 31 Anaheim                         23-55   0.014   -1.6   0.000  0.028     32   31   10   
 32 San Jose                        22-57   0.091   -1.0   0.182  0.000     29   32   19   
</div></pre>
</div>
<div class="tabbertab" title="BCS">
<pre><div id=data>

                                           -------Rating----------------  ----Rank----            
Rank Team                            W-L     KRS    SRS    S-Ix   WRS       S    W    SOS
========================================================================================
  1 Boston                          62-17   1.000   1.5    1.000  1.000     1    1    17   
  2 New Jersey                      50-30   0.715   0.8    0.746  0.685     2    3    14   
  3 Carolina                        50-29   0.704   0.6    0.708  0.701     7    2    9    
  4 Colorado                        48-30   0.674   0.6    0.698  0.650     8    4    28   
  5 Toronto                         47-32   0.671   0.7    0.719  0.624     6    6    20   
  6 Edmonton                        47-32   0.671   0.7    0.728  0.614     4    7    29   
  7 NY Rangers                      46-33   0.663   0.7    0.730  0.597     3    8    22   
  8 Vegas                           49-31   0.641   0.4    0.640  0.641     9    5    30   

                                           -------Rating----------------  ----Rank----            
Rank Team                            W-L     KRS    SRS    S-Ix   WRS       S    W    SOS
========================================================================================
  9 Dallas                          44-35   0.630   0.7    0.722  0.538     5    14   32   
 10 Tampa Bay                       45-34   0.598   0.4    0.618  0.577     11   9    16   
 11 Seattle                         45-34   0.596   0.4    0.630  0.561     10   10   31   
 12 Minnesota                       45-34   0.569   0.2    0.579  0.559     14   11   25   
 13 Los Angeles                     45-35   0.568   0.2    0.577  0.559     15   12   15   
 14 Winnipeg                        44-34   0.562   0.2    0.571  0.553     16   13   27   
 15 Florida                         42-38   0.541   0.3    0.589  0.494     13   15   8    
 16 NY Islanders                    41-39   0.530   0.3    0.594  0.465     12   16   12   

                                           -------Rating----------------  ----Rank----            
Rank Team                            W-L     KRS    SRS    S-Ix   WRS       S    W    SOS
========================================================================================
 17 Pittsburgh                      40-40   0.493   0.1    0.532  0.455     17   17   2    
 18 Buffalo                         39-39   0.474   -0.0   0.497  0.450     19   18   4    
 19 Nashville                       40-39   0.446   -0.2   0.453  0.439     22   19   23   
 20 Ottawa                          38-42   0.435   -0.1   0.473  0.397     20   20   6    
 21 Calgary                         36-43   0.425   0.0    0.509  0.341     18   23   26   
 22 Washington                      34-45   0.381   -0.1   0.464  0.298     21   25   18   
 23 Vancouver                       36-43   0.378   -0.3   0.413  0.343     23   22   21   
 24 Detroit                         35-44   0.365   -0.3   0.402  0.329     24   24   11   

                                           -------Rating----------------  ----Rank----            
Rank Team                            W-L     KRS    SRS    S-Ix   WRS       S    W    SOS
========================================================================================
 25 St Louis                        37-43   0.356   -0.5   0.356  0.356     25   21   24   
 26 Philadelphia                    29-50   0.245   -0.6   0.299  0.191     26   27   3    
 27 Montreal                        31-49   0.225   -0.9   0.227  0.223     28   26   5    
 28 Arizona                         28-52   0.189   -0.8   0.235  0.142     27   28   13   
 29 Chicago                         25-54   0.096   -1.2   0.114  0.079     30   29   7    
 30 San Jose                        22-57   0.091   -1.0   0.182  0.000     29   32   19   
 31 Columbus                        24-55   0.069   -1.3   0.070  0.068     31   30   1    
 32 Anaheim                         23-55   0.014   -1.6   0.000  0.028     32   31   10   
</div></pre>
</div>
<div class="tabbertab" title="SOS">
<pre><div id=data>

                                           -------Rating----------------  ----Rank----            
Rank Team                            W-L     KRS    SRS    S-Ix   WRS       S    W    SOS
========================================================================================
  1 Columbus                        24-55   0.069   -1.3   0.070  0.068     31   30   1    
  2 Pittsburgh                      40-40   0.493   0.1    0.532  0.455     17   17   2    
  3 Philadelphia                    29-50   0.245   -0.6   0.299  0.191     26   27   3    
  4 Buffalo                         39-39   0.474   -0.0   0.497  0.450     19   18   4    
  5 Montreal                        31-49   0.225   -0.9   0.227  0.223     28   26   5    
  6 Ottawa                          38-42   0.435   -0.1   0.473  0.397     20   20   6    
  7 Chicago                         25-54   0.096   -1.2   0.114  0.079     30   29   7    
  8 Florida                         42-38   0.541   0.3    0.589  0.494     13   15   8    

                                           -------Rating----------------  ----Rank----            
Rank Team                            W-L     KRS    SRS    S-Ix   WRS       S    W    SOS
========================================================================================
  9 Carolina                        50-29   0.704   0.6    0.708  0.701     7    2    9    
 10 Anaheim                         23-55   0.014   -1.6   0.000  0.028     32   31   10   
 11 Detroit                         35-44   0.365   -0.3   0.402  0.329     24   24   11   
 12 NY Islanders                    41-39   0.530   0.3    0.594  0.465     12   16   12   
 13 Arizona                         28-52   0.189   -0.8   0.235  0.142     27   28   13   
 14 New Jersey                      50-30   0.715   0.8    0.746  0.685     2    3    14   
 15 Los Angeles                     45-35   0.568   0.2    0.577  0.559     15   12   15   
 16 Tampa Bay                       45-34   0.598   0.4    0.618  0.577     11   9    16   

                                           -------Rating----------------  ----Rank----            
Rank Team                            W-L     KRS    SRS    S-Ix   WRS       S    W    SOS
========================================================================================
 17 Boston                          62-17   1.000   1.5    1.000  1.000     1    1    17   
 18 Washington                      34-45   0.381   -0.1   0.464  0.298     21   25   18   
 19 San Jose                        22-57   0.091   -1.0   0.182  0.000     29   32   19   
 20 Toronto                         47-32   0.671   0.7    0.719  0.624     6    6    20   
 21 Vancouver                       36-43   0.378   -0.3   0.413  0.343     23   22   21   
 22 NY Rangers                      46-33   0.663   0.7    0.730  0.597     3    8    22   
 23 Nashville                       40-39   0.446   -0.2   0.453  0.439     22   19   23   
 24 St Louis                        37-43   0.356   -0.5   0.356  0.356     25   21   24   

                                           -------Rating----------------  ----Rank----            
Rank Team                            W-L     KRS    SRS    S-Ix   WRS       S    W    SOS
========================================================================================
 25 Minnesota                       45-34   0.569   0.2    0.579  0.559     14   11   25   
 26 Calgary                         36-43   0.425   0.0    0.509  0.341     18   23   26   
 27 Winnipeg                        44-34   0.562   0.2    0.571  0.553     16   13   27   
 28 Colorado                        48-30   0.674   0.6    0.698  0.650     8    4    28   
 29 Edmonton                        47-32   0.671   0.7    0.728  0.614     4    7    29   
 30 Vegas                           49-31   0.641   0.4    0.640  0.641     9    5    30   
 31 Seattle                         45-34   0.596   0.4    0.630  0.561     10   10   31   
 32 Dallas                          44-35   0.630   0.7    0.722  0.538     5    14   32   
</div></pre>
</div>
	</pre>
	</p>
	</span>
</body>
<body>
<h3>Other links</h3>
<h4>Home</h4>
	<ul>
			<li class="listyle"><a href="https://2skupz.github.io/index.html"> Index</a></li>
	</ul>
</body>
