<html>
<head>
<!-- Global Site Tag (gtag.js) - Google Analytics -->
<title>2023 NHL Rankings</title>
<script type="text/javascript" src="tabber.js">
</script>
<link href="https://fonts.googleapis.com/css?family=Roboto+Slab|Droid+Sans+Mono" rel="stylesheet">
<style>
 body {
			font-family: "Roboto Slab", serif;
			font-size: 12px;
			}
#data {
			font-family: "Droid Sans Mono", serif;
			font-size: 13px;
		}
</style>
<link rel="stylesheet" href="tabbedPage.css" TYPE="text/css" MEDIA="screen">
</head>
<body bgcolor=#fbeec1>
<hr>
<table width=100%>
<tr><td align=left>
<h1 align="center">2023 NHL Rankings</h1>
</td>
</tr></table>
<p>
Standings through 03.01.23
<hr>
<center>
<table width=100% border=1><tr>
<td valign=top>
<div class="tabber">
<div class="tabbertab" title="Ken Power Index">
<pre><div id=data>

                                           -------Rating----------------  ----Rank----            
Rank Team                            W-L     KRS    SRS    S-Ix   WRS       S    W    SOS
========================================================================================
  1 Boston                          47-13   1.000   1.6    1.000  1.000     1    1    16   
  2 New Jersey                      40-20   0.753   0.9    0.755  0.751     2    2    21   
  3 Carolina                        39-20   0.733   0.8    0.726  0.741     3    3    19   
  4 Toronto                         37-24   0.673   0.7    0.711  0.635     4    5    24   
  5 Tampa Bay                       37-23   0.645   0.5    0.646  0.645     7    4    25   
  6 NY Rangers                      35-26   0.614   0.5    0.657  0.572     6    8    18   
  7 Colorado                        34-25   0.614   0.5    0.634  0.594     8    6    8    
  8 Vegas                           36-25   0.586   0.3    0.587  0.584     10   7    31   

                                           -------Rating----------------  ----Rank----            
Rank Team                            W-L     KRS    SRS    S-Ix   WRS       S    W    SOS
========================================================================================
  9 Dallas                          32-29   0.568   0.6    0.666  0.469     5    15   27   
 10 Winnipeg                        35-26   0.564   0.3    0.573  0.555     11   9    32   
 11 Seattle                         33-27   0.555   0.3    0.573  0.537     12   10   11   
 12 Edmonton                        33-29   0.549   0.4    0.622  0.477     9    13   30   
 13 Minnesota                       34-27   0.519   0.1    0.518  0.521     16   11   28   
 14 Buffalo                         31-28   0.511   0.2    0.552  0.471     13   14   23   
 15 Los Angeles                     34-28   0.504   0.0    0.487  0.521     21   12   12   
 16 Pittsburgh                      30-30   0.485   0.1    0.524  0.446     15   16   5    

                                           -------Rating----------------  ----Rank----            
Rank Team                            W-L     KRS    SRS    S-Ix   WRS       S    W    SOS
========================================================================================
 17 NY Islanders                    31-33   0.472   0.2    0.537  0.407     14   19   7    
 18 Florida                         30-32   0.460   0.1    0.506  0.414     17   18   2    
 19 Ottawa                          30-30   0.458   0.0    0.489  0.428     20   17   17   
 20 Washington                      30-33   0.441   0.1    0.499  0.382     18   21   10   
 21 Nashville                       29-29   0.420   -0.1   0.442  0.398     22   20   29   
 22 Calgary                         27-34   0.405   0.0    0.497  0.313     19   23   13   
 23 Detroit                         28-32   0.384   -0.2   0.411  0.357     23   22   14   
 24 St Louis                        26-34   0.298   -0.6   0.297  0.300     25   24   9    

                                           -------Rating----------------  ----Rank----            
Rank Team                            W-L     KRS    SRS    S-Ix   WRS       S    W    SOS
========================================================================================
 25 Vancouver                       24-36   0.275   -0.5   0.313  0.236     24   26   4    
 26 Montreal                        26-34   0.252   -0.8   0.225  0.279     28   25   15   
 27 Philadelphia                    23-39   0.233   -0.6   0.288  0.178     26   27   3    
 28 Arizona                         21-40   0.159   -0.8   0.216  0.101     29   29   20   
 29 Columbus                        20-41   0.128   -1.0   0.164  0.093     30   30   1    
 30 San Jose                        18-43   0.114   -0.8   0.228  0.000     27   32   26   
 31 Chicago                         21-39   0.112   -1.1   0.118  0.107     31   28   22   
 32 Anaheim                         20-42   0.034   -1.5   0.000  0.067     32   31   6    
</div></pre>
</div>
<div class="tabbertab" title="Points Based">
<pre><div id=data>

                                           -------Rating----------------  ----Rank----            
Rank Team                            W-L     KRS    SRS    S-Ix   WRS       S    W    SOS
========================================================================================
  1 Boston                          47-13   1.000   1.6    1.000  1.000     1    1    16   
  2 New Jersey                      40-20   0.753   0.9    0.755  0.751     2    2    21   
  3 Carolina                        39-20   0.733   0.8    0.726  0.741     3    3    19   
  4 Toronto                         37-24   0.673   0.7    0.711  0.635     4    5    24   
  5 Dallas                          32-29   0.568   0.6    0.666  0.469     5    15   27   
  6 NY Rangers                      35-26   0.614   0.5    0.657  0.572     6    8    18   
  7 Tampa Bay                       37-23   0.645   0.5    0.646  0.645     7    4    25   
  8 Colorado                        34-25   0.614   0.5    0.634  0.594     8    6    8    

                                           -------Rating----------------  ----Rank----            
Rank Team                            W-L     KRS    SRS    S-Ix   WRS       S    W    SOS
========================================================================================
  9 Edmonton                        33-29   0.549   0.4    0.622  0.477     9    13   30   
 10 Vegas                           36-25   0.586   0.3    0.587  0.584     10   7    31   
 11 Winnipeg                        35-26   0.564   0.3    0.573  0.555     11   9    32   
 12 Seattle                         33-27   0.555   0.3    0.573  0.537     12   10   11   
 13 Buffalo                         31-28   0.511   0.2    0.552  0.471     13   14   23   
 14 NY Islanders                    31-33   0.472   0.2    0.537  0.407     14   19   7    
 15 Pittsburgh                      30-30   0.485   0.1    0.524  0.446     15   16   5    
 16 Minnesota                       34-27   0.519   0.1    0.518  0.521     16   11   28   

                                           -------Rating----------------  ----Rank----            
Rank Team                            W-L     KRS    SRS    S-Ix   WRS       S    W    SOS
========================================================================================
 17 Florida                         30-32   0.460   0.1    0.506  0.414     17   18   2    
 18 Washington                      30-33   0.441   0.1    0.499  0.382     18   21   10   
 19 Calgary                         27-34   0.405   0.0    0.497  0.313     19   23   13   
 20 Ottawa                          30-30   0.458   0.0    0.489  0.428     20   17   17   
 21 Los Angeles                     34-28   0.504   0.0    0.487  0.521     21   12   12   
 22 Nashville                       29-29   0.420   -0.1   0.442  0.398     22   20   29   
 23 Detroit                         28-32   0.384   -0.2   0.411  0.357     23   22   14   
 24 Vancouver                       24-36   0.275   -0.5   0.313  0.236     24   26   4    

                                           -------Rating----------------  ----Rank----            
Rank Team                            W-L     KRS    SRS    S-Ix   WRS       S    W    SOS
========================================================================================
 25 St Louis                        26-34   0.298   -0.6   0.297  0.300     25   24   9    
 26 Philadelphia                    23-39   0.233   -0.6   0.288  0.178     26   27   3    
 27 San Jose                        18-43   0.114   -0.8   0.228  0.000     27   32   26   
 28 Montreal                        26-34   0.252   -0.8   0.225  0.279     28   25   15   
 29 Arizona                         21-40   0.159   -0.8   0.216  0.101     29   29   20   
 30 Columbus                        20-41   0.128   -1.0   0.164  0.093     30   30   1    
 31 Chicago                         21-39   0.112   -1.1   0.118  0.107     31   28   22   
 32 Anaheim                         20-42   0.034   -1.5   0.000  0.067     32   31   6    
</div></pre>
</div>
<div class="tabbertab" title="Wins Based">
<pre><div id=data>

                                           -------Rating----------------  ----Rank----            
Rank Team                            W-L     KRS    SRS    S-Ix   WRS       S    W    SOS
========================================================================================
  1 Boston                          47-13   1.000   1.6    1.000  1.000     1    1    16   
  2 New Jersey                      40-20   0.753   0.9    0.755  0.751     2    2    21   
  3 Carolina                        39-20   0.733   0.8    0.726  0.741     3    3    19   
  4 Tampa Bay                       37-23   0.645   0.5    0.646  0.645     7    4    25   
  5 Toronto                         37-24   0.673   0.7    0.711  0.635     4    5    24   
  6 Colorado                        34-25   0.614   0.5    0.634  0.594     8    6    8    
  7 Vegas                           36-25   0.586   0.3    0.587  0.584     10   7    31   
  8 NY Rangers                      35-26   0.614   0.5    0.657  0.572     6    8    18   

                                           -------Rating----------------  ----Rank----            
Rank Team                            W-L     KRS    SRS    S-Ix   WRS       S    W    SOS
========================================================================================
  9 Winnipeg                        35-26   0.564   0.3    0.573  0.555     11   9    32   
 10 Seattle                         33-27   0.555   0.3    0.573  0.537     12   10   11   
 11 Minnesota                       34-27   0.519   0.1    0.518  0.521     16   11   28   
 12 Los Angeles                     34-28   0.504   0.0    0.487  0.521     21   12   12   
 13 Edmonton                        33-29   0.549   0.4    0.622  0.477     9    13   30   
 14 Buffalo                         31-28   0.511   0.2    0.552  0.471     13   14   23   
 15 Dallas                          32-29   0.568   0.6    0.666  0.469     5    15   27   
 16 Pittsburgh                      30-30   0.485   0.1    0.524  0.446     15   16   5    

                                           -------Rating----------------  ----Rank----            
Rank Team                            W-L     KRS    SRS    S-Ix   WRS       S    W    SOS
========================================================================================
 17 Ottawa                          30-30   0.458   0.0    0.489  0.428     20   17   17   
 18 Florida                         30-32   0.460   0.1    0.506  0.414     17   18   2    
 19 NY Islanders                    31-33   0.472   0.2    0.537  0.407     14   19   7    
 20 Nashville                       29-29   0.420   -0.1   0.442  0.398     22   20   29   
 21 Washington                      30-33   0.441   0.1    0.499  0.382     18   21   10   
 22 Detroit                         28-32   0.384   -0.2   0.411  0.357     23   22   14   
 23 Calgary                         27-34   0.405   0.0    0.497  0.313     19   23   13   
 24 St Louis                        26-34   0.298   -0.6   0.297  0.300     25   24   9    

                                           -------Rating----------------  ----Rank----            
Rank Team                            W-L     KRS    SRS    S-Ix   WRS       S    W    SOS
========================================================================================
 25 Montreal                        26-34   0.252   -0.8   0.225  0.279     28   25   15   
 26 Vancouver                       24-36   0.275   -0.5   0.313  0.236     24   26   4    
 27 Philadelphia                    23-39   0.233   -0.6   0.288  0.178     26   27   3    
 28 Chicago                         21-39   0.112   -1.1   0.118  0.107     31   28   22   
 29 Arizona                         21-40   0.159   -0.8   0.216  0.101     29   29   20   
 30 Columbus                        20-41   0.128   -1.0   0.164  0.093     30   30   1    
 31 Anaheim                         20-42   0.034   -1.5   0.000  0.067     32   31   6    
 32 San Jose                        18-43   0.114   -0.8   0.228  0.000     27   32   26   
</div></pre>
</div>
<div class="tabbertab" title="BCS">
<pre><div id=data>

                                           -------Rating----------------  ----Rank----            
Rank Team                            W-L     KRS    SRS    S-Ix   WRS       S    W    SOS
========================================================================================
  1 Boston                          47-13   1.000   1.6    1.000  1.000     1    1    16   
  2 New Jersey                      40-20   0.753   0.9    0.755  0.751     2    2    21   
  3 Carolina                        39-20   0.733   0.8    0.726  0.741     3    3    19   
  4 Toronto                         37-24   0.673   0.7    0.711  0.635     4    5    24   
  5 Tampa Bay                       37-23   0.645   0.5    0.646  0.645     7    4    25   
  6 NY Rangers                      35-26   0.614   0.5    0.657  0.572     6    8    18   
  7 Colorado                        34-25   0.614   0.5    0.634  0.594     8    6    8    
  8 Vegas                           36-25   0.586   0.3    0.587  0.584     10   7    31   

                                           -------Rating----------------  ----Rank----            
Rank Team                            W-L     KRS    SRS    S-Ix   WRS       S    W    SOS
========================================================================================
  9 Dallas                          32-29   0.568   0.6    0.666  0.469     5    15   27   
 10 Winnipeg                        35-26   0.564   0.3    0.573  0.555     11   9    32   
 11 Seattle                         33-27   0.555   0.3    0.573  0.537     12   10   11   
 12 Edmonton                        33-29   0.549   0.4    0.622  0.477     9    13   30   
 13 Minnesota                       34-27   0.519   0.1    0.518  0.521     16   11   28   
 14 Buffalo                         31-28   0.511   0.2    0.552  0.471     13   14   23   
 15 Los Angeles                     34-28   0.504   0.0    0.487  0.521     21   12   12   
 16 Pittsburgh                      30-30   0.485   0.1    0.524  0.446     15   16   5    

                                           -------Rating----------------  ----Rank----            
Rank Team                            W-L     KRS    SRS    S-Ix   WRS       S    W    SOS
========================================================================================
 17 NY Islanders                    31-33   0.472   0.2    0.537  0.407     14   19   7    
 18 Florida                         30-32   0.460   0.1    0.506  0.414     17   18   2    
 19 Ottawa                          30-30   0.458   0.0    0.489  0.428     20   17   17   
 20 Washington                      30-33   0.441   0.1    0.499  0.382     18   21   10   
 21 Nashville                       29-29   0.420   -0.1   0.442  0.398     22   20   29   
 22 Calgary                         27-34   0.405   0.0    0.497  0.313     19   23   13   
 23 Detroit                         28-32   0.384   -0.2   0.411  0.357     23   22   14   
 24 St Louis                        26-34   0.298   -0.6   0.297  0.300     25   24   9    

                                           -------Rating----------------  ----Rank----            
Rank Team                            W-L     KRS    SRS    S-Ix   WRS       S    W    SOS
========================================================================================
 25 Vancouver                       24-36   0.275   -0.5   0.313  0.236     24   26   4    
 26 Montreal                        26-34   0.252   -0.8   0.225  0.279     28   25   15   
 27 Philadelphia                    23-39   0.233   -0.6   0.288  0.178     26   27   3    
 28 Arizona                         21-40   0.159   -0.8   0.216  0.101     29   29   20   
 29 Columbus                        20-41   0.128   -1.0   0.164  0.093     30   30   1    
 30 San Jose                        18-43   0.114   -0.8   0.228  0.000     27   32   26   
 31 Chicago                         21-39   0.112   -1.1   0.118  0.107     31   28   22   
 32 Anaheim                         20-42   0.034   -1.5   0.000  0.067     32   31   6    
</div></pre>
</div>
<div class="tabbertab" title="SOS">
<pre><div id=data>

                                           -------Rating----------------  ----Rank----            
Rank Team                            W-L     KRS    SRS    S-Ix   WRS       S    W    SOS
========================================================================================
  1 Columbus                        20-41   0.128   -1.0   0.164  0.093     30   30   1    
  2 Florida                         30-32   0.460   0.1    0.506  0.414     17   18   2    
  3 Philadelphia                    23-39   0.233   -0.6   0.288  0.178     26   27   3    
  4 Vancouver                       24-36   0.275   -0.5   0.313  0.236     24   26   4    
  5 Pittsburgh                      30-30   0.485   0.1    0.524  0.446     15   16   5    
  6 Anaheim                         20-42   0.034   -1.5   0.000  0.067     32   31   6    
  7 NY Islanders                    31-33   0.472   0.2    0.537  0.407     14   19   7    
  8 Colorado                        34-25   0.614   0.5    0.634  0.594     8    6    8    

                                           -------Rating----------------  ----Rank----            
Rank Team                            W-L     KRS    SRS    S-Ix   WRS       S    W    SOS
========================================================================================
  9 St Louis                        26-34   0.298   -0.6   0.297  0.300     25   24   9    
 10 Washington                      30-33   0.441   0.1    0.499  0.382     18   21   10   
 11 Seattle                         33-27   0.555   0.3    0.573  0.537     12   10   11   
 12 Los Angeles                     34-28   0.504   0.0    0.487  0.521     21   12   12   
 13 Calgary                         27-34   0.405   0.0    0.497  0.313     19   23   13   
 14 Detroit                         28-32   0.384   -0.2   0.411  0.357     23   22   14   
 15 Montreal                        26-34   0.252   -0.8   0.225  0.279     28   25   15   
 16 Boston                          47-13   1.000   1.6    1.000  1.000     1    1    16   

                                           -------Rating----------------  ----Rank----            
Rank Team                            W-L     KRS    SRS    S-Ix   WRS       S    W    SOS
========================================================================================
 17 Ottawa                          30-30   0.458   0.0    0.489  0.428     20   17   17   
 18 NY Rangers                      35-26   0.614   0.5    0.657  0.572     6    8    18   
 19 Carolina                        39-20   0.733   0.8    0.726  0.741     3    3    19   
 20 Arizona                         21-40   0.159   -0.8   0.216  0.101     29   29   20   
 21 New Jersey                      40-20   0.753   0.9    0.755  0.751     2    2    21   
 22 Chicago                         21-39   0.112   -1.1   0.118  0.107     31   28   22   
 23 Buffalo                         31-28   0.511   0.2    0.552  0.471     13   14   23   
 24 Toronto                         37-24   0.673   0.7    0.711  0.635     4    5    24   

                                           -------Rating----------------  ----Rank----            
Rank Team                            W-L     KRS    SRS    S-Ix   WRS       S    W    SOS
========================================================================================
 25 Tampa Bay                       37-23   0.645   0.5    0.646  0.645     7    4    25   
 26 San Jose                        18-43   0.114   -0.8   0.228  0.000     27   32   26   
 27 Dallas                          32-29   0.568   0.6    0.666  0.469     5    15   27   
 28 Minnesota                       34-27   0.519   0.1    0.518  0.521     16   11   28   
 29 Nashville                       29-29   0.420   -0.1   0.442  0.398     22   20   29   
 30 Edmonton                        33-29   0.549   0.4    0.622  0.477     9    13   30   
 31 Vegas                           36-25   0.586   0.3    0.587  0.584     10   7    31   
 32 Winnipeg                        35-26   0.564   0.3    0.573  0.555     11   9    32   
</div></pre>
</div>
	</pre>
	</p>
	</span>
</body>
<body>
<h3>Other links</h3>
<h4>Home</h4>
	<ul>
			<li class="listyle"><a href="https://2skupz.github.io/index.html"> Index</a></li>
	</ul>
</body>
