<html>
<head>
<!-- Global Site Tag (gtag.js) - Google Analytics -->
<title>2023 NHL Rankings</title>
<script type="text/javascript" src="tabber.js">
</script>
<link href="https://fonts.googleapis.com/css?family=Roboto+Slab|Droid+Sans+Mono" rel="stylesheet">
<style>
 body {
			font-family: "Roboto Slab", serif;
			font-size: 12px;
			}
#data {
			font-family: "Droid Sans Mono", serif;
			font-size: 13px;
		}
</style>
<link rel="stylesheet" href="tabbedPage.css" TYPE="text/css" MEDIA="screen">
</head>
<body bgcolor=#fbeec1>
<hr>
<table width=100%>
<tr><td align=left>
<h1 align="center">2023 NHL Rankings</h1>
</td>
</tr></table>
<p>
Standings through 04.09.23
<hr>
<center>
<table width=100% border=1><tr>
<td valign=top>
<div class="tabber">
<div class="tabbertab" title="Ken Power Index">
<pre><div id=data>

                                           -------Rating----------------  ----Rank----            
Rank Team                            W-L     KRS    SRS    S-Ix   WRS       S    W    SOS
========================================================================================
  1 Boston                          63-17   1.000   1.5    1.000  1.000     1    1    18   
  2 New Jersey                      50-30   0.714   0.8    0.745  0.683     2    3    15   
  3 Carolina                        50-29   0.703   0.6    0.707  0.700     7    2    10   
  4 NY Rangers                      47-33   0.673   0.7    0.739  0.607     3    8    22   
  5 Colorado                        49-30   0.673   0.6    0.693  0.653     8    4    31   
  6 Edmonton                        48-32   0.672   0.7    0.726  0.617     4    7    32   
  7 Toronto                         47-32   0.670   0.7    0.718  0.622     6    6    21   
  8 Vegas                           49-31   0.639   0.4    0.639  0.640     9    5    28   

                                           -------Rating----------------  ----Rank----            
Rank Team                            W-L     KRS    SRS    S-Ix   WRS       S    W    SOS
========================================================================================
  9 Dallas                          44-35   0.629   0.7    0.721  0.537     5    14   30   
 10 Seattle                         45-34   0.594   0.4    0.629  0.560     10   10   29   
 11 Tampa Bay                       45-35   0.585   0.3    0.606  0.564     11   9    12   
 12 Minnesota                       45-34   0.568   0.2    0.577  0.558     14   11   26   
 13 Los Angeles                     45-35   0.566   0.2    0.575  0.558     15   12   16   
 14 Winnipeg                        44-35   0.549   0.2    0.560  0.537     16   13   27   
 15 Florida                         42-38   0.540   0.3    0.587  0.492     13   15   9    
 16 NY Islanders                    41-39   0.528   0.3    0.592  0.464     12   16   13   

                                           -------Rating----------------  ----Rank----            
Rank Team                            W-L     KRS    SRS    S-Ix   WRS       S    W    SOS
========================================================================================
 17 Pittsburgh                      40-40   0.492   0.1    0.529  0.454     17   17   3    
 18 Buffalo                         39-39   0.472   -0.0   0.494  0.449     19   18   4    
 19 Nashville                       40-39   0.444   -0.2   0.450  0.438     22   19   23   
 20 Calgary                         37-43   0.435   0.0    0.516  0.354     18   22   25   
 21 Ottawa                          38-42   0.433   -0.1   0.470  0.396     20   20   6    
 22 Washington                      34-45   0.379   -0.1   0.461  0.297     21   25   17   
 23 Vancouver                       36-43   0.376   -0.3   0.410  0.342     23   23   20   
 24 Detroit                         35-44   0.363   -0.3   0.398  0.328     24   24   11   

                                           -------Rating----------------  ----Rank----            
Rank Team                            W-L     KRS    SRS    S-Ix   WRS       S    W    SOS
========================================================================================
 25 St Louis                        37-43   0.354   -0.5   0.353  0.355     25   21   24   
 26 Philadelphia                    29-51   0.242   -0.6   0.296  0.188     26   27   2    
 27 Montreal                        31-49   0.222   -0.9   0.223  0.222     28   26   5    
 28 Arizona                         28-52   0.186   -0.8   0.231  0.142     27   28   14   
 29 Chicago                         25-54   0.094   -1.2   0.109  0.078     30   29   8    
 30 San Jose                        22-57   0.089   -1.0   0.178  0.000     29   32   19   
 31 Columbus                        24-55   0.066   -1.3   0.065  0.067     31   30   1    
 32 Anaheim                         23-57   0.009   -1.5   0.000  0.018     32   31   7    
</div></pre>
</div>
<div class="tabbertab" title="Points Based">
<pre><div id=data>

                                           -------Rating----------------  ----Rank----            
Rank Team                            W-L     KRS    SRS    S-Ix   WRS       S    W    SOS
========================================================================================
  1 Boston                          63-17   1.000   1.5    1.000  1.000     1    1    18   
  2 New Jersey                      50-30   0.714   0.8    0.745  0.683     2    3    15   
  3 NY Rangers                      47-33   0.673   0.7    0.739  0.607     3    8    22   
  4 Edmonton                        48-32   0.672   0.7    0.726  0.617     4    7    32   
  5 Dallas                          44-35   0.629   0.7    0.721  0.537     5    14   30   
  6 Toronto                         47-32   0.670   0.7    0.718  0.622     6    6    21   
  7 Carolina                        50-29   0.703   0.6    0.707  0.700     7    2    10   
  8 Colorado                        49-30   0.673   0.6    0.693  0.653     8    4    31   

                                           -------Rating----------------  ----Rank----            
Rank Team                            W-L     KRS    SRS    S-Ix   WRS       S    W    SOS
========================================================================================
  9 Vegas                           49-31   0.639   0.4    0.639  0.640     9    5    28   
 10 Seattle                         45-34   0.594   0.4    0.629  0.560     10   10   29   
 11 Tampa Bay                       45-35   0.585   0.3    0.606  0.564     11   9    12   
 12 NY Islanders                    41-39   0.528   0.3    0.592  0.464     12   16   13   
 13 Florida                         42-38   0.540   0.3    0.587  0.492     13   15   9    
 14 Minnesota                       45-34   0.568   0.2    0.577  0.558     14   11   26   
 15 Los Angeles                     45-35   0.566   0.2    0.575  0.558     15   12   16   
 16 Winnipeg                        44-35   0.549   0.2    0.560  0.537     16   13   27   

                                           -------Rating----------------  ----Rank----            
Rank Team                            W-L     KRS    SRS    S-Ix   WRS       S    W    SOS
========================================================================================
 17 Pittsburgh                      40-40   0.492   0.1    0.529  0.454     17   17   3    
 18 Calgary                         37-43   0.435   0.0    0.516  0.354     18   22   25   
 19 Buffalo                         39-39   0.472   -0.0   0.494  0.449     19   18   4    
 20 Ottawa                          38-42   0.433   -0.1   0.470  0.396     20   20   6    
 21 Washington                      34-45   0.379   -0.1   0.461  0.297     21   25   17   
 22 Nashville                       40-39   0.444   -0.2   0.450  0.438     22   19   23   
 23 Vancouver                       36-43   0.376   -0.3   0.410  0.342     23   23   20   
 24 Detroit                         35-44   0.363   -0.3   0.398  0.328     24   24   11   

                                           -------Rating----------------  ----Rank----            
Rank Team                            W-L     KRS    SRS    S-Ix   WRS       S    W    SOS
========================================================================================
 25 St Louis                        37-43   0.354   -0.5   0.353  0.355     25   21   24   
 26 Philadelphia                    29-51   0.242   -0.6   0.296  0.188     26   27   2    
 27 Arizona                         28-52   0.186   -0.8   0.231  0.142     27   28   14   
 28 Montreal                        31-49   0.222   -0.9   0.223  0.222     28   26   5    
 29 San Jose                        22-57   0.089   -1.0   0.178  0.000     29   32   19   
 30 Chicago                         25-54   0.094   -1.2   0.109  0.078     30   29   8    
 31 Columbus                        24-55   0.066   -1.3   0.065  0.067     31   30   1    
 32 Anaheim                         23-57   0.009   -1.5   0.000  0.018     32   31   7    
</div></pre>
</div>
<div class="tabbertab" title="Wins Based">
<pre><div id=data>

                                           -------Rating----------------  ----Rank----            
Rank Team                            W-L     KRS    SRS    S-Ix   WRS       S    W    SOS
========================================================================================
  1 Boston                          63-17   1.000   1.5    1.000  1.000     1    1    18   
  2 Carolina                        50-29   0.703   0.6    0.707  0.700     7    2    10   
  3 New Jersey                      50-30   0.714   0.8    0.745  0.683     2    3    15   
  4 Colorado                        49-30   0.673   0.6    0.693  0.653     8    4    31   
  5 Vegas                           49-31   0.639   0.4    0.639  0.640     9    5    28   
  6 Toronto                         47-32   0.670   0.7    0.718  0.622     6    6    21   
  7 Edmonton                        48-32   0.672   0.7    0.726  0.617     4    7    32   
  8 NY Rangers                      47-33   0.673   0.7    0.739  0.607     3    8    22   

                                           -------Rating----------------  ----Rank----            
Rank Team                            W-L     KRS    SRS    S-Ix   WRS       S    W    SOS
========================================================================================
  9 Tampa Bay                       45-35   0.585   0.3    0.606  0.564     11   9    12   
 10 Seattle                         45-34   0.594   0.4    0.629  0.560     10   10   29   
 11 Minnesota                       45-34   0.568   0.2    0.577  0.558     14   11   26   
 12 Los Angeles                     45-35   0.566   0.2    0.575  0.558     15   12   16   
 13 Winnipeg                        44-35   0.549   0.2    0.560  0.537     16   13   27   
 14 Dallas                          44-35   0.629   0.7    0.721  0.537     5    14   30   
 15 Florida                         42-38   0.540   0.3    0.587  0.492     13   15   9    
 16 NY Islanders                    41-39   0.528   0.3    0.592  0.464     12   16   13   

                                           -------Rating----------------  ----Rank----            
Rank Team                            W-L     KRS    SRS    S-Ix   WRS       S    W    SOS
========================================================================================
 17 Pittsburgh                      40-40   0.492   0.1    0.529  0.454     17   17   3    
 18 Buffalo                         39-39   0.472   -0.0   0.494  0.449     19   18   4    
 19 Nashville                       40-39   0.444   -0.2   0.450  0.438     22   19   23   
 20 Ottawa                          38-42   0.433   -0.1   0.470  0.396     20   20   6    
 21 St Louis                        37-43   0.354   -0.5   0.353  0.355     25   21   24   
 22 Calgary                         37-43   0.435   0.0    0.516  0.354     18   22   25   
 23 Vancouver                       36-43   0.376   -0.3   0.410  0.342     23   23   20   
 24 Detroit                         35-44   0.363   -0.3   0.398  0.328     24   24   11   

                                           -------Rating----------------  ----Rank----            
Rank Team                            W-L     KRS    SRS    S-Ix   WRS       S    W    SOS
========================================================================================
 25 Washington                      34-45   0.379   -0.1   0.461  0.297     21   25   17   
 26 Montreal                        31-49   0.222   -0.9   0.223  0.222     28   26   5    
 27 Philadelphia                    29-51   0.242   -0.6   0.296  0.188     26   27   2    
 28 Arizona                         28-52   0.186   -0.8   0.231  0.142     27   28   14   
 29 Chicago                         25-54   0.094   -1.2   0.109  0.078     30   29   8    
 30 Columbus                        24-55   0.066   -1.3   0.065  0.067     31   30   1    
 31 Anaheim                         23-57   0.009   -1.5   0.000  0.018     32   31   7    
 32 San Jose                        22-57   0.089   -1.0   0.178  0.000     29   32   19   
</div></pre>
</div>
<div class="tabbertab" title="BCS">
<pre><div id=data>

                                           -------Rating----------------  ----Rank----            
Rank Team                            W-L     KRS    SRS    S-Ix   WRS       S    W    SOS
========================================================================================
  1 Boston                          63-17   1.000   1.5    1.000  1.000     1    1    18   
  2 New Jersey                      50-30   0.714   0.8    0.745  0.683     2    3    15   
  3 Carolina                        50-29   0.703   0.6    0.707  0.700     7    2    10   
  4 NY Rangers                      47-33   0.673   0.7    0.739  0.607     3    8    22   
  5 Colorado                        49-30   0.673   0.6    0.693  0.653     8    4    31   
  6 Edmonton                        48-32   0.672   0.7    0.726  0.617     4    7    32   
  7 Toronto                         47-32   0.670   0.7    0.718  0.622     6    6    21   
  8 Vegas                           49-31   0.639   0.4    0.639  0.640     9    5    28   

                                           -------Rating----------------  ----Rank----            
Rank Team                            W-L     KRS    SRS    S-Ix   WRS       S    W    SOS
========================================================================================
  9 Dallas                          44-35   0.629   0.7    0.721  0.537     5    14   30   
 10 Seattle                         45-34   0.594   0.4    0.629  0.560     10   10   29   
 11 Tampa Bay                       45-35   0.585   0.3    0.606  0.564     11   9    12   
 12 Minnesota                       45-34   0.568   0.2    0.577  0.558     14   11   26   
 13 Los Angeles                     45-35   0.566   0.2    0.575  0.558     15   12   16   
 14 Winnipeg                        44-35   0.549   0.2    0.560  0.537     16   13   27   
 15 Florida                         42-38   0.540   0.3    0.587  0.492     13   15   9    
 16 NY Islanders                    41-39   0.528   0.3    0.592  0.464     12   16   13   

                                           -------Rating----------------  ----Rank----            
Rank Team                            W-L     KRS    SRS    S-Ix   WRS       S    W    SOS
========================================================================================
 17 Pittsburgh                      40-40   0.492   0.1    0.529  0.454     17   17   3    
 18 Buffalo                         39-39   0.472   -0.0   0.494  0.449     19   18   4    
 19 Nashville                       40-39   0.444   -0.2   0.450  0.438     22   19   23   
 20 Calgary                         37-43   0.435   0.0    0.516  0.354     18   22   25   
 21 Ottawa                          38-42   0.433   -0.1   0.470  0.396     20   20   6    
 22 Washington                      34-45   0.379   -0.1   0.461  0.297     21   25   17   
 23 Vancouver                       36-43   0.376   -0.3   0.410  0.342     23   23   20   
 24 Detroit                         35-44   0.363   -0.3   0.398  0.328     24   24   11   

                                           -------Rating----------------  ----Rank----            
Rank Team                            W-L     KRS    SRS    S-Ix   WRS       S    W    SOS
========================================================================================
 25 St Louis                        37-43   0.354   -0.5   0.353  0.355     25   21   24   
 26 Philadelphia                    29-51   0.242   -0.6   0.296  0.188     26   27   2    
 27 Montreal                        31-49   0.222   -0.9   0.223  0.222     28   26   5    
 28 Arizona                         28-52   0.186   -0.8   0.231  0.142     27   28   14   
 29 Chicago                         25-54   0.094   -1.2   0.109  0.078     30   29   8    
 30 San Jose                        22-57   0.089   -1.0   0.178  0.000     29   32   19   
 31 Columbus                        24-55   0.066   -1.3   0.065  0.067     31   30   1    
 32 Anaheim                         23-57   0.009   -1.5   0.000  0.018     32   31   7    
</div></pre>
</div>
<div class="tabbertab" title="SOS">
<pre><div id=data>

                                           -------Rating----------------  ----Rank----            
Rank Team                            W-L     KRS    SRS    S-Ix   WRS       S    W    SOS
========================================================================================
  1 Columbus                        24-55   0.066   -1.3   0.065  0.067     31   30   1    
  2 Philadelphia                    29-51   0.242   -0.6   0.296  0.188     26   27   2    
  3 Pittsburgh                      40-40   0.492   0.1    0.529  0.454     17   17   3    
  4 Buffalo                         39-39   0.472   -0.0   0.494  0.449     19   18   4    
  5 Montreal                        31-49   0.222   -0.9   0.223  0.222     28   26   5    
  6 Ottawa                          38-42   0.433   -0.1   0.470  0.396     20   20   6    
  7 Anaheim                         23-57   0.009   -1.5   0.000  0.018     32   31   7    
  8 Chicago                         25-54   0.094   -1.2   0.109  0.078     30   29   8    

                                           -------Rating----------------  ----Rank----            
Rank Team                            W-L     KRS    SRS    S-Ix   WRS       S    W    SOS
========================================================================================
  9 Florida                         42-38   0.540   0.3    0.587  0.492     13   15   9    
 10 Carolina                        50-29   0.703   0.6    0.707  0.700     7    2    10   
 11 Detroit                         35-44   0.363   -0.3   0.398  0.328     24   24   11   
 12 Tampa Bay                       45-35   0.585   0.3    0.606  0.564     11   9    12   
 13 NY Islanders                    41-39   0.528   0.3    0.592  0.464     12   16   13   
 14 Arizona                         28-52   0.186   -0.8   0.231  0.142     27   28   14   
 15 New Jersey                      50-30   0.714   0.8    0.745  0.683     2    3    15   
 16 Los Angeles                     45-35   0.566   0.2    0.575  0.558     15   12   16   

                                           -------Rating----------------  ----Rank----            
Rank Team                            W-L     KRS    SRS    S-Ix   WRS       S    W    SOS
========================================================================================
 17 Washington                      34-45   0.379   -0.1   0.461  0.297     21   25   17   
 18 Boston                          63-17   1.000   1.5    1.000  1.000     1    1    18   
 19 San Jose                        22-57   0.089   -1.0   0.178  0.000     29   32   19   
 20 Vancouver                       36-43   0.376   -0.3   0.410  0.342     23   23   20   
 21 Toronto                         47-32   0.670   0.7    0.718  0.622     6    6    21   
 22 NY Rangers                      47-33   0.673   0.7    0.739  0.607     3    8    22   
 23 Nashville                       40-39   0.444   -0.2   0.450  0.438     22   19   23   
 24 St Louis                        37-43   0.354   -0.5   0.353  0.355     25   21   24   

                                           -------Rating----------------  ----Rank----            
Rank Team                            W-L     KRS    SRS    S-Ix   WRS       S    W    SOS
========================================================================================
 25 Calgary                         37-43   0.435   0.0    0.516  0.354     18   22   25   
 26 Minnesota                       45-34   0.568   0.2    0.577  0.558     14   11   26   
 27 Winnipeg                        44-35   0.549   0.2    0.560  0.537     16   13   27   
 28 Vegas                           49-31   0.639   0.4    0.639  0.640     9    5    28   
 29 Seattle                         45-34   0.594   0.4    0.629  0.560     10   10   29   
 30 Dallas                          44-35   0.629   0.7    0.721  0.537     5    14   30   
 31 Colorado                        49-30   0.673   0.6    0.693  0.653     8    4    31   
 32 Edmonton                        48-32   0.672   0.7    0.726  0.617     4    7    32   
</div></pre>
</div>
	</pre>
	</p>
	</span>
</body>
<body>
<h3>Other links</h3>
<h4>Home</h4>
	<ul>
			<li class="listyle"><a href="https://2skupz.github.io/index.html"> Index</a></li>
	</ul>
</body>
