<html>
<head>
<!-- Global Site Tag (gtag.js) - Google Analytics -->
<title>2023 NHL Rankings</title>
<script type="text/javascript" src="tabber.js">
</script>
<link href="https://fonts.googleapis.com/css?family=Roboto+Slab|Droid+Sans+Mono" rel="stylesheet">
<style>
 body {
			font-family: "Roboto Slab", serif;
			font-size: 12px;
			}
#data {
			font-family: "Droid Sans Mono", serif;
			font-size: 13px;
		}
</style>
<link rel="stylesheet" href="tabbedPage.css" TYPE="text/css" MEDIA="screen">
</head>
<body bgcolor=#fbeec1>
<hr>
<table width=100%>
<tr><td align=left>
<h1 align="center">2023 NHL Rankings</h1>
</td>
</tr></table>
<p>
Standings through 03.16.23
<hr>
<center>
<table width=100% border=1><tr>
<td valign=top>
<div class="tabber">
<div class="tabbertab" title="Ken Power Index">
<pre><div id=data>

                                           -------Rating----------------  ----Rank----            
Rank Team                            W-L     KRS    SRS    S-Ix   WRS       S    W    SOS
========================================================================================
  1 Boston                          51-16   1.000   1.5    1.000  1.000     1    1    17   
  2 Carolina                        44-22   0.776   0.8    0.753  0.799     2    2    27   
  3 New Jersey                      44-24   0.757   0.8    0.750  0.764     3    3    20   
  4 Toronto                         40-27   0.685   0.7    0.711  0.659     4    5    26   
  5 Colorado                        39-28   0.647   0.5    0.650  0.643     8    7    9    
  6 Tampa Bay                       41-28   0.644   0.4    0.634  0.654     9    6    22   
  7 Vegas                           42-27   0.641   0.4    0.611  0.672     10   4    30   
  8 NY Rangers                      39-29   0.640   0.5    0.662  0.619     7    9    14   

                                           -------Rating----------------  ----Rank----            
Rank Team                            W-L     KRS    SRS    S-Ix   WRS       S    W    SOS
========================================================================================
  9 Dallas                          37-32   0.623   0.7    0.709  0.537     5    14   28   
 10 Edmonton                        38-31   0.621   0.5    0.667  0.574     6    12   18   
 11 Los Angeles                     40-29   0.583   0.2    0.545  0.621     14   8    25   
 12 Seattle                         38-30   0.580   0.3    0.577  0.582     11   11   24   
 13 Minnesota                       39-29   0.574   0.2    0.562  0.587     12   10   31   
 14 Winnipeg                        38-31   0.565   0.2    0.559  0.571     13   13   19   
 15 Florida                         34-34   0.508   0.1    0.536  0.481     16   15   3    
 16 NY Islanders                    35-35   0.506   0.1    0.538  0.474     15   17   11   

                                           -------Rating----------------  ----Rank----            
Rank Team                            W-L     KRS    SRS    S-Ix   WRS       S    W    SOS
========================================================================================
 17 Pittsburgh                      34-34   0.497   0.1    0.515  0.480     19   16   5    
 18 Buffalo                         33-34   0.486   0.1    0.511  0.462     20   18   4    
 19 Washington                      33-36   0.477   0.1    0.528  0.426     17   21   12   
 20 Nashville                       34-32   0.447   -0.2   0.436  0.457     22   19   32   
 21 Calgary                         31-38   0.444   0.1    0.520  0.369     18   22   13   
 22 Ottawa                          33-35   0.435   -0.1   0.440  0.429     21   20   23   
 23 Detroit                         30-37   0.383   -0.3   0.402  0.365     23   23   10   
 24 Vancouver                       29-38   0.350   -0.4   0.366  0.335     24   24   6    

                                           -------Rating----------------  ----Rank----            
Rank Team                            W-L     KRS    SRS    S-Ix   WRS       S    W    SOS
========================================================================================
 25 St Louis                        29-38   0.307   -0.6   0.288  0.326     25   25   21   
 26 Arizona                         26-43   0.239   -0.7   0.263  0.215     27   27   16   
 27 Philadelphia                    24-43   0.233   -0.7   0.267  0.199     26   28   1    
 28 Montreal                        27-42   0.223   -0.9   0.199  0.247     28   26   8    
 29 Chicago                         24-44   0.164   -1.0   0.163  0.166     29   29   15   
 30 Columbus                        21-46   0.111   -1.1   0.127  0.095     31   31   2    
 31 San Jose                        19-50   0.079   -1.0   0.158  0.000     30   32   29   
 32 Anaheim                         22-46   0.052   -1.5   0.000  0.104     32   30   7    
</div></pre>
</div>
<div class="tabbertab" title="Points Based">
<pre><div id=data>

                                           -------Rating----------------  ----Rank----            
Rank Team                            W-L     KRS    SRS    S-Ix   WRS       S    W    SOS
========================================================================================
  1 Boston                          51-16   1.000   1.5    1.000  1.000     1    1    17   
  2 Carolina                        44-22   0.776   0.8    0.753  0.799     2    2    27   
  3 New Jersey                      44-24   0.757   0.8    0.750  0.764     3    3    20   
  4 Toronto                         40-27   0.685   0.7    0.711  0.659     4    5    26   
  5 Dallas                          37-32   0.623   0.7    0.709  0.537     5    14   28   
  6 Edmonton                        38-31   0.621   0.5    0.667  0.574     6    12   18   
  7 NY Rangers                      39-29   0.640   0.5    0.662  0.619     7    9    14   
  8 Colorado                        39-28   0.647   0.5    0.650  0.643     8    7    9    

                                           -------Rating----------------  ----Rank----            
Rank Team                            W-L     KRS    SRS    S-Ix   WRS       S    W    SOS
========================================================================================
  9 Tampa Bay                       41-28   0.644   0.4    0.634  0.654     9    6    22   
 10 Vegas                           42-27   0.641   0.4    0.611  0.672     10   4    30   
 11 Seattle                         38-30   0.580   0.3    0.577  0.582     11   11   24   
 12 Minnesota                       39-29   0.574   0.2    0.562  0.587     12   10   31   
 13 Winnipeg                        38-31   0.565   0.2    0.559  0.571     13   13   19   
 14 Los Angeles                     40-29   0.583   0.2    0.545  0.621     14   8    25   
 15 NY Islanders                    35-35   0.506   0.1    0.538  0.474     15   17   11   
 16 Florida                         34-34   0.508   0.1    0.536  0.481     16   15   3    

                                           -------Rating----------------  ----Rank----            
Rank Team                            W-L     KRS    SRS    S-Ix   WRS       S    W    SOS
========================================================================================
 17 Washington                      33-36   0.477   0.1    0.528  0.426     17   21   12   
 18 Calgary                         31-38   0.444   0.1    0.520  0.369     18   22   13   
 19 Pittsburgh                      34-34   0.497   0.1    0.515  0.480     19   16   5    
 20 Buffalo                         33-34   0.486   0.1    0.511  0.462     20   18   4    
 21 Ottawa                          33-35   0.435   -0.1   0.440  0.429     21   20   23   
 22 Nashville                       34-32   0.447   -0.2   0.436  0.457     22   19   32   
 23 Detroit                         30-37   0.383   -0.3   0.402  0.365     23   23   10   
 24 Vancouver                       29-38   0.350   -0.4   0.366  0.335     24   24   6    

                                           -------Rating----------------  ----Rank----            
Rank Team                            W-L     KRS    SRS    S-Ix   WRS       S    W    SOS
========================================================================================
 25 St Louis                        29-38   0.307   -0.6   0.288  0.326     25   25   21   
 26 Philadelphia                    24-43   0.233   -0.7   0.267  0.199     26   28   1    
 27 Arizona                         26-43   0.239   -0.7   0.263  0.215     27   27   16   
 28 Montreal                        27-42   0.223   -0.9   0.199  0.247     28   26   8    
 29 Chicago                         24-44   0.164   -1.0   0.163  0.166     29   29   15   
 30 San Jose                        19-50   0.079   -1.0   0.158  0.000     30   32   29   
 31 Columbus                        21-46   0.111   -1.1   0.127  0.095     31   31   2    
 32 Anaheim                         22-46   0.052   -1.5   0.000  0.104     32   30   7    
</div></pre>
</div>
<div class="tabbertab" title="Wins Based">
<pre><div id=data>

                                           -------Rating----------------  ----Rank----            
Rank Team                            W-L     KRS    SRS    S-Ix   WRS       S    W    SOS
========================================================================================
  1 Boston                          51-16   1.000   1.5    1.000  1.000     1    1    17   
  2 Carolina                        44-22   0.776   0.8    0.753  0.799     2    2    27   
  3 New Jersey                      44-24   0.757   0.8    0.750  0.764     3    3    20   
  4 Vegas                           42-27   0.641   0.4    0.611  0.672     10   4    30   
  5 Toronto                         40-27   0.685   0.7    0.711  0.659     4    5    26   
  6 Tampa Bay                       41-28   0.644   0.4    0.634  0.654     9    6    22   
  7 Colorado                        39-28   0.647   0.5    0.650  0.643     8    7    9    
  8 Los Angeles                     40-29   0.583   0.2    0.545  0.621     14   8    25   

                                           -------Rating----------------  ----Rank----            
Rank Team                            W-L     KRS    SRS    S-Ix   WRS       S    W    SOS
========================================================================================
  9 NY Rangers                      39-29   0.640   0.5    0.662  0.619     7    9    14   
 10 Minnesota                       39-29   0.574   0.2    0.562  0.587     12   10   31   
 11 Seattle                         38-30   0.580   0.3    0.577  0.582     11   11   24   
 12 Edmonton                        38-31   0.621   0.5    0.667  0.574     6    12   18   
 13 Winnipeg                        38-31   0.565   0.2    0.559  0.571     13   13   19   
 14 Dallas                          37-32   0.623   0.7    0.709  0.537     5    14   28   
 15 Florida                         34-34   0.508   0.1    0.536  0.481     16   15   3    
 16 Pittsburgh                      34-34   0.497   0.1    0.515  0.480     19   16   5    

                                           -------Rating----------------  ----Rank----            
Rank Team                            W-L     KRS    SRS    S-Ix   WRS       S    W    SOS
========================================================================================
 17 NY Islanders                    35-35   0.506   0.1    0.538  0.474     15   17   11   
 18 Buffalo                         33-34   0.486   0.1    0.511  0.462     20   18   4    
 19 Nashville                       34-32   0.447   -0.2   0.436  0.457     22   19   32   
 20 Ottawa                          33-35   0.435   -0.1   0.440  0.429     21   20   23   
 21 Washington                      33-36   0.477   0.1    0.528  0.426     17   21   12   
 22 Calgary                         31-38   0.444   0.1    0.520  0.369     18   22   13   
 23 Detroit                         30-37   0.383   -0.3   0.402  0.365     23   23   10   
 24 Vancouver                       29-38   0.350   -0.4   0.366  0.335     24   24   6    

                                           -------Rating----------------  ----Rank----            
Rank Team                            W-L     KRS    SRS    S-Ix   WRS       S    W    SOS
========================================================================================
 25 St Louis                        29-38   0.307   -0.6   0.288  0.326     25   25   21   
 26 Montreal                        27-42   0.223   -0.9   0.199  0.247     28   26   8    
 27 Arizona                         26-43   0.239   -0.7   0.263  0.215     27   27   16   
 28 Philadelphia                    24-43   0.233   -0.7   0.267  0.199     26   28   1    
 29 Chicago                         24-44   0.164   -1.0   0.163  0.166     29   29   15   
 30 Anaheim                         22-46   0.052   -1.5   0.000  0.104     32   30   7    
 31 Columbus                        21-46   0.111   -1.1   0.127  0.095     31   31   2    
 32 San Jose                        19-50   0.079   -1.0   0.158  0.000     30   32   29   
</div></pre>
</div>
<div class="tabbertab" title="BCS">
<pre><div id=data>

                                           -------Rating----------------  ----Rank----            
Rank Team                            W-L     KRS    SRS    S-Ix   WRS       S    W    SOS
========================================================================================
  1 Boston                          51-16   1.000   1.5    1.000  1.000     1    1    17   
  2 Carolina                        44-22   0.776   0.8    0.753  0.799     2    2    27   
  3 New Jersey                      44-24   0.757   0.8    0.750  0.764     3    3    20   
  4 Toronto                         40-27   0.685   0.7    0.711  0.659     4    5    26   
  5 Colorado                        39-28   0.647   0.5    0.650  0.643     8    7    9    
  6 Tampa Bay                       41-28   0.644   0.4    0.634  0.654     9    6    22   
  7 Vegas                           42-27   0.641   0.4    0.611  0.672     10   4    30   
  8 NY Rangers                      39-29   0.640   0.5    0.662  0.619     7    9    14   

                                           -------Rating----------------  ----Rank----            
Rank Team                            W-L     KRS    SRS    S-Ix   WRS       S    W    SOS
========================================================================================
  9 Dallas                          37-32   0.623   0.7    0.709  0.537     5    14   28   
 10 Edmonton                        38-31   0.621   0.5    0.667  0.574     6    12   18   
 11 Los Angeles                     40-29   0.583   0.2    0.545  0.621     14   8    25   
 12 Seattle                         38-30   0.580   0.3    0.577  0.582     11   11   24   
 13 Minnesota                       39-29   0.574   0.2    0.562  0.587     12   10   31   
 14 Winnipeg                        38-31   0.565   0.2    0.559  0.571     13   13   19   
 15 Florida                         34-34   0.508   0.1    0.536  0.481     16   15   3    
 16 NY Islanders                    35-35   0.506   0.1    0.538  0.474     15   17   11   

                                           -------Rating----------------  ----Rank----            
Rank Team                            W-L     KRS    SRS    S-Ix   WRS       S    W    SOS
========================================================================================
 17 Pittsburgh                      34-34   0.497   0.1    0.515  0.480     19   16   5    
 18 Buffalo                         33-34   0.486   0.1    0.511  0.462     20   18   4    
 19 Washington                      33-36   0.477   0.1    0.528  0.426     17   21   12   
 20 Nashville                       34-32   0.447   -0.2   0.436  0.457     22   19   32   
 21 Calgary                         31-38   0.444   0.1    0.520  0.369     18   22   13   
 22 Ottawa                          33-35   0.435   -0.1   0.440  0.429     21   20   23   
 23 Detroit                         30-37   0.383   -0.3   0.402  0.365     23   23   10   
 24 Vancouver                       29-38   0.350   -0.4   0.366  0.335     24   24   6    

                                           -------Rating----------------  ----Rank----            
Rank Team                            W-L     KRS    SRS    S-Ix   WRS       S    W    SOS
========================================================================================
 25 St Louis                        29-38   0.307   -0.6   0.288  0.326     25   25   21   
 26 Arizona                         26-43   0.239   -0.7   0.263  0.215     27   27   16   
 27 Philadelphia                    24-43   0.233   -0.7   0.267  0.199     26   28   1    
 28 Montreal                        27-42   0.223   -0.9   0.199  0.247     28   26   8    
 29 Chicago                         24-44   0.164   -1.0   0.163  0.166     29   29   15   
 30 Columbus                        21-46   0.111   -1.1   0.127  0.095     31   31   2    
 31 San Jose                        19-50   0.079   -1.0   0.158  0.000     30   32   29   
 32 Anaheim                         22-46   0.052   -1.5   0.000  0.104     32   30   7    
</div></pre>
</div>
<div class="tabbertab" title="SOS">
<pre><div id=data>

                                           -------Rating----------------  ----Rank----            
Rank Team                            W-L     KRS    SRS    S-Ix   WRS       S    W    SOS
========================================================================================
  1 Philadelphia                    24-43   0.233   -0.7   0.267  0.199     26   28   1    
  2 Columbus                        21-46   0.111   -1.1   0.127  0.095     31   31   2    
  3 Florida                         34-34   0.508   0.1    0.536  0.481     16   15   3    
  4 Buffalo                         33-34   0.486   0.1    0.511  0.462     20   18   4    
  5 Pittsburgh                      34-34   0.497   0.1    0.515  0.480     19   16   5    
  6 Vancouver                       29-38   0.350   -0.4   0.366  0.335     24   24   6    
  7 Anaheim                         22-46   0.052   -1.5   0.000  0.104     32   30   7    
  8 Montreal                        27-42   0.223   -0.9   0.199  0.247     28   26   8    

                                           -------Rating----------------  ----Rank----            
Rank Team                            W-L     KRS    SRS    S-Ix   WRS       S    W    SOS
========================================================================================
  9 Colorado                        39-28   0.647   0.5    0.650  0.643     8    7    9    
 10 Detroit                         30-37   0.383   -0.3   0.402  0.365     23   23   10   
 11 NY Islanders                    35-35   0.506   0.1    0.538  0.474     15   17   11   
 12 Washington                      33-36   0.477   0.1    0.528  0.426     17   21   12   
 13 Calgary                         31-38   0.444   0.1    0.520  0.369     18   22   13   
 14 NY Rangers                      39-29   0.640   0.5    0.662  0.619     7    9    14   
 15 Chicago                         24-44   0.164   -1.0   0.163  0.166     29   29   15   
 16 Arizona                         26-43   0.239   -0.7   0.263  0.215     27   27   16   

                                           -------Rating----------------  ----Rank----            
Rank Team                            W-L     KRS    SRS    S-Ix   WRS       S    W    SOS
========================================================================================
 17 Boston                          51-16   1.000   1.5    1.000  1.000     1    1    17   
 18 Edmonton                        38-31   0.621   0.5    0.667  0.574     6    12   18   
 19 Winnipeg                        38-31   0.565   0.2    0.559  0.571     13   13   19   
 20 New Jersey                      44-24   0.757   0.8    0.750  0.764     3    3    20   
 21 St Louis                        29-38   0.307   -0.6   0.288  0.326     25   25   21   
 22 Tampa Bay                       41-28   0.644   0.4    0.634  0.654     9    6    22   
 23 Ottawa                          33-35   0.435   -0.1   0.440  0.429     21   20   23   
 24 Seattle                         38-30   0.580   0.3    0.577  0.582     11   11   24   

                                           -------Rating----------------  ----Rank----            
Rank Team                            W-L     KRS    SRS    S-Ix   WRS       S    W    SOS
========================================================================================
 25 Los Angeles                     40-29   0.583   0.2    0.545  0.621     14   8    25   
 26 Toronto                         40-27   0.685   0.7    0.711  0.659     4    5    26   
 27 Carolina                        44-22   0.776   0.8    0.753  0.799     2    2    27   
 28 Dallas                          37-32   0.623   0.7    0.709  0.537     5    14   28   
 29 San Jose                        19-50   0.079   -1.0   0.158  0.000     30   32   29   
 30 Vegas                           42-27   0.641   0.4    0.611  0.672     10   4    30   
 31 Minnesota                       39-29   0.574   0.2    0.562  0.587     12   10   31   
 32 Nashville                       34-32   0.447   -0.2   0.436  0.457     22   19   32   
</div></pre>
</div>
	</pre>
	</p>
	</span>
</body>
<body>
<h3>Other links</h3>
<h4>Home</h4>
	<ul>
			<li class="listyle"><a href="https://2skupz.github.io/index.html"> Index</a></li>
	</ul>
</body>
