<html>
<head>
<!-- Global Site Tag (gtag.js) - Google Analytics -->
<title>2023 NHL Rankings</title>
<script type="text/javascript" src="tabber.js">
</script>
<link href="https://fonts.googleapis.com/css?family=Roboto+Slab|Droid+Sans+Mono" rel="stylesheet">
<style>
 body {
			font-family: "Roboto Slab", serif;
			font-size: 12px;
			}
#data {
			font-family: "Droid Sans Mono", serif;
			font-size: 13px;
		}
</style>
<link rel="stylesheet" href="tabbedPage.css" TYPE="text/css" MEDIA="screen">
</head>
<body bgcolor=#fbeec1>
<hr>
<table width=100%>
<tr><td align=left>
<h1 align="center">2023 NHL Rankings</h1>
</td>
</tr></table>
<p>
Standings through 02.18.23
<hr>
<center>
<table width=100% border=1><tr>
<td valign=top>
<div class="tabber">
<div class="tabbertab" title="Ken Power Index">
<pre><div id=data>

                                           -------Rating----------------  ----Rank----            
Rank Team                            W-L     KRS    SRS    S-Ix   WRS       S    W    SOS
========================================================================================
  1 Boston                          42-13   1.000   1.6    1.000  1.000     1    1    15   
  2 Carolina                        37-18   0.763   0.8    0.731  0.795     3    2    11   
  3 New Jersey                      36-19   0.746   0.8    0.740  0.752     2    3    19   
  4 Tampa Bay                       35-20   0.696   0.6    0.678  0.714     7    4    20   
  5 Toronto                         34-22   0.692   0.7    0.725  0.659     4    5    27   
  6 NY Rangers                      33-23   0.664   0.7    0.707  0.622     5    8    22   
  7 Winnipeg                        34-21   0.643   0.4    0.633  0.652     8    6    32   
  8 Vegas                           34-22   0.629   0.4    0.621  0.636     10   7    30   

                                           -------Rating----------------  ----Rank----            
Rank Team                            W-L     KRS    SRS    S-Ix   WRS       S    W    SOS
========================================================================================
  9 Seattle                         32-24   0.611   0.4    0.625  0.598     9    9    17   
 10 Dallas                          30-27   0.592   0.6    0.690  0.495     6    12   24   
 11 Colorado                        30-24   0.584   0.3    0.601  0.566     12   10   10   
 12 Edmonton                        30-26   0.547   0.3    0.603  0.492     11   13   31   
 13 Los Angeles                     32-25   0.532   0.0    0.511  0.553     20   11   21   
 14 Buffalo                         28-26   0.515   0.2    0.563  0.467     13   15   29   
 15 Minnesota                       29-26   0.498   0.1    0.516  0.480     19   14   28   
 16 Pittsburgh                      27-28   0.490   0.1    0.540  0.440     15   16   4    

                                           -------Rating----------------  ----Rank----            
Rank Team                            W-L     KRS    SRS    S-Ix   WRS       S    W    SOS
========================================================================================
 17 Washington                      28-30   0.482   0.1    0.546  0.418     14   17   3    
 18 Florida                         28-31   0.463   0.1    0.518  0.408     18   18   2    
 19 NY Islanders                    28-31   0.456   0.1    0.524  0.388     17   21   8    
 20 Calgary                         26-30   0.445   0.1    0.526  0.363     16   24   18   
 21 Nashville                       26-27   0.419   -0.2   0.434  0.404     23   19   26   
 22 Ottawa                          26-28   0.416   -0.2   0.443  0.390     22   20   16   
 23 Detroit                         26-29   0.410   -0.2   0.453  0.367     21   23   25   
 24 St Louis                        26-29   0.373   -0.4   0.363  0.383     24   22   13   

                                           -------Rating----------------  ----Rank----            
Rank Team                            W-L     KRS    SRS    S-Ix   WRS       S    W    SOS
========================================================================================
 25 Philadelphia                    22-35   0.280   -0.5   0.354  0.206     25   27   7    
 26 Vancouver                       22-34   0.272   -0.6   0.324  0.219     26   26   6    
 27 Montreal                        23-33   0.227   -0.9   0.213  0.242     29   25   9    
 28 Arizona                         19-37   0.178   -0.8   0.258  0.098     28   28   12   
 29 San Jose                        17-40   0.132   -0.8   0.263  0.000     27   32   23   
 30 Columbus                        18-38   0.127   -1.1   0.176  0.079     30   29   1    
 31 Chicago                         17-37   0.085   -1.2   0.123  0.047     31   30   14   
 32 Anaheim                         17-39   0.010   -1.6   0.000  0.020     32   31   5    
</div></pre>
</div>
<div class="tabbertab" title="Points Based">
<pre><div id=data>

                                           -------Rating----------------  ----Rank----            
Rank Team                            W-L     KRS    SRS    S-Ix   WRS       S    W    SOS
========================================================================================
  1 Boston                          42-13   1.000   1.6    1.000  1.000     1    1    15   
  2 New Jersey                      36-19   0.746   0.8    0.740  0.752     2    3    19   
  3 Carolina                        37-18   0.763   0.8    0.731  0.795     3    2    11   
  4 Toronto                         34-22   0.692   0.7    0.725  0.659     4    5    27   
  5 NY Rangers                      33-23   0.664   0.7    0.707  0.622     5    8    22   
  6 Dallas                          30-27   0.592   0.6    0.690  0.495     6    12   24   
  7 Tampa Bay                       35-20   0.696   0.6    0.678  0.714     7    4    20   
  8 Winnipeg                        34-21   0.643   0.4    0.633  0.652     8    6    32   

                                           -------Rating----------------  ----Rank----            
Rank Team                            W-L     KRS    SRS    S-Ix   WRS       S    W    SOS
========================================================================================
  9 Seattle                         32-24   0.611   0.4    0.625  0.598     9    9    17   
 10 Vegas                           34-22   0.629   0.4    0.621  0.636     10   7    30   
 11 Edmonton                        30-26   0.547   0.3    0.603  0.492     11   13   31   
 12 Colorado                        30-24   0.584   0.3    0.601  0.566     12   10   10   
 13 Buffalo                         28-26   0.515   0.2    0.563  0.467     13   15   29   
 14 Washington                      28-30   0.482   0.1    0.546  0.418     14   17   3    
 15 Pittsburgh                      27-28   0.490   0.1    0.540  0.440     15   16   4    
 16 Calgary                         26-30   0.445   0.1    0.526  0.363     16   24   18   

                                           -------Rating----------------  ----Rank----            
Rank Team                            W-L     KRS    SRS    S-Ix   WRS       S    W    SOS
========================================================================================
 17 NY Islanders                    28-31   0.456   0.1    0.524  0.388     17   21   8    
 18 Florida                         28-31   0.463   0.1    0.518  0.408     18   18   2    
 19 Minnesota                       29-26   0.498   0.1    0.516  0.480     19   14   28   
 20 Los Angeles                     32-25   0.532   0.0    0.511  0.553     20   11   21   
 21 Detroit                         26-29   0.410   -0.2   0.453  0.367     21   23   25   
 22 Ottawa                          26-28   0.416   -0.2   0.443  0.390     22   20   16   
 23 Nashville                       26-27   0.419   -0.2   0.434  0.404     23   19   26   
 24 St Louis                        26-29   0.373   -0.4   0.363  0.383     24   22   13   

                                           -------Rating----------------  ----Rank----            
Rank Team                            W-L     KRS    SRS    S-Ix   WRS       S    W    SOS
========================================================================================
 25 Philadelphia                    22-35   0.280   -0.5   0.354  0.206     25   27   7    
 26 Vancouver                       22-34   0.272   -0.6   0.324  0.219     26   26   6    
 27 San Jose                        17-40   0.132   -0.8   0.263  0.000     27   32   23   
 28 Arizona                         19-37   0.178   -0.8   0.258  0.098     28   28   12   
 29 Montreal                        23-33   0.227   -0.9   0.213  0.242     29   25   9    
 30 Columbus                        18-38   0.127   -1.1   0.176  0.079     30   29   1    
 31 Chicago                         17-37   0.085   -1.2   0.123  0.047     31   30   14   
 32 Anaheim                         17-39   0.010   -1.6   0.000  0.020     32   31   5    
</div></pre>
</div>
<div class="tabbertab" title="Wins Based">
<pre><div id=data>

                                           -------Rating----------------  ----Rank----            
Rank Team                            W-L     KRS    SRS    S-Ix   WRS       S    W    SOS
========================================================================================
  1 Boston                          42-13   1.000   1.6    1.000  1.000     1    1    15   
  2 Carolina                        37-18   0.763   0.8    0.731  0.795     3    2    11   
  3 New Jersey                      36-19   0.746   0.8    0.740  0.752     2    3    19   
  4 Tampa Bay                       35-20   0.696   0.6    0.678  0.714     7    4    20   
  5 Toronto                         34-22   0.692   0.7    0.725  0.659     4    5    27   
  6 Winnipeg                        34-21   0.643   0.4    0.633  0.652     8    6    32   
  7 Vegas                           34-22   0.629   0.4    0.621  0.636     10   7    30   
  8 NY Rangers                      33-23   0.664   0.7    0.707  0.622     5    8    22   

                                           -------Rating----------------  ----Rank----            
Rank Team                            W-L     KRS    SRS    S-Ix   WRS       S    W    SOS
========================================================================================
  9 Seattle                         32-24   0.611   0.4    0.625  0.598     9    9    17   
 10 Colorado                        30-24   0.584   0.3    0.601  0.566     12   10   10   
 11 Los Angeles                     32-25   0.532   0.0    0.511  0.553     20   11   21   
 12 Dallas                          30-27   0.592   0.6    0.690  0.495     6    12   24   
 13 Edmonton                        30-26   0.547   0.3    0.603  0.492     11   13   31   
 14 Minnesota                       29-26   0.498   0.1    0.516  0.480     19   14   28   
 15 Buffalo                         28-26   0.515   0.2    0.563  0.467     13   15   29   
 16 Pittsburgh                      27-28   0.490   0.1    0.540  0.440     15   16   4    

                                           -------Rating----------------  ----Rank----            
Rank Team                            W-L     KRS    SRS    S-Ix   WRS       S    W    SOS
========================================================================================
 17 Washington                      28-30   0.482   0.1    0.546  0.418     14   17   3    
 18 Florida                         28-31   0.463   0.1    0.518  0.408     18   18   2    
 19 Nashville                       26-27   0.419   -0.2   0.434  0.404     23   19   26   
 20 Ottawa                          26-28   0.416   -0.2   0.443  0.390     22   20   16   
 21 NY Islanders                    28-31   0.456   0.1    0.524  0.388     17   21   8    
 22 St Louis                        26-29   0.373   -0.4   0.363  0.383     24   22   13   
 23 Detroit                         26-29   0.410   -0.2   0.453  0.367     21   23   25   
 24 Calgary                         26-30   0.445   0.1    0.526  0.363     16   24   18   

                                           -------Rating----------------  ----Rank----            
Rank Team                            W-L     KRS    SRS    S-Ix   WRS       S    W    SOS
========================================================================================
 25 Montreal                        23-33   0.227   -0.9   0.213  0.242     29   25   9    
 26 Vancouver                       22-34   0.272   -0.6   0.324  0.219     26   26   6    
 27 Philadelphia                    22-35   0.280   -0.5   0.354  0.206     25   27   7    
 28 Arizona                         19-37   0.178   -0.8   0.258  0.098     28   28   12   
 29 Columbus                        18-38   0.127   -1.1   0.176  0.079     30   29   1    
 30 Chicago                         17-37   0.085   -1.2   0.123  0.047     31   30   14   
 31 Anaheim                         17-39   0.010   -1.6   0.000  0.020     32   31   5    
 32 San Jose                        17-40   0.132   -0.8   0.263  0.000     27   32   23   
</div></pre>
</div>
<div class="tabbertab" title="BCS">
<pre><div id=data>

                                           -------Rating----------------  ----Rank----            
Rank Team                            W-L     KRS    SRS    S-Ix   WRS       S    W    SOS
========================================================================================
  1 Boston                          42-13   1.000   1.6    1.000  1.000     1    1    15   
  2 Carolina                        37-18   0.763   0.8    0.731  0.795     3    2    11   
  3 New Jersey                      36-19   0.746   0.8    0.740  0.752     2    3    19   
  4 Tampa Bay                       35-20   0.696   0.6    0.678  0.714     7    4    20   
  5 Toronto                         34-22   0.692   0.7    0.725  0.659     4    5    27   
  6 NY Rangers                      33-23   0.664   0.7    0.707  0.622     5    8    22   
  7 Winnipeg                        34-21   0.643   0.4    0.633  0.652     8    6    32   
  8 Vegas                           34-22   0.629   0.4    0.621  0.636     10   7    30   

                                           -------Rating----------------  ----Rank----            
Rank Team                            W-L     KRS    SRS    S-Ix   WRS       S    W    SOS
========================================================================================
  9 Seattle                         32-24   0.611   0.4    0.625  0.598     9    9    17   
 10 Dallas                          30-27   0.592   0.6    0.690  0.495     6    12   24   
 11 Colorado                        30-24   0.584   0.3    0.601  0.566     12   10   10   
 12 Edmonton                        30-26   0.547   0.3    0.603  0.492     11   13   31   
 13 Los Angeles                     32-25   0.532   0.0    0.511  0.553     20   11   21   
 14 Buffalo                         28-26   0.515   0.2    0.563  0.467     13   15   29   
 15 Minnesota                       29-26   0.498   0.1    0.516  0.480     19   14   28   
 16 Pittsburgh                      27-28   0.490   0.1    0.540  0.440     15   16   4    

                                           -------Rating----------------  ----Rank----            
Rank Team                            W-L     KRS    SRS    S-Ix   WRS       S    W    SOS
========================================================================================
 17 Washington                      28-30   0.482   0.1    0.546  0.418     14   17   3    
 18 Florida                         28-31   0.463   0.1    0.518  0.408     18   18   2    
 19 NY Islanders                    28-31   0.456   0.1    0.524  0.388     17   21   8    
 20 Calgary                         26-30   0.445   0.1    0.526  0.363     16   24   18   
 21 Nashville                       26-27   0.419   -0.2   0.434  0.404     23   19   26   
 22 Ottawa                          26-28   0.416   -0.2   0.443  0.390     22   20   16   
 23 Detroit                         26-29   0.410   -0.2   0.453  0.367     21   23   25   
 24 St Louis                        26-29   0.373   -0.4   0.363  0.383     24   22   13   

                                           -------Rating----------------  ----Rank----            
Rank Team                            W-L     KRS    SRS    S-Ix   WRS       S    W    SOS
========================================================================================
 25 Philadelphia                    22-35   0.280   -0.5   0.354  0.206     25   27   7    
 26 Vancouver                       22-34   0.272   -0.6   0.324  0.219     26   26   6    
 27 Montreal                        23-33   0.227   -0.9   0.213  0.242     29   25   9    
 28 Arizona                         19-37   0.178   -0.8   0.258  0.098     28   28   12   
 29 San Jose                        17-40   0.132   -0.8   0.263  0.000     27   32   23   
 30 Columbus                        18-38   0.127   -1.1   0.176  0.079     30   29   1    
 31 Chicago                         17-37   0.085   -1.2   0.123  0.047     31   30   14   
 32 Anaheim                         17-39   0.010   -1.6   0.000  0.020     32   31   5    
</div></pre>
</div>
<div class="tabbertab" title="SOS">
<pre><div id=data>

                                           -------Rating----------------  ----Rank----            
Rank Team                            W-L     KRS    SRS    S-Ix   WRS       S    W    SOS
========================================================================================
  1 Columbus                        18-38   0.127   -1.1   0.176  0.079     30   29   1    
  2 Florida                         28-31   0.463   0.1    0.518  0.408     18   18   2    
  3 Washington                      28-30   0.482   0.1    0.546  0.418     14   17   3    
  4 Pittsburgh                      27-28   0.490   0.1    0.540  0.440     15   16   4    
  5 Anaheim                         17-39   0.010   -1.6   0.000  0.020     32   31   5    
  6 Vancouver                       22-34   0.272   -0.6   0.324  0.219     26   26   6    
  7 Philadelphia                    22-35   0.280   -0.5   0.354  0.206     25   27   7    
  8 NY Islanders                    28-31   0.456   0.1    0.524  0.388     17   21   8    

                                           -------Rating----------------  ----Rank----            
Rank Team                            W-L     KRS    SRS    S-Ix   WRS       S    W    SOS
========================================================================================
  9 Montreal                        23-33   0.227   -0.9   0.213  0.242     29   25   9    
 10 Colorado                        30-24   0.584   0.3    0.601  0.566     12   10   10   
 11 Carolina                        37-18   0.763   0.8    0.731  0.795     3    2    11   
 12 Arizona                         19-37   0.178   -0.8   0.258  0.098     28   28   12   
 13 St Louis                        26-29   0.373   -0.4   0.363  0.383     24   22   13   
 14 Chicago                         17-37   0.085   -1.2   0.123  0.047     31   30   14   
 15 Boston                          42-13   1.000   1.6    1.000  1.000     1    1    15   
 16 Ottawa                          26-28   0.416   -0.2   0.443  0.390     22   20   16   

                                           -------Rating----------------  ----Rank----            
Rank Team                            W-L     KRS    SRS    S-Ix   WRS       S    W    SOS
========================================================================================
 17 Seattle                         32-24   0.611   0.4    0.625  0.598     9    9    17   
 18 Calgary                         26-30   0.445   0.1    0.526  0.363     16   24   18   
 19 New Jersey                      36-19   0.746   0.8    0.740  0.752     2    3    19   
 20 Tampa Bay                       35-20   0.696   0.6    0.678  0.714     7    4    20   
 21 Los Angeles                     32-25   0.532   0.0    0.511  0.553     20   11   21   
 22 NY Rangers                      33-23   0.664   0.7    0.707  0.622     5    8    22   
 23 San Jose                        17-40   0.132   -0.8   0.263  0.000     27   32   23   
 24 Dallas                          30-27   0.592   0.6    0.690  0.495     6    12   24   

                                           -------Rating----------------  ----Rank----            
Rank Team                            W-L     KRS    SRS    S-Ix   WRS       S    W    SOS
========================================================================================
 25 Detroit                         26-29   0.410   -0.2   0.453  0.367     21   23   25   
 26 Nashville                       26-27   0.419   -0.2   0.434  0.404     23   19   26   
 27 Toronto                         34-22   0.692   0.7    0.725  0.659     4    5    27   
 28 Minnesota                       29-26   0.498   0.1    0.516  0.480     19   14   28   
 29 Buffalo                         28-26   0.515   0.2    0.563  0.467     13   15   29   
 30 Vegas                           34-22   0.629   0.4    0.621  0.636     10   7    30   
 31 Edmonton                        30-26   0.547   0.3    0.603  0.492     11   13   31   
 32 Winnipeg                        34-21   0.643   0.4    0.633  0.652     8    6    32   
</div></pre>
</div>
	</pre>
	</p>
	</span>
</body>
<body>
<h3>Other links</h3>
<h4>Home/h4>
	<ul>
			<li class="listyle"><a href="https://2skupz.github.io/index.html"> Index</a></li>
	</ul>
<h4>Pro</h4>
</body>
