<html>
<head>
<!-- Global Site Tag (gtag.js) - Google Analytics -->
<title>2023 NHL Rankings</title>
<script type="text/javascript" src="tabber.js">
</script>
<link href="https://fonts.googleapis.com/css?family=Roboto+Slab|Droid+Sans+Mono" rel="stylesheet">
<style>
 body {
			font-family: "Roboto Slab", serif;
			font-size: 12px;
			}
#data {
			font-family: "Droid Sans Mono", serif;
			font-size: 13px;
		}
</style>
<link rel="stylesheet" href="tabbedPage.css" TYPE="text/css" MEDIA="screen">
</head>
<body bgcolor=#fbeec1>
<hr>
<table width=100%>
<tr><td align=left>
<h1 align="center">2023 NHL Rankings</h1>
</td>
</tr></table>
<p>
Standings through 01.24.23
<hr>
<center>
<table width=100% border=1><tr>
<td valign=top>
<div class="tabber">
<div class="tabbertab" title="Ken Power Index">
<pre><div id=data>

                                           -------Rating----------------  ----Rank----            
Rank Team                            W-L     KRS    SRS    S-Ix   WRS       S    W    SOS
========================================================================================
  1 Boston                          38-9    1.000   1.7    1.000  1.000     1    1    29   
  2 New Jersey                      31-16   0.736   0.9    0.751  0.721     2    2    21   
  3 Tampa Bay                       30-16   0.688   0.6    0.673  0.703     5    3    24   
  4 Toronto                         29-19   0.680   0.8    0.723  0.638     4    6    16   
  5 Carolina                        29-17   0.673   0.6    0.673  0.673     6    4    18   
  6 Winnipeg                        31-18   0.669   0.6    0.668  0.670     7    5    30   
  7 Dallas                          28-21   0.641   0.8    0.731  0.552     3    11   28   
  8 Seattle                         27-19   0.636   0.5    0.648  0.624     8    7    10   

                                           -------Rating----------------  ----Rank----            
Rank Team                            W-L     KRS    SRS    S-Ix   WRS       S    W    SOS
========================================================================================
  9 Colorado                        26-20   0.599   0.4    0.628  0.571     11   9    6    
 10 Edmonton                        27-21   0.594   0.4    0.630  0.557     10   10   20   
 11 Vegas                           29-20   0.582   0.3    0.575  0.589     15   8    26   
 12 NY Rangers                      26-21   0.579   0.5    0.641  0.517     9    12   27   
 13 Buffalo                         25-22   0.549   0.4    0.610  0.488     12   16   23   
 14 Pittsburgh                      24-23   0.541   0.3    0.594  0.488     14   15   1    
 15 Washington                      25-25   0.521   0.3    0.599  0.443     13   17   12   
 16 Minnesota                       25-21   0.518   0.1    0.540  0.496     16   14   31   

                                           -------Rating----------------  ----Rank----            
Rank Team                            W-L     KRS    SRS    S-Ix   WRS       S    W    SOS
========================================================================================
 17 Los Angeles                     27-23   0.477   -0.1   0.454  0.500     20   13   19   
 18 Calgary                         23-25   0.471   0.1    0.537  0.405     17   19   17   
 19 NY Islanders                    23-26   0.444   0.1    0.514  0.374     18   22   14   
 20 Florida                         23-27   0.435   -0.0   0.492  0.378     19   21   2    
 21 Nashville                       23-24   0.418   -0.2   0.440  0.396     21   20   25   
 22 St Louis                        23-25   0.392   -0.4   0.379  0.405     24   18   13   
 23 Ottawa                          20-26   0.352   -0.4   0.388  0.315     23   23   7    
 24 Detroit                         20-26   0.346   -0.3   0.395  0.297     22   24   22   

                                           -------Rating----------------  ----Rank----            
Rank Team                            W-L     KRS    SRS    S-Ix   WRS       S    W    SOS
========================================================================================
 25 Vancouver                       19-28   0.310   -0.5   0.350  0.269     26   26   5    
 26 Philadelphia                    20-29   0.309   -0.5   0.362  0.256     25   27   15   
 27 Montreal                        20-28   0.241   -1.0   0.209  0.273     29   25   9    
 28 Arizona                         15-33   0.148   -1.0   0.209  0.087     28   28   3    
 29 San Jose                        14-35   0.112   -0.9   0.225  0.000     27   32   32   
 30 Chicago                         14-32   0.105   -1.2   0.134  0.077     30   29   8    
 31 Columbus                        14-33   0.081   -1.3   0.112  0.049     31   30   11   
 32 Anaheim                         14-34   0.021   -1.7   0.000  0.042     32   31   4    
</div></pre>
</div>
<div class="tabbertab" title="Points Based">
<pre><div id=data>

                                           -------Rating----------------  ----Rank----            
Rank Team                            W-L     KRS    SRS    S-Ix   WRS       S    W    SOS
========================================================================================
  1 Boston                          38-9    1.000   1.7    1.000  1.000     1    1    29   
  2 New Jersey                      31-16   0.736   0.9    0.751  0.721     2    2    21   
  3 Dallas                          28-21   0.641   0.8    0.731  0.552     3    11   28   
  4 Toronto                         29-19   0.680   0.8    0.723  0.638     4    6    16   
  5 Tampa Bay                       30-16   0.688   0.6    0.673  0.703     5    3    24   
  6 Carolina                        29-17   0.673   0.6    0.673  0.673     6    4    18   
  7 Winnipeg                        31-18   0.669   0.6    0.668  0.670     7    5    30   
  8 Seattle                         27-19   0.636   0.5    0.648  0.624     8    7    10   

                                           -------Rating----------------  ----Rank----            
Rank Team                            W-L     KRS    SRS    S-Ix   WRS       S    W    SOS
========================================================================================
  9 NY Rangers                      26-21   0.579   0.5    0.641  0.517     9    12   27   
 10 Edmonton                        27-21   0.594   0.4    0.630  0.557     10   10   20   
 11 Colorado                        26-20   0.599   0.4    0.628  0.571     11   9    6    
 12 Buffalo                         25-22   0.549   0.4    0.610  0.488     12   16   23   
 13 Washington                      25-25   0.521   0.3    0.599  0.443     13   17   12   
 14 Pittsburgh                      24-23   0.541   0.3    0.594  0.488     14   15   1    
 15 Vegas                           29-20   0.582   0.3    0.575  0.589     15   8    26   
 16 Minnesota                       25-21   0.518   0.1    0.540  0.496     16   14   31   

                                           -------Rating----------------  ----Rank----            
Rank Team                            W-L     KRS    SRS    S-Ix   WRS       S    W    SOS
========================================================================================
 17 Calgary                         23-25   0.471   0.1    0.537  0.405     17   19   17   
 18 NY Islanders                    23-26   0.444   0.1    0.514  0.374     18   22   14   
 19 Florida                         23-27   0.435   -0.0   0.492  0.378     19   21   2    
 20 Los Angeles                     27-23   0.477   -0.1   0.454  0.500     20   13   19   
 21 Nashville                       23-24   0.418   -0.2   0.440  0.396     21   20   25   
 22 Detroit                         20-26   0.346   -0.3   0.395  0.297     22   24   22   
 23 Ottawa                          20-26   0.352   -0.4   0.388  0.315     23   23   7    
 24 St Louis                        23-25   0.392   -0.4   0.379  0.405     24   18   13   

                                           -------Rating----------------  ----Rank----            
Rank Team                            W-L     KRS    SRS    S-Ix   WRS       S    W    SOS
========================================================================================
 25 Philadelphia                    20-29   0.309   -0.5   0.362  0.256     25   27   15   
 26 Vancouver                       19-28   0.310   -0.5   0.350  0.269     26   26   5    
 27 San Jose                        14-35   0.112   -0.9   0.225  0.000     27   32   32   
 28 Arizona                         15-33   0.148   -1.0   0.209  0.087     28   28   3    
 29 Montreal                        20-28   0.241   -1.0   0.209  0.273     29   25   9    
 30 Chicago                         14-32   0.105   -1.2   0.134  0.077     30   29   8    
 31 Columbus                        14-33   0.081   -1.3   0.112  0.049     31   30   11   
 32 Anaheim                         14-34   0.021   -1.7   0.000  0.042     32   31   4    
</div></pre>
</div>
<div class="tabbertab" title="Wins Based">
<pre><div id=data>

                                           -------Rating----------------  ----Rank----            
Rank Team                            W-L     KRS    SRS    S-Ix   WRS       S    W    SOS
========================================================================================
  1 Boston                          38-9    1.000   1.7    1.000  1.000     1    1    29   
  2 New Jersey                      31-16   0.736   0.9    0.751  0.721     2    2    21   
  3 Tampa Bay                       30-16   0.688   0.6    0.673  0.703     5    3    24   
  4 Carolina                        29-17   0.673   0.6    0.673  0.673     6    4    18   
  5 Winnipeg                        31-18   0.669   0.6    0.668  0.670     7    5    30   
  6 Toronto                         29-19   0.680   0.8    0.723  0.638     4    6    16   
  7 Seattle                         27-19   0.636   0.5    0.648  0.624     8    7    10   
  8 Vegas                           29-20   0.582   0.3    0.575  0.589     15   8    26   

                                           -------Rating----------------  ----Rank----            
Rank Team                            W-L     KRS    SRS    S-Ix   WRS       S    W    SOS
========================================================================================
  9 Colorado                        26-20   0.599   0.4    0.628  0.571     11   9    6    
 10 Edmonton                        27-21   0.594   0.4    0.630  0.557     10   10   20   
 11 Dallas                          28-21   0.641   0.8    0.731  0.552     3    11   28   
 12 NY Rangers                      26-21   0.579   0.5    0.641  0.517     9    12   27   
 13 Los Angeles                     27-23   0.477   -0.1   0.454  0.500     20   13   19   
 14 Minnesota                       25-21   0.518   0.1    0.540  0.496     16   14   31   
 15 Pittsburgh                      24-23   0.541   0.3    0.594  0.488     14   15   1    
 16 Buffalo                         25-22   0.549   0.4    0.610  0.488     12   16   23   

                                           -------Rating----------------  ----Rank----            
Rank Team                            W-L     KRS    SRS    S-Ix   WRS       S    W    SOS
========================================================================================
 17 Washington                      25-25   0.521   0.3    0.599  0.443     13   17   12   
 18 St Louis                        23-25   0.392   -0.4   0.379  0.405     24   18   13   
 19 Calgary                         23-25   0.471   0.1    0.537  0.405     17   19   17   
 20 Nashville                       23-24   0.418   -0.2   0.440  0.396     21   20   25   
 21 Florida                         23-27   0.435   -0.0   0.492  0.378     19   21   2    
 22 NY Islanders                    23-26   0.444   0.1    0.514  0.374     18   22   14   
 23 Ottawa                          20-26   0.352   -0.4   0.388  0.315     23   23   7    
 24 Detroit                         20-26   0.346   -0.3   0.395  0.297     22   24   22   

                                           -------Rating----------------  ----Rank----            
Rank Team                            W-L     KRS    SRS    S-Ix   WRS       S    W    SOS
========================================================================================
 25 Montreal                        20-28   0.241   -1.0   0.209  0.273     29   25   9    
 26 Vancouver                       19-28   0.310   -0.5   0.350  0.269     26   26   5    
 27 Philadelphia                    20-29   0.309   -0.5   0.362  0.256     25   27   15   
 28 Arizona                         15-33   0.148   -1.0   0.209  0.087     28   28   3    
 29 Chicago                         14-32   0.105   -1.2   0.134  0.077     30   29   8    
 30 Columbus                        14-33   0.081   -1.3   0.112  0.049     31   30   11   
 31 Anaheim                         14-34   0.021   -1.7   0.000  0.042     32   31   4    
 32 San Jose                        14-35   0.112   -0.9   0.225  0.000     27   32   32   
</div></pre>
</div>
<div class="tabbertab" title="BCS">
<pre><div id=data>

                                           -------Rating----------------  ----Rank----            
Rank Team                            W-L     KRS    SRS    S-Ix   WRS       S    W    SOS
========================================================================================
  1 Boston                          38-9    1.000   1.7    1.000  1.000     1    1    29   
  2 New Jersey                      31-16   0.736   0.9    0.751  0.721     2    2    21   
  3 Tampa Bay                       30-16   0.688   0.6    0.673  0.703     5    3    24   
  4 Toronto                         29-19   0.680   0.8    0.723  0.638     4    6    16   
  5 Carolina                        29-17   0.673   0.6    0.673  0.673     6    4    18   
  6 Winnipeg                        31-18   0.669   0.6    0.668  0.670     7    5    30   
  7 Dallas                          28-21   0.641   0.8    0.731  0.552     3    11   28   
  8 Seattle                         27-19   0.636   0.5    0.648  0.624     8    7    10   

                                           -------Rating----------------  ----Rank----            
Rank Team                            W-L     KRS    SRS    S-Ix   WRS       S    W    SOS
========================================================================================
  9 Colorado                        26-20   0.599   0.4    0.628  0.571     11   9    6    
 10 Edmonton                        27-21   0.594   0.4    0.630  0.557     10   10   20   
 11 Vegas                           29-20   0.582   0.3    0.575  0.589     15   8    26   
 12 NY Rangers                      26-21   0.579   0.5    0.641  0.517     9    12   27   
 13 Buffalo                         25-22   0.549   0.4    0.610  0.488     12   16   23   
 14 Pittsburgh                      24-23   0.541   0.3    0.594  0.488     14   15   1    
 15 Washington                      25-25   0.521   0.3    0.599  0.443     13   17   12   
 16 Minnesota                       25-21   0.518   0.1    0.540  0.496     16   14   31   

                                           -------Rating----------------  ----Rank----            
Rank Team                            W-L     KRS    SRS    S-Ix   WRS       S    W    SOS
========================================================================================
 17 Los Angeles                     27-23   0.477   -0.1   0.454  0.500     20   13   19   
 18 Calgary                         23-25   0.471   0.1    0.537  0.405     17   19   17   
 19 NY Islanders                    23-26   0.444   0.1    0.514  0.374     18   22   14   
 20 Florida                         23-27   0.435   -0.0   0.492  0.378     19   21   2    
 21 Nashville                       23-24   0.418   -0.2   0.440  0.396     21   20   25   
 22 St Louis                        23-25   0.392   -0.4   0.379  0.405     24   18   13   
 23 Ottawa                          20-26   0.352   -0.4   0.388  0.315     23   23   7    
 24 Detroit                         20-26   0.346   -0.3   0.395  0.297     22   24   22   

                                           -------Rating----------------  ----Rank----            
Rank Team                            W-L     KRS    SRS    S-Ix   WRS       S    W    SOS
========================================================================================
 25 Vancouver                       19-28   0.310   -0.5   0.350  0.269     26   26   5    
 26 Philadelphia                    20-29   0.309   -0.5   0.362  0.256     25   27   15   
 27 Montreal                        20-28   0.241   -1.0   0.209  0.273     29   25   9    
 28 Arizona                         15-33   0.148   -1.0   0.209  0.087     28   28   3    
 29 San Jose                        14-35   0.112   -0.9   0.225  0.000     27   32   32   
 30 Chicago                         14-32   0.105   -1.2   0.134  0.077     30   29   8    
 31 Columbus                        14-33   0.081   -1.3   0.112  0.049     31   30   11   
 32 Anaheim                         14-34   0.021   -1.7   0.000  0.042     32   31   4    
</div></pre>
</div>
<div class="tabbertab" title="SOS">
<pre><div id=data>

                                           -------Rating----------------  ----Rank----            
Rank Team                            W-L     KRS    SRS    S-Ix   WRS       S    W    SOS
========================================================================================
  1 Pittsburgh                      24-23   0.541   0.3    0.594  0.488     14   15   1    
  2 Florida                         23-27   0.435   -0.0   0.492  0.378     19   21   2    
  3 Arizona                         15-33   0.148   -1.0   0.209  0.087     28   28   3    
  4 Anaheim                         14-34   0.021   -1.7   0.000  0.042     32   31   4    
  5 Vancouver                       19-28   0.310   -0.5   0.350  0.269     26   26   5    
  6 Colorado                        26-20   0.599   0.4    0.628  0.571     11   9    6    
  7 Ottawa                          20-26   0.352   -0.4   0.388  0.315     23   23   7    
  8 Chicago                         14-32   0.105   -1.2   0.134  0.077     30   29   8    

                                           -------Rating----------------  ----Rank----            
Rank Team                            W-L     KRS    SRS    S-Ix   WRS       S    W    SOS
========================================================================================
  9 Montreal                        20-28   0.241   -1.0   0.209  0.273     29   25   9    
 10 Seattle                         27-19   0.636   0.5    0.648  0.624     8    7    10   
 11 Columbus                        14-33   0.081   -1.3   0.112  0.049     31   30   11   
 12 Washington                      25-25   0.521   0.3    0.599  0.443     13   17   12   
 13 St Louis                        23-25   0.392   -0.4   0.379  0.405     24   18   13   
 14 NY Islanders                    23-26   0.444   0.1    0.514  0.374     18   22   14   
 15 Philadelphia                    20-29   0.309   -0.5   0.362  0.256     25   27   15   
 16 Toronto                         29-19   0.680   0.8    0.723  0.638     4    6    16   

                                           -------Rating----------------  ----Rank----            
Rank Team                            W-L     KRS    SRS    S-Ix   WRS       S    W    SOS
========================================================================================
 17 Calgary                         23-25   0.471   0.1    0.537  0.405     17   19   17   
 18 Carolina                        29-17   0.673   0.6    0.673  0.673     6    4    18   
 19 Los Angeles                     27-23   0.477   -0.1   0.454  0.500     20   13   19   
 20 Edmonton                        27-21   0.594   0.4    0.630  0.557     10   10   20   
 21 New Jersey                      31-16   0.736   0.9    0.751  0.721     2    2    21   
 22 Detroit                         20-26   0.346   -0.3   0.395  0.297     22   24   22   
 23 Buffalo                         25-22   0.549   0.4    0.610  0.488     12   16   23   
 24 Tampa Bay                       30-16   0.688   0.6    0.673  0.703     5    3    24   

                                           -------Rating----------------  ----Rank----            
Rank Team                            W-L     KRS    SRS    S-Ix   WRS       S    W    SOS
========================================================================================
 25 Nashville                       23-24   0.418   -0.2   0.440  0.396     21   20   25   
 26 Vegas                           29-20   0.582   0.3    0.575  0.589     15   8    26   
 27 NY Rangers                      26-21   0.579   0.5    0.641  0.517     9    12   27   
 28 Dallas                          28-21   0.641   0.8    0.731  0.552     3    11   28   
 29 Boston                          38-9    1.000   1.7    1.000  1.000     1    1    29   
 30 Winnipeg                        31-18   0.669   0.6    0.668  0.670     7    5    30   
 31 Minnesota                       25-21   0.518   0.1    0.540  0.496     16   14   31   
 32 San Jose                        14-35   0.112   -0.9   0.225  0.000     27   32   32   
</div></pre>
</div>
	</pre>
	</p>
	</span>
</body>
<body>
<h3>Other links</h3>
<h4>Pro</h4>
	<ul>
			<li class="listyle"><a href="https://2skupz.github.io/nflKpi.html"> NFL</a></li>
			<li class="listyle"><a href="https://2skupz.github.io/nbaKpi.html"> NBA</a></li>
			<li class="listyle"><a href="https://2skupz.github.io/nhlKpi.html"> NHL</a></li>
	</ul>
<h4>Football</h4>
	<ul>
			<li class="listyle"><a href="https://2skupz.github.io/fbD1Rankings.html"> Division I</a></li>
			<li class="listyle"><a href="https://2skupz.github.io/fbFBSRankings.html"> Division I - FBS</a></li>
			<li class="listyle"><a href="https://2skupz.github.io/fbFCSRankings.html"> Division I - FCS</a></li>
			<li class="listyle"><a href="https://2skupz.github.io/fbD2Rankings.html"> Division II</a></li>
			<li class="listyle"><a href="https://2skupz.github.io/fbD3Rankings.html"> Division III</a></li>
	</ul>
<h4>Baseball</h4>
	<ul>
			<li class="listyle"><a href="https://2skupz.github.io/mlbPlayoffOdds.html"> MLB Playoff Odds</a></li>
			<li class="listyle"><a href="https://2skupz.github.io/baseD1Rankings.html"> Division 1</a></li>
			<li class="listyle"><a href="https://2skupz.github.io/baseD1Rankings.html"> Division 2</a></li>
			<li class="listyle"><a href="https://2skupz.github.io/baseD1Rankings.html"> Division 3</a></li>
	</ul>
<h4>Men's College Basketball</h4>
	<ul>
			<li class="listyle"><a href="https://2skupz.github.io/d1MbbRankings.html"> Division 1</a></li>
			<li class="listyle"><a href="https://2skupz.github.io/d2MbbRankings.html"> Division 2</a></li>
			<li class="listyle"><a href="https://2skupz.github.io/d3MbbRankings.html"> Division 3</a></li>
			<li class="listyle"><a href="https://2skupz.github.io/uSportMbbRankings.html"> U Sports</a></li>
	</ul>
<h4>Women's College Basketball</h4>
	<ul>
			<li class="listyle"><a href="https://2skupz.github.io/d1WbbRankings.html"> Division 1</a></li>
			<li class="listyle"><a href="https://2skupz.github.io/d2WbbRankings.html"> Division 2</a></li>
			<li class="listyle"><a href="https://2skupz.github.io/d3WbbRankings.html"> Division 3</a></li>
			<li class="listyle"><a href="https://2skupz.github.io/uSportsWbbRankings.html"> U Sports</a></li>
	</ul>
</body>
