<html>
<head>
<!-- Global Site Tag (gtag.js) - Google Analytics -->
<title>2023 NHL Rankings</title>
<script type="text/javascript" src="tabber.js">
</script>
<link href="https://fonts.googleapis.com/css?family=Roboto+Slab|Droid+Sans+Mono" rel="stylesheet">
<style>
 body {
			font-family: "Roboto Slab", serif;
			font-size: 12px;
			}
#data {
			font-family: "Droid Sans Mono", serif;
			font-size: 13px;
		}
</style>
<link rel="stylesheet" href="tabbedPage.css" TYPE="text/css" MEDIA="screen">
</head>
<body bgcolor=#fbeec1>
<hr>
<table width=100%>
<tr><td align=left>
<h1 align="center">2023 NHL Rankings</h1>
</td>
</tr></table>
<p>
Standings through 03.14.23
<hr>
<center>
<table width=100% border=1><tr>
<td valign=top>
<div class="tabber">
<div class="tabbertab" title="Ken Power Index">
<pre><div id=data>

                                           -------Rating----------------  ----Rank----            
Rank Team                            W-L     KRS    SRS    S-Ix   WRS       S    W    SOS
========================================================================================
  1 Boston                          50-16   1.000   1.5    1.000  1.000     1    1    19   
  2 Carolina                        44-22   0.782   0.8    0.759  0.805     3    2    24   
  3 New Jersey                      44-23   0.775   0.8    0.762  0.788     2    3    22   
  4 Toronto                         40-26   0.700   0.7    0.721  0.679     5    5    26   
  5 Vegas                           42-26   0.667   0.4    0.639  0.695     9    4    30   
  6 Dallas                          37-31   0.640   0.7    0.728  0.552     4    14   29   
  7 Tampa Bay                       40-28   0.636   0.4    0.631  0.641     10   6    25   
  8 NY Rangers                      38-29   0.633   0.5    0.658  0.608     6    9    15   

                                           -------Rating----------------  ----Rank----            
Rank Team                            W-L     KRS    SRS    S-Ix   WRS       S    W    SOS
========================================================================================
  9 Colorado                        37-28   0.633   0.5    0.647  0.619     8    7    11   
 10 Edmonton                        37-31   0.609   0.5    0.655  0.562     7    13   20   
 11 Seattle                         37-30   0.579   0.3    0.580  0.578     11   11   17   
 12 Los Angeles                     39-29   0.578   0.1    0.539  0.616     14   8    18   
 13 Winnipeg                        38-30   0.575   0.2    0.570  0.581     12   10   27   
 14 Minnesota                       38-29   0.565   0.2    0.552  0.578     13   12   31   
 15 Pittsburgh                      34-33   0.509   0.1    0.524  0.494     17   15   7    
 16 NY Islanders                    34-35   0.499   0.1    0.533  0.464     15   19   5    

                                           -------Rating----------------  ----Rank----            
Rank Team                            W-L     KRS    SRS    S-Ix   WRS       S    W    SOS
========================================================================================
 17 Buffalo                         33-33   0.497   0.1    0.516  0.478     19   16   6    
 18 Florida                         33-34   0.496   0.1    0.522  0.469     18   18   3    
 19 Washington                      32-36   0.468   0.1    0.525  0.410     16   21   12   
 20 Nashville                       34-31   0.461   -0.1   0.445  0.477     21   17   32   
 21 Ottawa                          33-34   0.442   -0.1   0.443  0.442     22   20   23   
 22 Calgary                         30-38   0.421   0.0    0.495  0.347     20   24   16   
 23 Detroit                         30-37   0.382   -0.3   0.401  0.363     23   22   10   
 24 Vancouver                       29-37   0.361   -0.4   0.371  0.351     24   23   4    

                                           -------Rating----------------  ----Rank----            
Rank Team                            W-L     KRS    SRS    S-Ix   WRS       S    W    SOS
========================================================================================
 25 St Louis                        29-37   0.315   -0.6   0.296  0.335     25   25   21   
 26 Montreal                        27-41   0.233   -0.8   0.210  0.256     28   26   9    
 27 Philadelphia                    24-43   0.229   -0.7   0.264  0.194     26   28   1    
 28 Arizona                         25-43   0.224   -0.7   0.254  0.194     27   27   14   
 29 Chicago                         23-44   0.145   -1.0   0.150  0.141     30   29   13   
 30 Columbus                        21-45   0.113   -1.1   0.130  0.096     31   31   2    
 31 San Jose                        19-49   0.076   -1.0   0.153  0.000     29   32   28   
 32 Anaheim                         22-45   0.054   -1.5   0.000  0.108     32   30   8    
</div></pre>
</div>
<div class="tabbertab" title="Points Based">
<pre><div id=data>

                                           -------Rating----------------  ----Rank----            
Rank Team                            W-L     KRS    SRS    S-Ix   WRS       S    W    SOS
========================================================================================
  1 Boston                          50-16   1.000   1.5    1.000  1.000     1    1    19   
  2 New Jersey                      44-23   0.775   0.8    0.762  0.788     2    3    22   
  3 Carolina                        44-22   0.782   0.8    0.759  0.805     3    2    24   
  4 Dallas                          37-31   0.640   0.7    0.728  0.552     4    14   29   
  5 Toronto                         40-26   0.700   0.7    0.721  0.679     5    5    26   
  6 NY Rangers                      38-29   0.633   0.5    0.658  0.608     6    9    15   
  7 Edmonton                        37-31   0.609   0.5    0.655  0.562     7    13   20   
  8 Colorado                        37-28   0.633   0.5    0.647  0.619     8    7    11   

                                           -------Rating----------------  ----Rank----            
Rank Team                            W-L     KRS    SRS    S-Ix   WRS       S    W    SOS
========================================================================================
  9 Vegas                           42-26   0.667   0.4    0.639  0.695     9    4    30   
 10 Tampa Bay                       40-28   0.636   0.4    0.631  0.641     10   6    25   
 11 Seattle                         37-30   0.579   0.3    0.580  0.578     11   11   17   
 12 Winnipeg                        38-30   0.575   0.2    0.570  0.581     12   10   27   
 13 Minnesota                       38-29   0.565   0.2    0.552  0.578     13   12   31   
 14 Los Angeles                     39-29   0.578   0.1    0.539  0.616     14   8    18   
 15 NY Islanders                    34-35   0.499   0.1    0.533  0.464     15   19   5    
 16 Washington                      32-36   0.468   0.1    0.525  0.410     16   21   12   

                                           -------Rating----------------  ----Rank----            
Rank Team                            W-L     KRS    SRS    S-Ix   WRS       S    W    SOS
========================================================================================
 17 Pittsburgh                      34-33   0.509   0.1    0.524  0.494     17   15   7    
 18 Florida                         33-34   0.496   0.1    0.522  0.469     18   18   3    
 19 Buffalo                         33-33   0.497   0.1    0.516  0.478     19   16   6    
 20 Calgary                         30-38   0.421   0.0    0.495  0.347     20   24   16   
 21 Nashville                       34-31   0.461   -0.1   0.445  0.477     21   17   32   
 22 Ottawa                          33-34   0.442   -0.1   0.443  0.442     22   20   23   
 23 Detroit                         30-37   0.382   -0.3   0.401  0.363     23   22   10   
 24 Vancouver                       29-37   0.361   -0.4   0.371  0.351     24   23   4    

                                           -------Rating----------------  ----Rank----            
Rank Team                            W-L     KRS    SRS    S-Ix   WRS       S    W    SOS
========================================================================================
 25 St Louis                        29-37   0.315   -0.6   0.296  0.335     25   25   21   
 26 Philadelphia                    24-43   0.229   -0.7   0.264  0.194     26   28   1    
 27 Arizona                         25-43   0.224   -0.7   0.254  0.194     27   27   14   
 28 Montreal                        27-41   0.233   -0.8   0.210  0.256     28   26   9    
 29 San Jose                        19-49   0.076   -1.0   0.153  0.000     29   32   28   
 30 Chicago                         23-44   0.145   -1.0   0.150  0.141     30   29   13   
 31 Columbus                        21-45   0.113   -1.1   0.130  0.096     31   31   2    
 32 Anaheim                         22-45   0.054   -1.5   0.000  0.108     32   30   8    
</div></pre>
</div>
<div class="tabbertab" title="Wins Based">
<pre><div id=data>

                                           -------Rating----------------  ----Rank----            
Rank Team                            W-L     KRS    SRS    S-Ix   WRS       S    W    SOS
========================================================================================
  1 Boston                          50-16   1.000   1.5    1.000  1.000     1    1    19   
  2 Carolina                        44-22   0.782   0.8    0.759  0.805     3    2    24   
  3 New Jersey                      44-23   0.775   0.8    0.762  0.788     2    3    22   
  4 Vegas                           42-26   0.667   0.4    0.639  0.695     9    4    30   
  5 Toronto                         40-26   0.700   0.7    0.721  0.679     5    5    26   
  6 Tampa Bay                       40-28   0.636   0.4    0.631  0.641     10   6    25   
  7 Colorado                        37-28   0.633   0.5    0.647  0.619     8    7    11   
  8 Los Angeles                     39-29   0.578   0.1    0.539  0.616     14   8    18   

                                           -------Rating----------------  ----Rank----            
Rank Team                            W-L     KRS    SRS    S-Ix   WRS       S    W    SOS
========================================================================================
  9 NY Rangers                      38-29   0.633   0.5    0.658  0.608     6    9    15   
 10 Winnipeg                        38-30   0.575   0.2    0.570  0.581     12   10   27   
 11 Seattle                         37-30   0.579   0.3    0.580  0.578     11   11   17   
 12 Minnesota                       38-29   0.565   0.2    0.552  0.578     13   12   31   
 13 Edmonton                        37-31   0.609   0.5    0.655  0.562     7    13   20   
 14 Dallas                          37-31   0.640   0.7    0.728  0.552     4    14   29   
 15 Pittsburgh                      34-33   0.509   0.1    0.524  0.494     17   15   7    
 16 Buffalo                         33-33   0.497   0.1    0.516  0.478     19   16   6    

                                           -------Rating----------------  ----Rank----            
Rank Team                            W-L     KRS    SRS    S-Ix   WRS       S    W    SOS
========================================================================================
 17 Nashville                       34-31   0.461   -0.1   0.445  0.477     21   17   32   
 18 Florida                         33-34   0.496   0.1    0.522  0.469     18   18   3    
 19 NY Islanders                    34-35   0.499   0.1    0.533  0.464     15   19   5    
 20 Ottawa                          33-34   0.442   -0.1   0.443  0.442     22   20   23   
 21 Washington                      32-36   0.468   0.1    0.525  0.410     16   21   12   
 22 Detroit                         30-37   0.382   -0.3   0.401  0.363     23   22   10   
 23 Vancouver                       29-37   0.361   -0.4   0.371  0.351     24   23   4    
 24 Calgary                         30-38   0.421   0.0    0.495  0.347     20   24   16   

                                           -------Rating----------------  ----Rank----            
Rank Team                            W-L     KRS    SRS    S-Ix   WRS       S    W    SOS
========================================================================================
 25 St Louis                        29-37   0.315   -0.6   0.296  0.335     25   25   21   
 26 Montreal                        27-41   0.233   -0.8   0.210  0.256     28   26   9    
 27 Arizona                         25-43   0.224   -0.7   0.254  0.194     27   27   14   
 28 Philadelphia                    24-43   0.229   -0.7   0.264  0.194     26   28   1    
 29 Chicago                         23-44   0.145   -1.0   0.150  0.141     30   29   13   
 30 Anaheim                         22-45   0.054   -1.5   0.000  0.108     32   30   8    
 31 Columbus                        21-45   0.113   -1.1   0.130  0.096     31   31   2    
 32 San Jose                        19-49   0.076   -1.0   0.153  0.000     29   32   28   
</div></pre>
</div>
<div class="tabbertab" title="BCS">
<pre><div id=data>

                                           -------Rating----------------  ----Rank----            
Rank Team                            W-L     KRS    SRS    S-Ix   WRS       S    W    SOS
========================================================================================
  1 Boston                          50-16   1.000   1.5    1.000  1.000     1    1    19   
  2 Carolina                        44-22   0.782   0.8    0.759  0.805     3    2    24   
  3 New Jersey                      44-23   0.775   0.8    0.762  0.788     2    3    22   
  4 Toronto                         40-26   0.700   0.7    0.721  0.679     5    5    26   
  5 Vegas                           42-26   0.667   0.4    0.639  0.695     9    4    30   
  6 Dallas                          37-31   0.640   0.7    0.728  0.552     4    14   29   
  7 Tampa Bay                       40-28   0.636   0.4    0.631  0.641     10   6    25   
  8 NY Rangers                      38-29   0.633   0.5    0.658  0.608     6    9    15   

                                           -------Rating----------------  ----Rank----            
Rank Team                            W-L     KRS    SRS    S-Ix   WRS       S    W    SOS
========================================================================================
  9 Colorado                        37-28   0.633   0.5    0.647  0.619     8    7    11   
 10 Edmonton                        37-31   0.609   0.5    0.655  0.562     7    13   20   
 11 Seattle                         37-30   0.579   0.3    0.580  0.578     11   11   17   
 12 Los Angeles                     39-29   0.578   0.1    0.539  0.616     14   8    18   
 13 Winnipeg                        38-30   0.575   0.2    0.570  0.581     12   10   27   
 14 Minnesota                       38-29   0.565   0.2    0.552  0.578     13   12   31   
 15 Pittsburgh                      34-33   0.509   0.1    0.524  0.494     17   15   7    
 16 NY Islanders                    34-35   0.499   0.1    0.533  0.464     15   19   5    

                                           -------Rating----------------  ----Rank----            
Rank Team                            W-L     KRS    SRS    S-Ix   WRS       S    W    SOS
========================================================================================
 17 Buffalo                         33-33   0.497   0.1    0.516  0.478     19   16   6    
 18 Florida                         33-34   0.496   0.1    0.522  0.469     18   18   3    
 19 Washington                      32-36   0.468   0.1    0.525  0.410     16   21   12   
 20 Nashville                       34-31   0.461   -0.1   0.445  0.477     21   17   32   
 21 Ottawa                          33-34   0.442   -0.1   0.443  0.442     22   20   23   
 22 Calgary                         30-38   0.421   0.0    0.495  0.347     20   24   16   
 23 Detroit                         30-37   0.382   -0.3   0.401  0.363     23   22   10   
 24 Vancouver                       29-37   0.361   -0.4   0.371  0.351     24   23   4    

                                           -------Rating----------------  ----Rank----            
Rank Team                            W-L     KRS    SRS    S-Ix   WRS       S    W    SOS
========================================================================================
 25 St Louis                        29-37   0.315   -0.6   0.296  0.335     25   25   21   
 26 Montreal                        27-41   0.233   -0.8   0.210  0.256     28   26   9    
 27 Philadelphia                    24-43   0.229   -0.7   0.264  0.194     26   28   1    
 28 Arizona                         25-43   0.224   -0.7   0.254  0.194     27   27   14   
 29 Chicago                         23-44   0.145   -1.0   0.150  0.141     30   29   13   
 30 Columbus                        21-45   0.113   -1.1   0.130  0.096     31   31   2    
 31 San Jose                        19-49   0.076   -1.0   0.153  0.000     29   32   28   
 32 Anaheim                         22-45   0.054   -1.5   0.000  0.108     32   30   8    
</div></pre>
</div>
<div class="tabbertab" title="SOS">
<pre><div id=data>

                                           -------Rating----------------  ----Rank----            
Rank Team                            W-L     KRS    SRS    S-Ix   WRS       S    W    SOS
========================================================================================
  1 Philadelphia                    24-43   0.229   -0.7   0.264  0.194     26   28   1    
  2 Columbus                        21-45   0.113   -1.1   0.130  0.096     31   31   2    
  3 Florida                         33-34   0.496   0.1    0.522  0.469     18   18   3    
  4 Vancouver                       29-37   0.361   -0.4   0.371  0.351     24   23   4    
  5 NY Islanders                    34-35   0.499   0.1    0.533  0.464     15   19   5    
  6 Buffalo                         33-33   0.497   0.1    0.516  0.478     19   16   6    
  7 Pittsburgh                      34-33   0.509   0.1    0.524  0.494     17   15   7    
  8 Anaheim                         22-45   0.054   -1.5   0.000  0.108     32   30   8    

                                           -------Rating----------------  ----Rank----            
Rank Team                            W-L     KRS    SRS    S-Ix   WRS       S    W    SOS
========================================================================================
  9 Montreal                        27-41   0.233   -0.8   0.210  0.256     28   26   9    
 10 Detroit                         30-37   0.382   -0.3   0.401  0.363     23   22   10   
 11 Colorado                        37-28   0.633   0.5    0.647  0.619     8    7    11   
 12 Washington                      32-36   0.468   0.1    0.525  0.410     16   21   12   
 13 Chicago                         23-44   0.145   -1.0   0.150  0.141     30   29   13   
 14 Arizona                         25-43   0.224   -0.7   0.254  0.194     27   27   14   
 15 NY Rangers                      38-29   0.633   0.5    0.658  0.608     6    9    15   
 16 Calgary                         30-38   0.421   0.0    0.495  0.347     20   24   16   

                                           -------Rating----------------  ----Rank----            
Rank Team                            W-L     KRS    SRS    S-Ix   WRS       S    W    SOS
========================================================================================
 17 Seattle                         37-30   0.579   0.3    0.580  0.578     11   11   17   
 18 Los Angeles                     39-29   0.578   0.1    0.539  0.616     14   8    18   
 19 Boston                          50-16   1.000   1.5    1.000  1.000     1    1    19   
 20 Edmonton                        37-31   0.609   0.5    0.655  0.562     7    13   20   
 21 St Louis                        29-37   0.315   -0.6   0.296  0.335     25   25   21   
 22 New Jersey                      44-23   0.775   0.8    0.762  0.788     2    3    22   
 23 Ottawa                          33-34   0.442   -0.1   0.443  0.442     22   20   23   
 24 Carolina                        44-22   0.782   0.8    0.759  0.805     3    2    24   

                                           -------Rating----------------  ----Rank----            
Rank Team                            W-L     KRS    SRS    S-Ix   WRS       S    W    SOS
========================================================================================
 25 Tampa Bay                       40-28   0.636   0.4    0.631  0.641     10   6    25   
 26 Toronto                         40-26   0.700   0.7    0.721  0.679     5    5    26   
 27 Winnipeg                        38-30   0.575   0.2    0.570  0.581     12   10   27   
 28 San Jose                        19-49   0.076   -1.0   0.153  0.000     29   32   28   
 29 Dallas                          37-31   0.640   0.7    0.728  0.552     4    14   29   
 30 Vegas                           42-26   0.667   0.4    0.639  0.695     9    4    30   
 31 Minnesota                       38-29   0.565   0.2    0.552  0.578     13   12   31   
 32 Nashville                       34-31   0.461   -0.1   0.445  0.477     21   17   32   
</div></pre>
</div>
	</pre>
	</p>
	</span>
</body>
<body>
<h3>Other links</h3>
<h4>Home</h4>
	<ul>
			<li class="listyle"><a href="https://2skupz.github.io/index.html"> Index</a></li>
	</ul>
</body>
