<html>
<head>
<!-- Global Site Tag (gtag.js) - Google Analytics -->
<title>2023 NHL Rankings</title>
<script type="text/javascript" src="tabber.js">
</script>
<link href="https://fonts.googleapis.com/css?family=Roboto+Slab|Droid+Sans+Mono" rel="stylesheet">
<style>
 body {
			font-family: "Roboto Slab", serif;
			font-size: 12px;
			}
#data {
			font-family: "Droid Sans Mono", serif;
			font-size: 13px;
		}
</style>
<link rel="stylesheet" href="tabbedPage.css" TYPE="text/css" MEDIA="screen">
</head>
<body bgcolor=#fbeec1>
<hr>
<table width=100%>
<tr><td align=left>
<h1 align="center">2023 NHL Rankings</h1>
</td>
</tr></table>
<p>
Standings through 03.15.23
<hr>
<center>
<table width=100% border=1><tr>
<td valign=top>
<div class="tabber">
<div class="tabbertab" title="Ken Power Index">
<pre><div id=data>

                                           -------Rating----------------  ----Rank----            
Rank Team                            W-L     KRS    SRS    S-Ix   WRS       S    W    SOS
========================================================================================
  1 Boston                          50-16   1.000   1.5    1.000  1.000     1    1    19   
  2 Carolina                        44-22   0.784   0.8    0.761  0.806     3    2    25   
  3 New Jersey                      44-23   0.776   0.8    0.764  0.788     2    3    22   
  4 Toronto                         40-27   0.691   0.7    0.717  0.664     5    5    23   
  5 Vegas                           42-26   0.668   0.4    0.642  0.695     9    4    30   
  6 Colorado                        38-28   0.645   0.5    0.655  0.635     8    7    8    
  7 Dallas                          37-31   0.642   0.7    0.730  0.554     4    14   29   
  8 Tampa Bay                       40-28   0.637   0.4    0.633  0.640     10   6    26   

                                           -------Rating----------------  ----Rank----            
Rank Team                            W-L     KRS    SRS    S-Ix   WRS       S    W    SOS
========================================================================================
  9 NY Rangers                      38-29   0.635   0.5    0.660  0.609     6    9    15   
 10 Edmonton                        37-31   0.610   0.5    0.658  0.562     7    13   21   
 11 Seattle                         37-30   0.581   0.3    0.583  0.578     11   12   17   
 12 Los Angeles                     39-29   0.580   0.1    0.542  0.617     15   8    18   
 13 Minnesota                       39-29   0.578   0.2    0.566  0.589     13   10   31   
 14 Winnipeg                        38-30   0.577   0.2    0.573  0.582     12   11   27   
 15 Pittsburgh                      34-33   0.511   0.1    0.528  0.494     17   15   7    
 16 NY Islanders                    35-35   0.509   0.1    0.542  0.475     14   17   11   

                                           -------Rating----------------  ----Rank----            
Rank Team                            W-L     KRS    SRS    S-Ix   WRS       S    W    SOS
========================================================================================
 17 Florida                         33-34   0.497   0.1    0.526  0.469     18   18   3    
 18 Buffalo                         33-34   0.488   0.1    0.515  0.462     19   19   5    
 19 Washington                      33-36   0.480   0.1    0.533  0.426     16   21   12   
 20 Nashville                       34-31   0.463   -0.1   0.449  0.478     21   16   32   
 21 Ottawa                          33-34   0.444   -0.1   0.446  0.442     22   20   24   
 22 Calgary                         30-38   0.423   0.0    0.499  0.348     20   24   16   
 23 Detroit                         30-37   0.384   -0.3   0.405  0.363     23   22   10   
 24 Vancouver                       29-37   0.364   -0.4   0.375  0.352     24   23   4    

                                           -------Rating----------------  ----Rank----            
Rank Team                            W-L     KRS    SRS    S-Ix   WRS       S    W    SOS
========================================================================================
 25 St Louis                        29-38   0.307   -0.6   0.290  0.324     25   25   20   
 26 Montreal                        27-41   0.236   -0.8   0.215  0.256     28   26   9    
 27 Philadelphia                    24-43   0.232   -0.7   0.269  0.195     26   27   1    
 28 Arizona                         25-43   0.227   -0.7   0.259  0.195     27   28   13   
 29 Chicago                         23-44   0.148   -1.0   0.155  0.141     30   29   14   
 30 Columbus                        21-45   0.116   -1.1   0.136  0.097     31   31   2    
 31 San Jose                        19-49   0.079   -1.0   0.158  0.000     29   32   28   
 32 Anaheim                         22-46   0.049   -1.5   0.000  0.099     32   30   6    
</div></pre>
</div>
<div class="tabbertab" title="Points Based">
<pre><div id=data>

                                           -------Rating----------------  ----Rank----            
Rank Team                            W-L     KRS    SRS    S-Ix   WRS       S    W    SOS
========================================================================================
  1 Boston                          50-16   1.000   1.5    1.000  1.000     1    1    19   
  2 New Jersey                      44-23   0.776   0.8    0.764  0.788     2    3    22   
  3 Carolina                        44-22   0.784   0.8    0.761  0.806     3    2    25   
  4 Dallas                          37-31   0.642   0.7    0.730  0.554     4    14   29   
  5 Toronto                         40-27   0.691   0.7    0.717  0.664     5    5    23   
  6 NY Rangers                      38-29   0.635   0.5    0.660  0.609     6    9    15   
  7 Edmonton                        37-31   0.610   0.5    0.658  0.562     7    13   21   
  8 Colorado                        38-28   0.645   0.5    0.655  0.635     8    7    8    

                                           -------Rating----------------  ----Rank----            
Rank Team                            W-L     KRS    SRS    S-Ix   WRS       S    W    SOS
========================================================================================
  9 Vegas                           42-26   0.668   0.4    0.642  0.695     9    4    30   
 10 Tampa Bay                       40-28   0.637   0.4    0.633  0.640     10   6    26   
 11 Seattle                         37-30   0.581   0.3    0.583  0.578     11   12   17   
 12 Winnipeg                        38-30   0.577   0.2    0.573  0.582     12   11   27   
 13 Minnesota                       39-29   0.578   0.2    0.566  0.589     13   10   31   
 14 NY Islanders                    35-35   0.509   0.1    0.542  0.475     14   17   11   
 15 Los Angeles                     39-29   0.580   0.1    0.542  0.617     15   8    18   
 16 Washington                      33-36   0.480   0.1    0.533  0.426     16   21   12   

                                           -------Rating----------------  ----Rank----            
Rank Team                            W-L     KRS    SRS    S-Ix   WRS       S    W    SOS
========================================================================================
 17 Pittsburgh                      34-33   0.511   0.1    0.528  0.494     17   15   7    
 18 Florida                         33-34   0.497   0.1    0.526  0.469     18   18   3    
 19 Buffalo                         33-34   0.488   0.1    0.515  0.462     19   19   5    
 20 Calgary                         30-38   0.423   0.0    0.499  0.348     20   24   16   
 21 Nashville                       34-31   0.463   -0.1   0.449  0.478     21   16   32   
 22 Ottawa                          33-34   0.444   -0.1   0.446  0.442     22   20   24   
 23 Detroit                         30-37   0.384   -0.3   0.405  0.363     23   22   10   
 24 Vancouver                       29-37   0.364   -0.4   0.375  0.352     24   23   4    

                                           -------Rating----------------  ----Rank----            
Rank Team                            W-L     KRS    SRS    S-Ix   WRS       S    W    SOS
========================================================================================
 25 St Louis                        29-38   0.307   -0.6   0.290  0.324     25   25   20   
 26 Philadelphia                    24-43   0.232   -0.7   0.269  0.195     26   27   1    
 27 Arizona                         25-43   0.227   -0.7   0.259  0.195     27   28   13   
 28 Montreal                        27-41   0.236   -0.8   0.215  0.256     28   26   9    
 29 San Jose                        19-49   0.079   -1.0   0.158  0.000     29   32   28   
 30 Chicago                         23-44   0.148   -1.0   0.155  0.141     30   29   14   
 31 Columbus                        21-45   0.116   -1.1   0.136  0.097     31   31   2    
 32 Anaheim                         22-46   0.049   -1.5   0.000  0.099     32   30   6    
</div></pre>
</div>
<div class="tabbertab" title="Wins Based">
<pre><div id=data>

                                           -------Rating----------------  ----Rank----            
Rank Team                            W-L     KRS    SRS    S-Ix   WRS       S    W    SOS
========================================================================================
  1 Boston                          50-16   1.000   1.5    1.000  1.000     1    1    19   
  2 Carolina                        44-22   0.784   0.8    0.761  0.806     3    2    25   
  3 New Jersey                      44-23   0.776   0.8    0.764  0.788     2    3    22   
  4 Vegas                           42-26   0.668   0.4    0.642  0.695     9    4    30   
  5 Toronto                         40-27   0.691   0.7    0.717  0.664     5    5    23   
  6 Tampa Bay                       40-28   0.637   0.4    0.633  0.640     10   6    26   
  7 Colorado                        38-28   0.645   0.5    0.655  0.635     8    7    8    
  8 Los Angeles                     39-29   0.580   0.1    0.542  0.617     15   8    18   

                                           -------Rating----------------  ----Rank----            
Rank Team                            W-L     KRS    SRS    S-Ix   WRS       S    W    SOS
========================================================================================
  9 NY Rangers                      38-29   0.635   0.5    0.660  0.609     6    9    15   
 10 Minnesota                       39-29   0.578   0.2    0.566  0.589     13   10   31   
 11 Winnipeg                        38-30   0.577   0.2    0.573  0.582     12   11   27   
 12 Seattle                         37-30   0.581   0.3    0.583  0.578     11   12   17   
 13 Edmonton                        37-31   0.610   0.5    0.658  0.562     7    13   21   
 14 Dallas                          37-31   0.642   0.7    0.730  0.554     4    14   29   
 15 Pittsburgh                      34-33   0.511   0.1    0.528  0.494     17   15   7    
 16 Nashville                       34-31   0.463   -0.1   0.449  0.478     21   16   32   

                                           -------Rating----------------  ----Rank----            
Rank Team                            W-L     KRS    SRS    S-Ix   WRS       S    W    SOS
========================================================================================
 17 NY Islanders                    35-35   0.509   0.1    0.542  0.475     14   17   11   
 18 Florida                         33-34   0.497   0.1    0.526  0.469     18   18   3    
 19 Buffalo                         33-34   0.488   0.1    0.515  0.462     19   19   5    
 20 Ottawa                          33-34   0.444   -0.1   0.446  0.442     22   20   24   
 21 Washington                      33-36   0.480   0.1    0.533  0.426     16   21   12   
 22 Detroit                         30-37   0.384   -0.3   0.405  0.363     23   22   10   
 23 Vancouver                       29-37   0.364   -0.4   0.375  0.352     24   23   4    
 24 Calgary                         30-38   0.423   0.0    0.499  0.348     20   24   16   

                                           -------Rating----------------  ----Rank----            
Rank Team                            W-L     KRS    SRS    S-Ix   WRS       S    W    SOS
========================================================================================
 25 St Louis                        29-38   0.307   -0.6   0.290  0.324     25   25   20   
 26 Montreal                        27-41   0.236   -0.8   0.215  0.256     28   26   9    
 27 Philadelphia                    24-43   0.232   -0.7   0.269  0.195     26   27   1    
 28 Arizona                         25-43   0.227   -0.7   0.259  0.195     27   28   13   
 29 Chicago                         23-44   0.148   -1.0   0.155  0.141     30   29   14   
 30 Anaheim                         22-46   0.049   -1.5   0.000  0.099     32   30   6    
 31 Columbus                        21-45   0.116   -1.1   0.136  0.097     31   31   2    
 32 San Jose                        19-49   0.079   -1.0   0.158  0.000     29   32   28   
</div></pre>
</div>
<div class="tabbertab" title="BCS">
<pre><div id=data>

                                           -------Rating----------------  ----Rank----            
Rank Team                            W-L     KRS    SRS    S-Ix   WRS       S    W    SOS
========================================================================================
  1 Boston                          50-16   1.000   1.5    1.000  1.000     1    1    19   
  2 Carolina                        44-22   0.784   0.8    0.761  0.806     3    2    25   
  3 New Jersey                      44-23   0.776   0.8    0.764  0.788     2    3    22   
  4 Toronto                         40-27   0.691   0.7    0.717  0.664     5    5    23   
  5 Vegas                           42-26   0.668   0.4    0.642  0.695     9    4    30   
  6 Colorado                        38-28   0.645   0.5    0.655  0.635     8    7    8    
  7 Dallas                          37-31   0.642   0.7    0.730  0.554     4    14   29   
  8 Tampa Bay                       40-28   0.637   0.4    0.633  0.640     10   6    26   

                                           -------Rating----------------  ----Rank----            
Rank Team                            W-L     KRS    SRS    S-Ix   WRS       S    W    SOS
========================================================================================
  9 NY Rangers                      38-29   0.635   0.5    0.660  0.609     6    9    15   
 10 Edmonton                        37-31   0.610   0.5    0.658  0.562     7    13   21   
 11 Seattle                         37-30   0.581   0.3    0.583  0.578     11   12   17   
 12 Los Angeles                     39-29   0.580   0.1    0.542  0.617     15   8    18   
 13 Minnesota                       39-29   0.578   0.2    0.566  0.589     13   10   31   
 14 Winnipeg                        38-30   0.577   0.2    0.573  0.582     12   11   27   
 15 Pittsburgh                      34-33   0.511   0.1    0.528  0.494     17   15   7    
 16 NY Islanders                    35-35   0.509   0.1    0.542  0.475     14   17   11   

                                           -------Rating----------------  ----Rank----            
Rank Team                            W-L     KRS    SRS    S-Ix   WRS       S    W    SOS
========================================================================================
 17 Florida                         33-34   0.497   0.1    0.526  0.469     18   18   3    
 18 Buffalo                         33-34   0.488   0.1    0.515  0.462     19   19   5    
 19 Washington                      33-36   0.480   0.1    0.533  0.426     16   21   12   
 20 Nashville                       34-31   0.463   -0.1   0.449  0.478     21   16   32   
 21 Ottawa                          33-34   0.444   -0.1   0.446  0.442     22   20   24   
 22 Calgary                         30-38   0.423   0.0    0.499  0.348     20   24   16   
 23 Detroit                         30-37   0.384   -0.3   0.405  0.363     23   22   10   
 24 Vancouver                       29-37   0.364   -0.4   0.375  0.352     24   23   4    

                                           -------Rating----------------  ----Rank----            
Rank Team                            W-L     KRS    SRS    S-Ix   WRS       S    W    SOS
========================================================================================
 25 St Louis                        29-38   0.307   -0.6   0.290  0.324     25   25   20   
 26 Montreal                        27-41   0.236   -0.8   0.215  0.256     28   26   9    
 27 Philadelphia                    24-43   0.232   -0.7   0.269  0.195     26   27   1    
 28 Arizona                         25-43   0.227   -0.7   0.259  0.195     27   28   13   
 29 Chicago                         23-44   0.148   -1.0   0.155  0.141     30   29   14   
 30 Columbus                        21-45   0.116   -1.1   0.136  0.097     31   31   2    
 31 San Jose                        19-49   0.079   -1.0   0.158  0.000     29   32   28   
 32 Anaheim                         22-46   0.049   -1.5   0.000  0.099     32   30   6    
</div></pre>
</div>
<div class="tabbertab" title="SOS">
<pre><div id=data>

                                           -------Rating----------------  ----Rank----            
Rank Team                            W-L     KRS    SRS    S-Ix   WRS       S    W    SOS
========================================================================================
  1 Philadelphia                    24-43   0.232   -0.7   0.269  0.195     26   27   1    
  2 Columbus                        21-45   0.116   -1.1   0.136  0.097     31   31   2    
  3 Florida                         33-34   0.497   0.1    0.526  0.469     18   18   3    
  4 Vancouver                       29-37   0.364   -0.4   0.375  0.352     24   23   4    
  5 Buffalo                         33-34   0.488   0.1    0.515  0.462     19   19   5    
  6 Anaheim                         22-46   0.049   -1.5   0.000  0.099     32   30   6    
  7 Pittsburgh                      34-33   0.511   0.1    0.528  0.494     17   15   7    
  8 Colorado                        38-28   0.645   0.5    0.655  0.635     8    7    8    

                                           -------Rating----------------  ----Rank----            
Rank Team                            W-L     KRS    SRS    S-Ix   WRS       S    W    SOS
========================================================================================
  9 Montreal                        27-41   0.236   -0.8   0.215  0.256     28   26   9    
 10 Detroit                         30-37   0.384   -0.3   0.405  0.363     23   22   10   
 11 NY Islanders                    35-35   0.509   0.1    0.542  0.475     14   17   11   
 12 Washington                      33-36   0.480   0.1    0.533  0.426     16   21   12   
 13 Arizona                         25-43   0.227   -0.7   0.259  0.195     27   28   13   
 14 Chicago                         23-44   0.148   -1.0   0.155  0.141     30   29   14   
 15 NY Rangers                      38-29   0.635   0.5    0.660  0.609     6    9    15   
 16 Calgary                         30-38   0.423   0.0    0.499  0.348     20   24   16   

                                           -------Rating----------------  ----Rank----            
Rank Team                            W-L     KRS    SRS    S-Ix   WRS       S    W    SOS
========================================================================================
 17 Seattle                         37-30   0.581   0.3    0.583  0.578     11   12   17   
 18 Los Angeles                     39-29   0.580   0.1    0.542  0.617     15   8    18   
 19 Boston                          50-16   1.000   1.5    1.000  1.000     1    1    19   
 20 St Louis                        29-38   0.307   -0.6   0.290  0.324     25   25   20   
 21 Edmonton                        37-31   0.610   0.5    0.658  0.562     7    13   21   
 22 New Jersey                      44-23   0.776   0.8    0.764  0.788     2    3    22   
 23 Toronto                         40-27   0.691   0.7    0.717  0.664     5    5    23   
 24 Ottawa                          33-34   0.444   -0.1   0.446  0.442     22   20   24   

                                           -------Rating----------------  ----Rank----            
Rank Team                            W-L     KRS    SRS    S-Ix   WRS       S    W    SOS
========================================================================================
 25 Carolina                        44-22   0.784   0.8    0.761  0.806     3    2    25   
 26 Tampa Bay                       40-28   0.637   0.4    0.633  0.640     10   6    26   
 27 Winnipeg                        38-30   0.577   0.2    0.573  0.582     12   11   27   
 28 San Jose                        19-49   0.079   -1.0   0.158  0.000     29   32   28   
 29 Dallas                          37-31   0.642   0.7    0.730  0.554     4    14   29   
 30 Vegas                           42-26   0.668   0.4    0.642  0.695     9    4    30   
 31 Minnesota                       39-29   0.578   0.2    0.566  0.589     13   10   31   
 32 Nashville                       34-31   0.463   -0.1   0.449  0.478     21   16   32   
</div></pre>
</div>
	</pre>
	</p>
	</span>
</body>
<body>
<h3>Other links</h3>
<h4>Home</h4>
	<ul>
			<li class="listyle"><a href="https://2skupz.github.io/index.html"> Index</a></li>
	</ul>
</body>
