<html>
<head>
<!-- Global Site Tag (gtag.js) - Google Analytics -->
<title>2023 NHL Rankings</title>
<script type="text/javascript" src="tabber.js">
</script>
<link href="https://fonts.googleapis.com/css?family=Roboto+Slab|Droid+Sans+Mono" rel="stylesheet">
<style>
 body {
			font-family: "Roboto Slab", serif;
			font-size: 12px;
			}
#data {
			font-family: "Droid Sans Mono", serif;
			font-size: 13px;
		}
</style>
<link rel="stylesheet" href="tabbedPage.css" TYPE="text/css" MEDIA="screen">
</head>
<body bgcolor=#fbeec1>
<hr>
<table width=100%>
<tr><td align=left>
<h1 align="center">2023 NHL Rankings</h1>
</td>
</tr></table>
<p>
Standings through 01.22.23
<hr>
<center>
<table width=100% border=1><tr>
<td valign=top>
<div class="tabber">
<div class="tabbertab" title="Ken Power Index">
<pre><div id=data>

                                           -------Rating----------------  ----Rank----            
Rank Team                            W-L     KRS    SRS    S-Ix   WRS       S    W    SOS
========================================================================================
  1 Boston                          37-9    1.000   1.7    1.000  1.000     1    1    24   
  2 New Jersey                      30-16   0.726   0.8    0.751  0.702     2    2    22   
  3 Winnipeg                        31-17   0.690   0.6    0.684  0.697     5    3    27   
  4 Tampa Bay                       29-16   0.677   0.6    0.668  0.686     7    4    26   
  5 Carolina                        29-17   0.675   0.6    0.678  0.672     6    5    17   
  6 Toronto                         28-19   0.667   0.7    0.712  0.622     4    7    15   
  7 Dallas                          28-20   0.658   0.8    0.743  0.572     3    9    29   
  8 Seattle                         27-19   0.637   0.5    0.653  0.622     8    6    10   

                                           -------Rating----------------  ----Rank----            
Rank Team                            W-L     KRS    SRS    S-Ix   WRS       S    W    SOS
========================================================================================
  9 Edmonton                        27-21   0.596   0.4    0.636  0.556     9    10   20   
 10 Vegas                           29-19   0.595   0.3    0.585  0.605     15   8    30   
 11 Colorado                        25-20   0.590   0.4    0.629  0.551     10   11   8    
 12 NY Rangers                      25-21   0.562   0.4    0.626  0.499     11   13   25   
 13 Washington                      25-24   0.534   0.4    0.612  0.456     12   16   13   
 14 Minnesota                       25-20   0.533   0.2    0.558  0.509     16   12   32   
 15 Pittsburgh                      23-23   0.530   0.3    0.596  0.465     14   15   3    
 16 Buffalo                         23-22   0.520   0.3    0.600  0.441     13   17   23   

                                           -------Rating----------------  ----Rank----            
Rank Team                            W-L     KRS    SRS    S-Ix   WRS       S    W    SOS
========================================================================================
 17 Los Angeles                     26-23   0.472   -0.2   0.461  0.483     20   14   16   
 18 Calgary                         22-25   0.468   0.1    0.548  0.387     17   20   9    
 19 Florida                         23-25   0.467   0.1    0.527  0.407     19   19   5    
 20 NY Islanders                    23-25   0.461   0.1    0.538  0.384     18   21   18   
 21 St Louis                        23-24   0.408   -0.4   0.399  0.418     24   18   14   
 22 Nashville                       22-24   0.402   -0.2   0.440  0.365     21   22   28   
 23 Ottawa                          20-26   0.353   -0.4   0.400  0.307     23   23   7    
 24 Detroit                         19-26   0.338   -0.4   0.403  0.274     22   24   21   

                                           -------Rating----------------  ----Rank----            
Rank Team                            W-L     KRS    SRS    S-Ix   WRS       S    W    SOS
========================================================================================
 25 Philadelphia                    20-28   0.321   -0.4   0.378  0.263     25   26   12   
 26 Vancouver                       18-28   0.298   -0.5   0.350  0.245     26   27   2    
 27 Montreal                        20-27   0.246   -1.0   0.222  0.271     29   25   19   
 28 Arizona                         15-32   0.174   -0.9   0.249  0.099     27   28   1    
 29 Chicago                         14-31   0.126   -1.2   0.168  0.085     30   29   6    
 30 San Jose                        14-34   0.121   -0.9   0.242  0.000     28   32   31   
 31 Columbus                        14-32   0.090   -1.3   0.129  0.051     31   30   11   
 32 Anaheim                         13-34   0.005   -1.7   0.000  0.010     32   31   4    
</div></pre>
</div>
<div class="tabbertab" title="Points Based">
<pre><div id=data>

                                           -------Rating----------------  ----Rank----            
Rank Team                            W-L     KRS    SRS    S-Ix   WRS       S    W    SOS
========================================================================================
  1 Boston                          37-9    1.000   1.7    1.000  1.000     1    1    24   
  2 New Jersey                      30-16   0.726   0.8    0.751  0.702     2    2    22   
  3 Dallas                          28-20   0.658   0.8    0.743  0.572     3    9    29   
  4 Toronto                         28-19   0.667   0.7    0.712  0.622     4    7    15   
  5 Winnipeg                        31-17   0.690   0.6    0.684  0.697     5    3    27   
  6 Carolina                        29-17   0.675   0.6    0.678  0.672     6    5    17   
  7 Tampa Bay                       29-16   0.677   0.6    0.668  0.686     7    4    26   
  8 Seattle                         27-19   0.637   0.5    0.653  0.622     8    6    10   

                                           -------Rating----------------  ----Rank----            
Rank Team                            W-L     KRS    SRS    S-Ix   WRS       S    W    SOS
========================================================================================
  9 Edmonton                        27-21   0.596   0.4    0.636  0.556     9    10   20   
 10 Colorado                        25-20   0.590   0.4    0.629  0.551     10   11   8    
 11 NY Rangers                      25-21   0.562   0.4    0.626  0.499     11   13   25   
 12 Washington                      25-24   0.534   0.4    0.612  0.456     12   16   13   
 13 Buffalo                         23-22   0.520   0.3    0.600  0.441     13   17   23   
 14 Pittsburgh                      23-23   0.530   0.3    0.596  0.465     14   15   3    
 15 Vegas                           29-19   0.595   0.3    0.585  0.605     15   8    30   
 16 Minnesota                       25-20   0.533   0.2    0.558  0.509     16   12   32   

                                           -------Rating----------------  ----Rank----            
Rank Team                            W-L     KRS    SRS    S-Ix   WRS       S    W    SOS
========================================================================================
 17 Calgary                         22-25   0.468   0.1    0.548  0.387     17   20   9    
 18 NY Islanders                    23-25   0.461   0.1    0.538  0.384     18   21   18   
 19 Florida                         23-25   0.467   0.1    0.527  0.407     19   19   5    
 20 Los Angeles                     26-23   0.472   -0.2   0.461  0.483     20   14   16   
 21 Nashville                       22-24   0.402   -0.2   0.440  0.365     21   22   28   
 22 Detroit                         19-26   0.338   -0.4   0.403  0.274     22   24   21   
 23 Ottawa                          20-26   0.353   -0.4   0.400  0.307     23   23   7    
 24 St Louis                        23-24   0.408   -0.4   0.399  0.418     24   18   14   

                                           -------Rating----------------  ----Rank----            
Rank Team                            W-L     KRS    SRS    S-Ix   WRS       S    W    SOS
========================================================================================
 25 Philadelphia                    20-28   0.321   -0.4   0.378  0.263     25   26   12   
 26 Vancouver                       18-28   0.298   -0.5   0.350  0.245     26   27   2    
 27 Arizona                         15-32   0.174   -0.9   0.249  0.099     27   28   1    
 28 San Jose                        14-34   0.121   -0.9   0.242  0.000     28   32   31   
 29 Montreal                        20-27   0.246   -1.0   0.222  0.271     29   25   19   
 30 Chicago                         14-31   0.126   -1.2   0.168  0.085     30   29   6    
 31 Columbus                        14-32   0.090   -1.3   0.129  0.051     31   30   11   
 32 Anaheim                         13-34   0.005   -1.7   0.000  0.010     32   31   4    
</div></pre>
</div>
<div class="tabbertab" title="Wins Based">
<pre><div id=data>

                                           -------Rating----------------  ----Rank----            
Rank Team                            W-L     KRS    SRS    S-Ix   WRS       S    W    SOS
========================================================================================
  1 Boston                          37-9    1.000   1.7    1.000  1.000     1    1    24   
  2 New Jersey                      30-16   0.726   0.8    0.751  0.702     2    2    22   
  3 Winnipeg                        31-17   0.690   0.6    0.684  0.697     5    3    27   
  4 Tampa Bay                       29-16   0.677   0.6    0.668  0.686     7    4    26   
  5 Carolina                        29-17   0.675   0.6    0.678  0.672     6    5    17   
  6 Seattle                         27-19   0.637   0.5    0.653  0.622     8    6    10   
  7 Toronto                         28-19   0.667   0.7    0.712  0.622     4    7    15   
  8 Vegas                           29-19   0.595   0.3    0.585  0.605     15   8    30   

                                           -------Rating----------------  ----Rank----            
Rank Team                            W-L     KRS    SRS    S-Ix   WRS       S    W    SOS
========================================================================================
  9 Dallas                          28-20   0.658   0.8    0.743  0.572     3    9    29   
 10 Edmonton                        27-21   0.596   0.4    0.636  0.556     9    10   20   
 11 Colorado                        25-20   0.590   0.4    0.629  0.551     10   11   8    
 12 Minnesota                       25-20   0.533   0.2    0.558  0.509     16   12   32   
 13 NY Rangers                      25-21   0.562   0.4    0.626  0.499     11   13   25   
 14 Los Angeles                     26-23   0.472   -0.2   0.461  0.483     20   14   16   
 15 Pittsburgh                      23-23   0.530   0.3    0.596  0.465     14   15   3    
 16 Washington                      25-24   0.534   0.4    0.612  0.456     12   16   13   

                                           -------Rating----------------  ----Rank----            
Rank Team                            W-L     KRS    SRS    S-Ix   WRS       S    W    SOS
========================================================================================
 17 Buffalo                         23-22   0.520   0.3    0.600  0.441     13   17   23   
 18 St Louis                        23-24   0.408   -0.4   0.399  0.418     24   18   14   
 19 Florida                         23-25   0.467   0.1    0.527  0.407     19   19   5    
 20 Calgary                         22-25   0.468   0.1    0.548  0.387     17   20   9    
 21 NY Islanders                    23-25   0.461   0.1    0.538  0.384     18   21   18   
 22 Nashville                       22-24   0.402   -0.2   0.440  0.365     21   22   28   
 23 Ottawa                          20-26   0.353   -0.4   0.400  0.307     23   23   7    
 24 Detroit                         19-26   0.338   -0.4   0.403  0.274     22   24   21   

                                           -------Rating----------------  ----Rank----            
Rank Team                            W-L     KRS    SRS    S-Ix   WRS       S    W    SOS
========================================================================================
 25 Montreal                        20-27   0.246   -1.0   0.222  0.271     29   25   19   
 26 Philadelphia                    20-28   0.321   -0.4   0.378  0.263     25   26   12   
 27 Vancouver                       18-28   0.298   -0.5   0.350  0.245     26   27   2    
 28 Arizona                         15-32   0.174   -0.9   0.249  0.099     27   28   1    
 29 Chicago                         14-31   0.126   -1.2   0.168  0.085     30   29   6    
 30 Columbus                        14-32   0.090   -1.3   0.129  0.051     31   30   11   
 31 Anaheim                         13-34   0.005   -1.7   0.000  0.010     32   31   4    
 32 San Jose                        14-34   0.121   -0.9   0.242  0.000     28   32   31   
</div></pre>
</div>
<div class="tabbertab" title="BCS">
<pre><div id=data>

                                           -------Rating----------------  ----Rank----            
Rank Team                            W-L     KRS    SRS    S-Ix   WRS       S    W    SOS
========================================================================================
  1 Boston                          37-9    1.000   1.7    1.000  1.000     1    1    24   
  2 New Jersey                      30-16   0.726   0.8    0.751  0.702     2    2    22   
  3 Winnipeg                        31-17   0.690   0.6    0.684  0.697     5    3    27   
  4 Tampa Bay                       29-16   0.677   0.6    0.668  0.686     7    4    26   
  5 Carolina                        29-17   0.675   0.6    0.678  0.672     6    5    17   
  6 Toronto                         28-19   0.667   0.7    0.712  0.622     4    7    15   
  7 Dallas                          28-20   0.658   0.8    0.743  0.572     3    9    29   
  8 Seattle                         27-19   0.637   0.5    0.653  0.622     8    6    10   

                                           -------Rating----------------  ----Rank----            
Rank Team                            W-L     KRS    SRS    S-Ix   WRS       S    W    SOS
========================================================================================
  9 Edmonton                        27-21   0.596   0.4    0.636  0.556     9    10   20   
 10 Vegas                           29-19   0.595   0.3    0.585  0.605     15   8    30   
 11 Colorado                        25-20   0.590   0.4    0.629  0.551     10   11   8    
 12 NY Rangers                      25-21   0.562   0.4    0.626  0.499     11   13   25   
 13 Washington                      25-24   0.534   0.4    0.612  0.456     12   16   13   
 14 Minnesota                       25-20   0.533   0.2    0.558  0.509     16   12   32   
 15 Pittsburgh                      23-23   0.530   0.3    0.596  0.465     14   15   3    
 16 Buffalo                         23-22   0.520   0.3    0.600  0.441     13   17   23   

                                           -------Rating----------------  ----Rank----            
Rank Team                            W-L     KRS    SRS    S-Ix   WRS       S    W    SOS
========================================================================================
 17 Los Angeles                     26-23   0.472   -0.2   0.461  0.483     20   14   16   
 18 Calgary                         22-25   0.468   0.1    0.548  0.387     17   20   9    
 19 Florida                         23-25   0.467   0.1    0.527  0.407     19   19   5    
 20 NY Islanders                    23-25   0.461   0.1    0.538  0.384     18   21   18   
 21 St Louis                        23-24   0.408   -0.4   0.399  0.418     24   18   14   
 22 Nashville                       22-24   0.402   -0.2   0.440  0.365     21   22   28   
 23 Ottawa                          20-26   0.353   -0.4   0.400  0.307     23   23   7    
 24 Detroit                         19-26   0.338   -0.4   0.403  0.274     22   24   21   

                                           -------Rating----------------  ----Rank----            
Rank Team                            W-L     KRS    SRS    S-Ix   WRS       S    W    SOS
========================================================================================
 25 Philadelphia                    20-28   0.321   -0.4   0.378  0.263     25   26   12   
 26 Vancouver                       18-28   0.298   -0.5   0.350  0.245     26   27   2    
 27 Montreal                        20-27   0.246   -1.0   0.222  0.271     29   25   19   
 28 Arizona                         15-32   0.174   -0.9   0.249  0.099     27   28   1    
 29 Chicago                         14-31   0.126   -1.2   0.168  0.085     30   29   6    
 30 San Jose                        14-34   0.121   -0.9   0.242  0.000     28   32   31   
 31 Columbus                        14-32   0.090   -1.3   0.129  0.051     31   30   11   
 32 Anaheim                         13-34   0.005   -1.7   0.000  0.010     32   31   4    
</div></pre>
</div>
<div class="tabbertab" title="SOS">
<pre><div id=data>

                                           -------Rating----------------  ----Rank----            
Rank Team                            W-L     KRS    SRS    S-Ix   WRS       S    W    SOS
========================================================================================
  1 Arizona                         15-32   0.174   -0.9   0.249  0.099     27   28   1    
  2 Vancouver                       18-28   0.298   -0.5   0.350  0.245     26   27   2    
  3 Pittsburgh                      23-23   0.530   0.3    0.596  0.465     14   15   3    
  4 Anaheim                         13-34   0.005   -1.7   0.000  0.010     32   31   4    
  5 Florida                         23-25   0.467   0.1    0.527  0.407     19   19   5    
  6 Chicago                         14-31   0.126   -1.2   0.168  0.085     30   29   6    
  7 Ottawa                          20-26   0.353   -0.4   0.400  0.307     23   23   7    
  8 Colorado                        25-20   0.590   0.4    0.629  0.551     10   11   8    

                                           -------Rating----------------  ----Rank----            
Rank Team                            W-L     KRS    SRS    S-Ix   WRS       S    W    SOS
========================================================================================
  9 Calgary                         22-25   0.468   0.1    0.548  0.387     17   20   9    
 10 Seattle                         27-19   0.637   0.5    0.653  0.622     8    6    10   
 11 Columbus                        14-32   0.090   -1.3   0.129  0.051     31   30   11   
 12 Philadelphia                    20-28   0.321   -0.4   0.378  0.263     25   26   12   
 13 Washington                      25-24   0.534   0.4    0.612  0.456     12   16   13   
 14 St Louis                        23-24   0.408   -0.4   0.399  0.418     24   18   14   
 15 Toronto                         28-19   0.667   0.7    0.712  0.622     4    7    15   
 16 Los Angeles                     26-23   0.472   -0.2   0.461  0.483     20   14   16   

                                           -------Rating----------------  ----Rank----            
Rank Team                            W-L     KRS    SRS    S-Ix   WRS       S    W    SOS
========================================================================================
 17 Carolina                        29-17   0.675   0.6    0.678  0.672     6    5    17   
 18 NY Islanders                    23-25   0.461   0.1    0.538  0.384     18   21   18   
 19 Montreal                        20-27   0.246   -1.0   0.222  0.271     29   25   19   
 20 Edmonton                        27-21   0.596   0.4    0.636  0.556     9    10   20   
 21 Detroit                         19-26   0.338   -0.4   0.403  0.274     22   24   21   
 22 New Jersey                      30-16   0.726   0.8    0.751  0.702     2    2    22   
 23 Buffalo                         23-22   0.520   0.3    0.600  0.441     13   17   23   
 24 Boston                          37-9    1.000   1.7    1.000  1.000     1    1    24   

                                           -------Rating----------------  ----Rank----            
Rank Team                            W-L     KRS    SRS    S-Ix   WRS       S    W    SOS
========================================================================================
 25 NY Rangers                      25-21   0.562   0.4    0.626  0.499     11   13   25   
 26 Tampa Bay                       29-16   0.677   0.6    0.668  0.686     7    4    26   
 27 Winnipeg                        31-17   0.690   0.6    0.684  0.697     5    3    27   
 28 Nashville                       22-24   0.402   -0.2   0.440  0.365     21   22   28   
 29 Dallas                          28-20   0.658   0.8    0.743  0.572     3    9    29   
 30 Vegas                           29-19   0.595   0.3    0.585  0.605     15   8    30   
 31 San Jose                        14-34   0.121   -0.9   0.242  0.000     28   32   31   
 32 Minnesota                       25-20   0.533   0.2    0.558  0.509     16   12   32   
</div></pre>
</div>
	</pre>
	</p>
	</span>
</body>
<body>
<h3>Other links</h3>
<h4>Pro</h4>
	<ul>
			<li class="listyle"><a href="https://2skupz.github.io/nflKpi.html"> NFL</a></li>
			<li class="listyle"><a href="https://2skupz.github.io/nbaKpi.html"> NBA</a></li>
			<li class="listyle"><a href="https://2skupz.github.io/nhlKpi.html"> NHL</a></li>
	</ul>
<h4>Football</h4>
	<ul>
			<li class="listyle"><a href="https://2skupz.github.io/fbD1Rankings.html"> Division I</a></li>
			<li class="listyle"><a href="https://2skupz.github.io/fbFBSRankings.html"> Division I - FBS</a></li>
			<li class="listyle"><a href="https://2skupz.github.io/fbFCSRankings.html"> Division I - FCS</a></li>
			<li class="listyle"><a href="https://2skupz.github.io/fbD2Rankings.html"> Division II</a></li>
			<li class="listyle"><a href="https://2skupz.github.io/fbD3Rankings.html"> Division III</a></li>
	</ul>
<h4>Baseball</h4>
	<ul>
			<li class="listyle"><a href="https://2skupz.github.io/mlbPlayoffOdds.html"> MLB Playoff Odds</a></li>
			<li class="listyle"><a href="https://2skupz.github.io/baseD1Rankings.html"> Division 1</a></li>
			<li class="listyle"><a href="https://2skupz.github.io/baseD1Rankings.html"> Division 2</a></li>
			<li class="listyle"><a href="https://2skupz.github.io/baseD1Rankings.html"> Division 3</a></li>
	</ul>
<h4>Men's College Basketball</h4>
	<ul>
			<li class="listyle"><a href="https://2skupz.github.io/d1MbbRankings.html"> Division 1</a></li>
			<li class="listyle"><a href="https://2skupz.github.io/d2MbbRankings.html"> Division 2</a></li>
			<li class="listyle"><a href="https://2skupz.github.io/d3MbbRankings.html"> Division 3</a></li>
			<li class="listyle"><a href="https://2skupz.github.io/uSportMbbRankings.html"> U Sports</a></li>
	</ul>
<h4>Women's College Basketball</h4>
	<ul>
			<li class="listyle"><a href="https://2skupz.github.io/d1WbbRankings.html"> Division 1</a></li>
			<li class="listyle"><a href="https://2skupz.github.io/d2WbbRankings.html"> Division 2</a></li>
			<li class="listyle"><a href="https://2skupz.github.io/d3WbbRankings.html"> Division 3</a></li>
			<li class="listyle"><a href="https://2skupz.github.io/uSportsWbbRankings.html"> U Sports</a></li>
	</ul>
</body>
