<html>
<head>
<!-- Global Site Tag (gtag.js) - Google Analytics -->
<title>2023 NHL Rankings</title>
<script type="text/javascript" src="tabber.js">
</script>
<link href="https://fonts.googleapis.com/css?family=Roboto+Slab|Droid+Sans+Mono" rel="stylesheet">
<style>
 body {
			font-family: "Roboto Slab", serif;
			font-size: 12px;
			}
#data {
			font-family: "Droid Sans Mono", serif;
			font-size: 13px;
		}
</style>
<link rel="stylesheet" href="tabbedPage.css" TYPE="text/css" MEDIA="screen">
</head>
<body bgcolor=#fbeec1>
<hr>
<table width=100%>
<tr><td align=left>
<h1 align="center">2023 NHL Rankings</h1>
</td>
</tr></table>
<p>
Standings through 01.20.23
<hr>
<center>
<table width=100% border=1><tr>
<td valign=top>
<div class="tabber">
<div class="tabbertab" title="Ken Power Index">
<pre><div id=data>

                                           -------Rating----------------  ----Rank----            
Rank Team                            W-L     KRS    SRS    S-Ix   WRS       S    W    SOS
========================================================================================
  1 Boston                          36-9    1.000   1.7    1.000  1.000     1    1    24   
  2 New Jersey                      29-16   0.715   0.8    0.752  0.678     2    3    23   
  3 Tampa Bay                       29-15   0.700   0.6    0.692  0.707     5    2    29   
  4 Toronto                         28-18   0.690   0.8    0.735  0.645     3    6    10   
  5 Winnipeg                        29-17   0.662   0.5    0.660  0.665     8    4    27   
  6 Carolina                        28-17   0.655   0.5    0.663  0.647     6    5    18   
  7 Seattle                         27-18   0.650   0.5    0.662  0.637     7    7    15   
  8 Dallas                          27-20   0.642   0.8    0.734  0.550     4    9    25   

                                           -------Rating----------------  ----Rank----            
Rank Team                            W-L     KRS    SRS    S-Ix   WRS       S    W    SOS
========================================================================================
  9 Vegas                           28-18   0.598   0.3    0.586  0.610     15   8    30   
 10 Edmonton                        26-21   0.581   0.4    0.632  0.531     10   10   17   
 11 Colorado                        24-20   0.566   0.4    0.620  0.512     12   12   13   
 12 NY Rangers                      25-21   0.558   0.4    0.629  0.487     11   13   26   
 13 Minnesota                       25-19   0.548   0.2    0.573  0.524     16   11   32   
 14 Washington                      25-23   0.548   0.4    0.637  0.459     9    16   16   
 15 Pittsburgh                      23-22   0.533   0.3    0.598  0.468     13   15   4    
 16 Buffalo                         22-22   0.506   0.3    0.595  0.417     14   18   20   

                                           -------Rating----------------  ----Rank----            
Rank Team                            W-L     KRS    SRS    S-Ix   WRS       S    W    SOS
========================================================================================
 17 Los Angeles                     25-22   0.479   -0.1   0.473  0.484     20   14   9    
 18 NY Islanders                    23-24   0.465   0.2    0.550  0.380     17   19   22   
 19 Florida                         22-25   0.441   0.0    0.513  0.369     19   20   6    
 20 Calgary                         21-25   0.436   0.1    0.527  0.344     18   21   12   
 21 St Louis                        23-23   0.422   -0.3   0.413  0.431     23   17   11   
 22 Nashville                       21-24   0.376   -0.3   0.426  0.325     21   22   28   
 23 Ottawa                          20-25   0.364   -0.3   0.420  0.308     22   23   8    
 24 Detroit                         19-25   0.344   -0.3   0.409  0.280     24   24   19   

                                           -------Rating----------------  ----Rank----            
Rank Team                            W-L     KRS    SRS    S-Ix   WRS       S    W    SOS
========================================================================================
 25 Philadelphia                    19-27   0.307   -0.4   0.377  0.237     25   26   14   
 26 Vancouver                       18-27   0.298   -0.5   0.354  0.242     26   25   3    
 27 Montreal                        19-27   0.213   -1.0   0.201  0.226     29   27   21   
 28 Arizona                         14-31   0.146   -0.9   0.234  0.059     28   28   1    
 29 San Jose                        14-32   0.131   -0.8   0.263  0.000     27   32   31   
 30 Chicago                         13-30   0.094   -1.2   0.142  0.046     30   29   5    
 31 Columbus                        13-32   0.056   -1.4   0.106  0.006     31   30   7    
 32 Anaheim                         13-33   0.002   -1.7   0.000  0.004     32   31   2    
</div></pre>
</div>
<div class="tabbertab" title="Points Based">
<pre><div id=data>

                                           -------Rating----------------  ----Rank----            
Rank Team                            W-L     KRS    SRS    S-Ix   WRS       S    W    SOS
========================================================================================
  1 Boston                          36-9    1.000   1.7    1.000  1.000     1    1    24   
  2 New Jersey                      29-16   0.715   0.8    0.752  0.678     2    3    23   
  3 Toronto                         28-18   0.690   0.8    0.735  0.645     3    6    10   
  4 Dallas                          27-20   0.642   0.8    0.734  0.550     4    9    25   
  5 Tampa Bay                       29-15   0.700   0.6    0.692  0.707     5    2    29   
  6 Carolina                        28-17   0.655   0.5    0.663  0.647     6    5    18   
  7 Seattle                         27-18   0.650   0.5    0.662  0.637     7    7    15   
  8 Winnipeg                        29-17   0.662   0.5    0.660  0.665     8    4    27   

                                           -------Rating----------------  ----Rank----            
Rank Team                            W-L     KRS    SRS    S-Ix   WRS       S    W    SOS
========================================================================================
  9 Washington                      25-23   0.548   0.4    0.637  0.459     9    16   16   
 10 Edmonton                        26-21   0.581   0.4    0.632  0.531     10   10   17   
 11 NY Rangers                      25-21   0.558   0.4    0.629  0.487     11   13   26   
 12 Colorado                        24-20   0.566   0.4    0.620  0.512     12   12   13   
 13 Pittsburgh                      23-22   0.533   0.3    0.598  0.468     13   15   4    
 14 Buffalo                         22-22   0.506   0.3    0.595  0.417     14   18   20   
 15 Vegas                           28-18   0.598   0.3    0.586  0.610     15   8    30   
 16 Minnesota                       25-19   0.548   0.2    0.573  0.524     16   11   32   

                                           -------Rating----------------  ----Rank----            
Rank Team                            W-L     KRS    SRS    S-Ix   WRS       S    W    SOS
========================================================================================
 17 NY Islanders                    23-24   0.465   0.2    0.550  0.380     17   19   22   
 18 Calgary                         21-25   0.436   0.1    0.527  0.344     18   21   12   
 19 Florida                         22-25   0.441   0.0    0.513  0.369     19   20   6    
 20 Los Angeles                     25-22   0.479   -0.1   0.473  0.484     20   14   9    
 21 Nashville                       21-24   0.376   -0.3   0.426  0.325     21   22   28   
 22 Ottawa                          20-25   0.364   -0.3   0.420  0.308     22   23   8    
 23 St Louis                        23-23   0.422   -0.3   0.413  0.431     23   17   11   
 24 Detroit                         19-25   0.344   -0.3   0.409  0.280     24   24   19   

                                           -------Rating----------------  ----Rank----            
Rank Team                            W-L     KRS    SRS    S-Ix   WRS       S    W    SOS
========================================================================================
 25 Philadelphia                    19-27   0.307   -0.4   0.377  0.237     25   26   14   
 26 Vancouver                       18-27   0.298   -0.5   0.354  0.242     26   25   3    
 27 San Jose                        14-32   0.131   -0.8   0.263  0.000     27   32   31   
 28 Arizona                         14-31   0.146   -0.9   0.234  0.059     28   28   1    
 29 Montreal                        19-27   0.213   -1.0   0.201  0.226     29   27   21   
 30 Chicago                         13-30   0.094   -1.2   0.142  0.046     30   29   5    
 31 Columbus                        13-32   0.056   -1.4   0.106  0.006     31   30   7    
 32 Anaheim                         13-33   0.002   -1.7   0.000  0.004     32   31   2    
</div></pre>
</div>
<div class="tabbertab" title="Wins Based">
<pre><div id=data>

                                           -------Rating----------------  ----Rank----            
Rank Team                            W-L     KRS    SRS    S-Ix   WRS       S    W    SOS
========================================================================================
  1 Boston                          36-9    1.000   1.7    1.000  1.000     1    1    24   
  2 Tampa Bay                       29-15   0.700   0.6    0.692  0.707     5    2    29   
  3 New Jersey                      29-16   0.715   0.8    0.752  0.678     2    3    23   
  4 Winnipeg                        29-17   0.662   0.5    0.660  0.665     8    4    27   
  5 Carolina                        28-17   0.655   0.5    0.663  0.647     6    5    18   
  6 Toronto                         28-18   0.690   0.8    0.735  0.645     3    6    10   
  7 Seattle                         27-18   0.650   0.5    0.662  0.637     7    7    15   
  8 Vegas                           28-18   0.598   0.3    0.586  0.610     15   8    30   

                                           -------Rating----------------  ----Rank----            
Rank Team                            W-L     KRS    SRS    S-Ix   WRS       S    W    SOS
========================================================================================
  9 Dallas                          27-20   0.642   0.8    0.734  0.550     4    9    25   
 10 Edmonton                        26-21   0.581   0.4    0.632  0.531     10   10   17   
 11 Minnesota                       25-19   0.548   0.2    0.573  0.524     16   11   32   
 12 Colorado                        24-20   0.566   0.4    0.620  0.512     12   12   13   
 13 NY Rangers                      25-21   0.558   0.4    0.629  0.487     11   13   26   
 14 Los Angeles                     25-22   0.479   -0.1   0.473  0.484     20   14   9    
 15 Pittsburgh                      23-22   0.533   0.3    0.598  0.468     13   15   4    
 16 Washington                      25-23   0.548   0.4    0.637  0.459     9    16   16   

                                           -------Rating----------------  ----Rank----            
Rank Team                            W-L     KRS    SRS    S-Ix   WRS       S    W    SOS
========================================================================================
 17 St Louis                        23-23   0.422   -0.3   0.413  0.431     23   17   11   
 18 Buffalo                         22-22   0.506   0.3    0.595  0.417     14   18   20   
 19 NY Islanders                    23-24   0.465   0.2    0.550  0.380     17   19   22   
 20 Florida                         22-25   0.441   0.0    0.513  0.369     19   20   6    
 21 Calgary                         21-25   0.436   0.1    0.527  0.344     18   21   12   
 22 Nashville                       21-24   0.376   -0.3   0.426  0.325     21   22   28   
 23 Ottawa                          20-25   0.364   -0.3   0.420  0.308     22   23   8    
 24 Detroit                         19-25   0.344   -0.3   0.409  0.280     24   24   19   

                                           -------Rating----------------  ----Rank----            
Rank Team                            W-L     KRS    SRS    S-Ix   WRS       S    W    SOS
========================================================================================
 25 Vancouver                       18-27   0.298   -0.5   0.354  0.242     26   25   3    
 26 Philadelphia                    19-27   0.307   -0.4   0.377  0.237     25   26   14   
 27 Montreal                        19-27   0.213   -1.0   0.201  0.226     29   27   21   
 28 Arizona                         14-31   0.146   -0.9   0.234  0.059     28   28   1    
 29 Chicago                         13-30   0.094   -1.2   0.142  0.046     30   29   5    
 30 Columbus                        13-32   0.056   -1.4   0.106  0.006     31   30   7    
 31 Anaheim                         13-33   0.002   -1.7   0.000  0.004     32   31   2    
 32 San Jose                        14-32   0.131   -0.8   0.263  0.000     27   32   31   
</div></pre>
</div>
<div class="tabbertab" title="BCS">
<pre><div id=data>

                                           -------Rating----------------  ----Rank----            
Rank Team                            W-L     KRS    SRS    S-Ix   WRS       S    W    SOS
========================================================================================
  1 Boston                          36-9    1.000   1.7    1.000  1.000     1    1    24   
  2 New Jersey                      29-16   0.715   0.8    0.752  0.678     2    3    23   
  3 Tampa Bay                       29-15   0.700   0.6    0.692  0.707     5    2    29   
  4 Toronto                         28-18   0.690   0.8    0.735  0.645     3    6    10   
  5 Winnipeg                        29-17   0.662   0.5    0.660  0.665     8    4    27   
  6 Carolina                        28-17   0.655   0.5    0.663  0.647     6    5    18   
  7 Seattle                         27-18   0.650   0.5    0.662  0.637     7    7    15   
  8 Dallas                          27-20   0.642   0.8    0.734  0.550     4    9    25   

                                           -------Rating----------------  ----Rank----            
Rank Team                            W-L     KRS    SRS    S-Ix   WRS       S    W    SOS
========================================================================================
  9 Vegas                           28-18   0.598   0.3    0.586  0.610     15   8    30   
 10 Edmonton                        26-21   0.581   0.4    0.632  0.531     10   10   17   
 11 Colorado                        24-20   0.566   0.4    0.620  0.512     12   12   13   
 12 NY Rangers                      25-21   0.558   0.4    0.629  0.487     11   13   26   
 13 Minnesota                       25-19   0.548   0.2    0.573  0.524     16   11   32   
 14 Washington                      25-23   0.548   0.4    0.637  0.459     9    16   16   
 15 Pittsburgh                      23-22   0.533   0.3    0.598  0.468     13   15   4    
 16 Buffalo                         22-22   0.506   0.3    0.595  0.417     14   18   20   

                                           -------Rating----------------  ----Rank----            
Rank Team                            W-L     KRS    SRS    S-Ix   WRS       S    W    SOS
========================================================================================
 17 Los Angeles                     25-22   0.479   -0.1   0.473  0.484     20   14   9    
 18 NY Islanders                    23-24   0.465   0.2    0.550  0.380     17   19   22   
 19 Florida                         22-25   0.441   0.0    0.513  0.369     19   20   6    
 20 Calgary                         21-25   0.436   0.1    0.527  0.344     18   21   12   
 21 St Louis                        23-23   0.422   -0.3   0.413  0.431     23   17   11   
 22 Nashville                       21-24   0.376   -0.3   0.426  0.325     21   22   28   
 23 Ottawa                          20-25   0.364   -0.3   0.420  0.308     22   23   8    
 24 Detroit                         19-25   0.344   -0.3   0.409  0.280     24   24   19   

                                           -------Rating----------------  ----Rank----            
Rank Team                            W-L     KRS    SRS    S-Ix   WRS       S    W    SOS
========================================================================================
 25 Philadelphia                    19-27   0.307   -0.4   0.377  0.237     25   26   14   
 26 Vancouver                       18-27   0.298   -0.5   0.354  0.242     26   25   3    
 27 Montreal                        19-27   0.213   -1.0   0.201  0.226     29   27   21   
 28 Arizona                         14-31   0.146   -0.9   0.234  0.059     28   28   1    
 29 San Jose                        14-32   0.131   -0.8   0.263  0.000     27   32   31   
 30 Chicago                         13-30   0.094   -1.2   0.142  0.046     30   29   5    
 31 Columbus                        13-32   0.056   -1.4   0.106  0.006     31   30   7    
 32 Anaheim                         13-33   0.002   -1.7   0.000  0.004     32   31   2    
</div></pre>
</div>
<div class="tabbertab" title="SOS">
<pre><div id=data>

                                           -------Rating----------------  ----Rank----            
Rank Team                            W-L     KRS    SRS    S-Ix   WRS       S    W    SOS
========================================================================================
  1 Arizona                         14-31   0.146   -0.9   0.234  0.059     28   28   1    
  2 Anaheim                         13-33   0.002   -1.7   0.000  0.004     32   31   2    
  3 Vancouver                       18-27   0.298   -0.5   0.354  0.242     26   25   3    
  4 Pittsburgh                      23-22   0.533   0.3    0.598  0.468     13   15   4    
  5 Chicago                         13-30   0.094   -1.2   0.142  0.046     30   29   5    
  6 Florida                         22-25   0.441   0.0    0.513  0.369     19   20   6    
  7 Columbus                        13-32   0.056   -1.4   0.106  0.006     31   30   7    
  8 Ottawa                          20-25   0.364   -0.3   0.420  0.308     22   23   8    

                                           -------Rating----------------  ----Rank----            
Rank Team                            W-L     KRS    SRS    S-Ix   WRS       S    W    SOS
========================================================================================
  9 Los Angeles                     25-22   0.479   -0.1   0.473  0.484     20   14   9    
 10 Toronto                         28-18   0.690   0.8    0.735  0.645     3    6    10   
 11 St Louis                        23-23   0.422   -0.3   0.413  0.431     23   17   11   
 12 Calgary                         21-25   0.436   0.1    0.527  0.344     18   21   12   
 13 Colorado                        24-20   0.566   0.4    0.620  0.512     12   12   13   
 14 Philadelphia                    19-27   0.307   -0.4   0.377  0.237     25   26   14   
 15 Seattle                         27-18   0.650   0.5    0.662  0.637     7    7    15   
 16 Washington                      25-23   0.548   0.4    0.637  0.459     9    16   16   

                                           -------Rating----------------  ----Rank----            
Rank Team                            W-L     KRS    SRS    S-Ix   WRS       S    W    SOS
========================================================================================
 17 Edmonton                        26-21   0.581   0.4    0.632  0.531     10   10   17   
 18 Carolina                        28-17   0.655   0.5    0.663  0.647     6    5    18   
 19 Detroit                         19-25   0.344   -0.3   0.409  0.280     24   24   19   
 20 Buffalo                         22-22   0.506   0.3    0.595  0.417     14   18   20   
 21 Montreal                        19-27   0.213   -1.0   0.201  0.226     29   27   21   
 22 NY Islanders                    23-24   0.465   0.2    0.550  0.380     17   19   22   
 23 New Jersey                      29-16   0.715   0.8    0.752  0.678     2    3    23   
 24 Boston                          36-9    1.000   1.7    1.000  1.000     1    1    24   

                                           -------Rating----------------  ----Rank----            
Rank Team                            W-L     KRS    SRS    S-Ix   WRS       S    W    SOS
========================================================================================
 25 Dallas                          27-20   0.642   0.8    0.734  0.550     4    9    25   
 26 NY Rangers                      25-21   0.558   0.4    0.629  0.487     11   13   26   
 27 Winnipeg                        29-17   0.662   0.5    0.660  0.665     8    4    27   
 28 Nashville                       21-24   0.376   -0.3   0.426  0.325     21   22   28   
 29 Tampa Bay                       29-15   0.700   0.6    0.692  0.707     5    2    29   
 30 Vegas                           28-18   0.598   0.3    0.586  0.610     15   8    30   
 31 San Jose                        14-32   0.131   -0.8   0.263  0.000     27   32   31   
 32 Minnesota                       25-19   0.548   0.2    0.573  0.524     16   11   32   
</div></pre>
</div>
	</pre>
	</p>
	</span>
</body>
<body>
<h3>Other links</h3>
<h4>Pro</h4>
	<ul>
			<li class="listyle"><a href="https://2skupz.github.io/nflKpi.html"> NFL</a></li>
			<li class="listyle"><a href="https://2skupz.github.io/nbaKpi.html"> NBA</a></li>
			<li class="listyle"><a href="https://2skupz.github.io/nhlKpi.html"> NHL</a></li>
	</ul>
<h4>Football</h4>
	<ul>
			<li class="listyle"><a href="https://2skupz.github.io/fbD1Rankings.html"> Division I</a></li>
			<li class="listyle"><a href="https://2skupz.github.io/fbFBSRankings.html"> Division I - FBS</a></li>
			<li class="listyle"><a href="https://2skupz.github.io/fbFCSRankings.html"> Division I - FCS</a></li>
			<li class="listyle"><a href="https://2skupz.github.io/fbD2Rankings.html"> Division II</a></li>
			<li class="listyle"><a href="https://2skupz.github.io/fbD3Rankings.html"> Division III</a></li>
	</ul>
<h4>Baseball</h4>
	<ul>
			<li class="listyle"><a href="https://2skupz.github.io/mlbPlayoffOdds.html"> MLB Playoff Odds</a></li>
			<li class="listyle"><a href="https://2skupz.github.io/baseD1Rankings.html"> Division 1</a></li>
			<li class="listyle"><a href="https://2skupz.github.io/baseD1Rankings.html"> Division 2</a></li>
			<li class="listyle"><a href="https://2skupz.github.io/baseD1Rankings.html"> Division 3</a></li>
	</ul>
<h4>Men's College Basketball</h4>
	<ul>
			<li class="listyle"><a href="https://2skupz.github.io/d1MbbRankings.html"> Division 1</a></li>
			<li class="listyle"><a href="https://2skupz.github.io/d2MbbRankings.html"> Division 2</a></li>
			<li class="listyle"><a href="https://2skupz.github.io/d3MbbRankings.html"> Division 3</a></li>
			<li class="listyle"><a href="https://2skupz.github.io/uSportMbbRankings.html"> U Sports</a></li>
	</ul>
<h4>Women's College Basketball</h4>
	<ul>
			<li class="listyle"><a href="https://2skupz.github.io/d1WbbRankings.html"> Division 1</a></li>
			<li class="listyle"><a href="https://2skupz.github.io/d2WbbRankings.html"> Division 2</a></li>
			<li class="listyle"><a href="https://2skupz.github.io/d3WbbRankings.html"> Division 3</a></li>
			<li class="listyle"><a href="https://2skupz.github.io/uSportsWbbRankings.html"> U Sports</a></li>
	</ul>
</body>
