<html>
<head>
<!-- Global Site Tag (gtag.js) - Google Analytics -->
<title>2023 NHL Rankings</title>
<script type="text/javascript" src="tabber.js">
</script>
<link href="https://fonts.googleapis.com/css?family=Roboto+Slab|Droid+Sans+Mono" rel="stylesheet">
<style>
 body {
			font-family: "Roboto Slab", serif;
			font-size: 12px;
			}
#data {
			font-family: "Droid Sans Mono", serif;
			font-size: 13px;
		}
</style>
<link rel="stylesheet" href="tabbedPage.css" TYPE="text/css" MEDIA="screen">
</head>
<body bgcolor=#fbeec1>
<hr>
<table width=100%>
<tr><td align=left>
<h1 align="center">2023 NHL Rankings</h1>
</td>
</tr></table>
<p>
Standings through 02.28.23
<hr>
<center>
<table width=100% border=1><tr>
<td valign=top>
<div class="tabber">
<div class="tabbertab" title="Ken Power Index">
<pre><div id=data>

                                           -------Rating----------------  ----Rank----            
Rank Team                            W-L     KRS    SRS    S-Ix   WRS       S    W    SOS
========================================================================================
  1 Boston                          47-13   1.000   1.6    1.000  1.000     1    1    16   
  2 Carolina                        39-19   0.747   0.8    0.734  0.760     3    2    19   
  3 New Jersey                      39-20   0.742   0.8    0.747  0.736     2    3    23   
  4 Toronto                         37-23   0.691   0.8    0.728  0.654     4    4    26   
  5 Tampa Bay                       37-23   0.646   0.5    0.647  0.645     7    5    25   
  6 Colorado                        34-24   0.625   0.5    0.643  0.607     8    6    10   
  7 NY Rangers                      34-26   0.609   0.5    0.658  0.561     6    8    18   
  8 Vegas                           35-25   0.573   0.3    0.581  0.565     10   7    32   

                                           -------Rating----------------  ----Rank----            
Rank Team                            W-L     KRS    SRS    S-Ix   WRS       S    W    SOS
========================================================================================
  9 Winnipeg                        35-26   0.565   0.3    0.574  0.555     11   9    30   
 10 Dallas                          31-29   0.561   0.6    0.664  0.458     5    14   22   
 11 Seattle                         33-27   0.555   0.3    0.574  0.536     12   10   11   
 12 Edmonton                        32-29   0.531   0.4    0.605  0.457     9    15   31   
 13 Minnesota                       34-27   0.520   0.1    0.519  0.521     16   11   28   
 14 Buffalo                         31-28   0.512   0.2    0.553  0.471     13   13   24   
 15 Los Angeles                     34-28   0.504   0.0    0.488  0.521     21   12   12   
 16 Pittsburgh                      30-30   0.486   0.1    0.525  0.447     15   16   4    

                                           -------Rating----------------  ----Rank----            
Rank Team                            W-L     KRS    SRS    S-Ix   WRS       S    W    SOS
========================================================================================
 17 NY Islanders                    31-33   0.472   0.2    0.538  0.407     14   19   8    
 18 Florida                         30-32   0.461   0.1    0.507  0.414     17   18   2    
 19 Ottawa                          30-30   0.459   0.0    0.490  0.427     20   17   17   
 20 Washington                      29-33   0.437   0.1    0.504  0.371     18   21   7    
 21 Nashville                       29-29   0.420   -0.1   0.443  0.397     22   20   29   
 22 Calgary                         27-34   0.405   0.0    0.498  0.313     19   23   13   
 23 Detroit                         28-32   0.384   -0.2   0.413  0.356     23   22   14   
 24 St Louis                        26-34   0.300   -0.6   0.299  0.300     25   24   9    

                                           -------Rating----------------  ----Rank----            
Rank Team                            W-L     KRS    SRS    S-Ix   WRS       S    W    SOS
========================================================================================
 25 Vancouver                       24-36   0.275   -0.5   0.315  0.236     24   26   3    
 26 Montreal                        26-34   0.253   -0.8   0.228  0.279     28   25   15   
 27 Philadelphia                    23-38   0.239   -0.6   0.290  0.188     26   27   5    
 28 Arizona                         21-39   0.167   -0.8   0.222  0.112     29   28   20   
 29 Columbus                        20-41   0.130   -1.0   0.167  0.093     30   30   1    
 30 San Jose                        18-43   0.115   -0.8   0.230  0.000     27   32   27   
 31 Chicago                         21-39   0.114   -1.1   0.120  0.107     31   29   21   
 32 Anaheim                         20-41   0.039   -1.5   0.000  0.078     32   31   6    
</div></pre>
</div>
<div class="tabbertab" title="Points Based">
<pre><div id=data>

                                           -------Rating----------------  ----Rank----            
Rank Team                            W-L     KRS    SRS    S-Ix   WRS       S    W    SOS
========================================================================================
  1 Boston                          47-13   1.000   1.6    1.000  1.000     1    1    16   
  2 New Jersey                      39-20   0.742   0.8    0.747  0.736     2    3    23   
  3 Carolina                        39-19   0.747   0.8    0.734  0.760     3    2    19   
  4 Toronto                         37-23   0.691   0.8    0.728  0.654     4    4    26   
  5 Dallas                          31-29   0.561   0.6    0.664  0.458     5    14   22   
  6 NY Rangers                      34-26   0.609   0.5    0.658  0.561     6    8    18   
  7 Tampa Bay                       37-23   0.646   0.5    0.647  0.645     7    5    25   
  8 Colorado                        34-24   0.625   0.5    0.643  0.607     8    6    10   

                                           -------Rating----------------  ----Rank----            
Rank Team                            W-L     KRS    SRS    S-Ix   WRS       S    W    SOS
========================================================================================
  9 Edmonton                        32-29   0.531   0.4    0.605  0.457     9    15   31   
 10 Vegas                           35-25   0.573   0.3    0.581  0.565     10   7    32   
 11 Winnipeg                        35-26   0.565   0.3    0.574  0.555     11   9    30   
 12 Seattle                         33-27   0.555   0.3    0.574  0.536     12   10   11   
 13 Buffalo                         31-28   0.512   0.2    0.553  0.471     13   13   24   
 14 NY Islanders                    31-33   0.472   0.2    0.538  0.407     14   19   8    
 15 Pittsburgh                      30-30   0.486   0.1    0.525  0.447     15   16   4    
 16 Minnesota                       34-27   0.520   0.1    0.519  0.521     16   11   28   

                                           -------Rating----------------  ----Rank----            
Rank Team                            W-L     KRS    SRS    S-Ix   WRS       S    W    SOS
========================================================================================
 17 Florida                         30-32   0.461   0.1    0.507  0.414     17   18   2    
 18 Washington                      29-33   0.437   0.1    0.504  0.371     18   21   7    
 19 Calgary                         27-34   0.405   0.0    0.498  0.313     19   23   13   
 20 Ottawa                          30-30   0.459   0.0    0.490  0.427     20   17   17   
 21 Los Angeles                     34-28   0.504   0.0    0.488  0.521     21   12   12   
 22 Nashville                       29-29   0.420   -0.1   0.443  0.397     22   20   29   
 23 Detroit                         28-32   0.384   -0.2   0.413  0.356     23   22   14   
 24 Vancouver                       24-36   0.275   -0.5   0.315  0.236     24   26   3    

                                           -------Rating----------------  ----Rank----            
Rank Team                            W-L     KRS    SRS    S-Ix   WRS       S    W    SOS
========================================================================================
 25 St Louis                        26-34   0.300   -0.6   0.299  0.300     25   24   9    
 26 Philadelphia                    23-38   0.239   -0.6   0.290  0.188     26   27   5    
 27 San Jose                        18-43   0.115   -0.8   0.230  0.000     27   32   27   
 28 Montreal                        26-34   0.253   -0.8   0.228  0.279     28   25   15   
 29 Arizona                         21-39   0.167   -0.8   0.222  0.112     29   28   20   
 30 Columbus                        20-41   0.130   -1.0   0.167  0.093     30   30   1    
 31 Chicago                         21-39   0.114   -1.1   0.120  0.107     31   29   21   
 32 Anaheim                         20-41   0.039   -1.5   0.000  0.078     32   31   6    
</div></pre>
</div>
<div class="tabbertab" title="Wins Based">
<pre><div id=data>

                                           -------Rating----------------  ----Rank----            
Rank Team                            W-L     KRS    SRS    S-Ix   WRS       S    W    SOS
========================================================================================
  1 Boston                          47-13   1.000   1.6    1.000  1.000     1    1    16   
  2 Carolina                        39-19   0.747   0.8    0.734  0.760     3    2    19   
  3 New Jersey                      39-20   0.742   0.8    0.747  0.736     2    3    23   
  4 Toronto                         37-23   0.691   0.8    0.728  0.654     4    4    26   
  5 Tampa Bay                       37-23   0.646   0.5    0.647  0.645     7    5    25   
  6 Colorado                        34-24   0.625   0.5    0.643  0.607     8    6    10   
  7 Vegas                           35-25   0.573   0.3    0.581  0.565     10   7    32   
  8 NY Rangers                      34-26   0.609   0.5    0.658  0.561     6    8    18   

                                           -------Rating----------------  ----Rank----            
Rank Team                            W-L     KRS    SRS    S-Ix   WRS       S    W    SOS
========================================================================================
  9 Winnipeg                        35-26   0.565   0.3    0.574  0.555     11   9    30   
 10 Seattle                         33-27   0.555   0.3    0.574  0.536     12   10   11   
 11 Minnesota                       34-27   0.520   0.1    0.519  0.521     16   11   28   
 12 Los Angeles                     34-28   0.504   0.0    0.488  0.521     21   12   12   
 13 Buffalo                         31-28   0.512   0.2    0.553  0.471     13   13   24   
 14 Dallas                          31-29   0.561   0.6    0.664  0.458     5    14   22   
 15 Edmonton                        32-29   0.531   0.4    0.605  0.457     9    15   31   
 16 Pittsburgh                      30-30   0.486   0.1    0.525  0.447     15   16   4    

                                           -------Rating----------------  ----Rank----            
Rank Team                            W-L     KRS    SRS    S-Ix   WRS       S    W    SOS
========================================================================================
 17 Ottawa                          30-30   0.459   0.0    0.490  0.427     20   17   17   
 18 Florida                         30-32   0.461   0.1    0.507  0.414     17   18   2    
 19 NY Islanders                    31-33   0.472   0.2    0.538  0.407     14   19   8    
 20 Nashville                       29-29   0.420   -0.1   0.443  0.397     22   20   29   
 21 Washington                      29-33   0.437   0.1    0.504  0.371     18   21   7    
 22 Detroit                         28-32   0.384   -0.2   0.413  0.356     23   22   14   
 23 Calgary                         27-34   0.405   0.0    0.498  0.313     19   23   13   
 24 St Louis                        26-34   0.300   -0.6   0.299  0.300     25   24   9    

                                           -------Rating----------------  ----Rank----            
Rank Team                            W-L     KRS    SRS    S-Ix   WRS       S    W    SOS
========================================================================================
 25 Montreal                        26-34   0.253   -0.8   0.228  0.279     28   25   15   
 26 Vancouver                       24-36   0.275   -0.5   0.315  0.236     24   26   3    
 27 Philadelphia                    23-38   0.239   -0.6   0.290  0.188     26   27   5    
 28 Arizona                         21-39   0.167   -0.8   0.222  0.112     29   28   20   
 29 Chicago                         21-39   0.114   -1.1   0.120  0.107     31   29   21   
 30 Columbus                        20-41   0.130   -1.0   0.167  0.093     30   30   1    
 31 Anaheim                         20-41   0.039   -1.5   0.000  0.078     32   31   6    
 32 San Jose                        18-43   0.115   -0.8   0.230  0.000     27   32   27   
</div></pre>
</div>
<div class="tabbertab" title="BCS">
<pre><div id=data>

                                           -------Rating----------------  ----Rank----            
Rank Team                            W-L     KRS    SRS    S-Ix   WRS       S    W    SOS
========================================================================================
  1 Boston                          47-13   1.000   1.6    1.000  1.000     1    1    16   
  2 Carolina                        39-19   0.747   0.8    0.734  0.760     3    2    19   
  3 New Jersey                      39-20   0.742   0.8    0.747  0.736     2    3    23   
  4 Toronto                         37-23   0.691   0.8    0.728  0.654     4    4    26   
  5 Tampa Bay                       37-23   0.646   0.5    0.647  0.645     7    5    25   
  6 Colorado                        34-24   0.625   0.5    0.643  0.607     8    6    10   
  7 NY Rangers                      34-26   0.609   0.5    0.658  0.561     6    8    18   
  8 Vegas                           35-25   0.573   0.3    0.581  0.565     10   7    32   

                                           -------Rating----------------  ----Rank----            
Rank Team                            W-L     KRS    SRS    S-Ix   WRS       S    W    SOS
========================================================================================
  9 Winnipeg                        35-26   0.565   0.3    0.574  0.555     11   9    30   
 10 Dallas                          31-29   0.561   0.6    0.664  0.458     5    14   22   
 11 Seattle                         33-27   0.555   0.3    0.574  0.536     12   10   11   
 12 Edmonton                        32-29   0.531   0.4    0.605  0.457     9    15   31   
 13 Minnesota                       34-27   0.520   0.1    0.519  0.521     16   11   28   
 14 Buffalo                         31-28   0.512   0.2    0.553  0.471     13   13   24   
 15 Los Angeles                     34-28   0.504   0.0    0.488  0.521     21   12   12   
 16 Pittsburgh                      30-30   0.486   0.1    0.525  0.447     15   16   4    

                                           -------Rating----------------  ----Rank----            
Rank Team                            W-L     KRS    SRS    S-Ix   WRS       S    W    SOS
========================================================================================
 17 NY Islanders                    31-33   0.472   0.2    0.538  0.407     14   19   8    
 18 Florida                         30-32   0.461   0.1    0.507  0.414     17   18   2    
 19 Ottawa                          30-30   0.459   0.0    0.490  0.427     20   17   17   
 20 Washington                      29-33   0.437   0.1    0.504  0.371     18   21   7    
 21 Nashville                       29-29   0.420   -0.1   0.443  0.397     22   20   29   
 22 Calgary                         27-34   0.405   0.0    0.498  0.313     19   23   13   
 23 Detroit                         28-32   0.384   -0.2   0.413  0.356     23   22   14   
 24 St Louis                        26-34   0.300   -0.6   0.299  0.300     25   24   9    

                                           -------Rating----------------  ----Rank----            
Rank Team                            W-L     KRS    SRS    S-Ix   WRS       S    W    SOS
========================================================================================
 25 Vancouver                       24-36   0.275   -0.5   0.315  0.236     24   26   3    
 26 Montreal                        26-34   0.253   -0.8   0.228  0.279     28   25   15   
 27 Philadelphia                    23-38   0.239   -0.6   0.290  0.188     26   27   5    
 28 Arizona                         21-39   0.167   -0.8   0.222  0.112     29   28   20   
 29 Columbus                        20-41   0.130   -1.0   0.167  0.093     30   30   1    
 30 San Jose                        18-43   0.115   -0.8   0.230  0.000     27   32   27   
 31 Chicago                         21-39   0.114   -1.1   0.120  0.107     31   29   21   
 32 Anaheim                         20-41   0.039   -1.5   0.000  0.078     32   31   6    
</div></pre>
</div>
<div class="tabbertab" title="SOS">
<pre><div id=data>

                                           -------Rating----------------  ----Rank----            
Rank Team                            W-L     KRS    SRS    S-Ix   WRS       S    W    SOS
========================================================================================
  1 Columbus                        20-41   0.130   -1.0   0.167  0.093     30   30   1    
  2 Florida                         30-32   0.461   0.1    0.507  0.414     17   18   2    
  3 Vancouver                       24-36   0.275   -0.5   0.315  0.236     24   26   3    
  4 Pittsburgh                      30-30   0.486   0.1    0.525  0.447     15   16   4    
  5 Philadelphia                    23-38   0.239   -0.6   0.290  0.188     26   27   5    
  6 Anaheim                         20-41   0.039   -1.5   0.000  0.078     32   31   6    
  7 Washington                      29-33   0.437   0.1    0.504  0.371     18   21   7    
  8 NY Islanders                    31-33   0.472   0.2    0.538  0.407     14   19   8    

                                           -------Rating----------------  ----Rank----            
Rank Team                            W-L     KRS    SRS    S-Ix   WRS       S    W    SOS
========================================================================================
  9 St Louis                        26-34   0.300   -0.6   0.299  0.300     25   24   9    
 10 Colorado                        34-24   0.625   0.5    0.643  0.607     8    6    10   
 11 Seattle                         33-27   0.555   0.3    0.574  0.536     12   10   11   
 12 Los Angeles                     34-28   0.504   0.0    0.488  0.521     21   12   12   
 13 Calgary                         27-34   0.405   0.0    0.498  0.313     19   23   13   
 14 Detroit                         28-32   0.384   -0.2   0.413  0.356     23   22   14   
 15 Montreal                        26-34   0.253   -0.8   0.228  0.279     28   25   15   
 16 Boston                          47-13   1.000   1.6    1.000  1.000     1    1    16   

                                           -------Rating----------------  ----Rank----            
Rank Team                            W-L     KRS    SRS    S-Ix   WRS       S    W    SOS
========================================================================================
 17 Ottawa                          30-30   0.459   0.0    0.490  0.427     20   17   17   
 18 NY Rangers                      34-26   0.609   0.5    0.658  0.561     6    8    18   
 19 Carolina                        39-19   0.747   0.8    0.734  0.760     3    2    19   
 20 Arizona                         21-39   0.167   -0.8   0.222  0.112     29   28   20   
 21 Chicago                         21-39   0.114   -1.1   0.120  0.107     31   29   21   
 22 Dallas                          31-29   0.561   0.6    0.664  0.458     5    14   22   
 23 New Jersey                      39-20   0.742   0.8    0.747  0.736     2    3    23   
 24 Buffalo                         31-28   0.512   0.2    0.553  0.471     13   13   24   

                                           -------Rating----------------  ----Rank----            
Rank Team                            W-L     KRS    SRS    S-Ix   WRS       S    W    SOS
========================================================================================
 25 Tampa Bay                       37-23   0.646   0.5    0.647  0.645     7    5    25   
 26 Toronto                         37-23   0.691   0.8    0.728  0.654     4    4    26   
 27 San Jose                        18-43   0.115   -0.8   0.230  0.000     27   32   27   
 28 Minnesota                       34-27   0.520   0.1    0.519  0.521     16   11   28   
 29 Nashville                       29-29   0.420   -0.1   0.443  0.397     22   20   29   
 30 Winnipeg                        35-26   0.565   0.3    0.574  0.555     11   9    30   
 31 Edmonton                        32-29   0.531   0.4    0.605  0.457     9    15   31   
 32 Vegas                           35-25   0.573   0.3    0.581  0.565     10   7    32   
</div></pre>
</div>
	</pre>
	</p>
	</span>
</body>
<body>
<h3>Other links</h3>
<h4>Home</h4>
	<ul>
			<li class="listyle"><a href="https://2skupz.github.io/index.html"> Index</a></li>
	</ul>
</body>
