<html>
<head>
<!-- Global Site Tag (gtag.js) - Google Analytics -->
<title>2023 NHL Rankings</title>
<script type="text/javascript" src="tabber.js">
</script>
<link href="https://fonts.googleapis.com/css?family=Roboto+Slab|Droid+Sans+Mono" rel="stylesheet">
<style>
 body {
			font-family: "Roboto Slab", serif;
			font-size: 12px;
			}
#data {
			font-family: "Droid Sans Mono", serif;
			font-size: 13px;
		}
</style>
<link rel="stylesheet" href="tabbedPage.css" TYPE="text/css" MEDIA="screen">
</head>
<body bgcolor=#fbeec1>
<hr>
<table width=100%>
<tr><td align=left>
<h1 align="center">2023 NHL Rankings</h1>
</td>
</tr></table>
<p>
Standings through 01.21.23
<hr>
<center>
<table width=100% border=1><tr>
<td valign=top>
<div class="tabber">
<div class="tabbertab" title="Ken Power Index">
<pre><div id=data>

                                           -------Rating----------------  ----Rank----            
Rank Team                            W-L     KRS    SRS    S-Ix   WRS       S    W    SOS
========================================================================================
  1 Boston                          36-9    1.000   1.7    1.000  1.000     1    1    23   
  2 New Jersey                      29-16   0.720   0.8    0.754  0.686     2    4    22   
  3 Winnipeg                        30-17   0.685   0.6    0.684  0.687     5    2    25   
  4 Tampa Bay                       29-16   0.679   0.6    0.672  0.686     7    3    27   
  5 Carolina                        29-17   0.678   0.6    0.683  0.673     6    5    16   
  6 Toronto                         28-19   0.670   0.7    0.718  0.622     4    8    15   
  7 Dallas                          28-20   0.660   0.8    0.749  0.571     3    9    30   
  8 Seattle                         27-19   0.641   0.5    0.659  0.623     8    7    11   

                                           -------Rating----------------  ----Rank----            
Rank Team                            W-L     KRS    SRS    S-Ix   WRS       S    W    SOS
========================================================================================
  9 Vegas                           29-18   0.625   0.4    0.614  0.635     13   6    28   
 10 Edmonton                        27-21   0.599   0.5    0.642  0.556     9    10   20   
 11 Colorado                        25-20   0.593   0.4    0.634  0.552     10   11   8    
 12 NY Rangers                      25-21   0.564   0.4    0.631  0.498     11   13   26   
 13 Pittsburgh                      23-22   0.542   0.3    0.603  0.481     15   14   4    
 14 Washington                      25-24   0.537   0.4    0.616  0.457     12   16   13   
 15 Minnesota                       25-20   0.535   0.2    0.561  0.508     16   12   31   
 16 Buffalo                         23-22   0.523   0.3    0.605  0.442     14   17   24   

                                           -------Rating----------------  ----Rank----            
Rank Team                            W-L     KRS    SRS    S-Ix   WRS       S    W    SOS
========================================================================================
 17 Calgary                         22-25   0.470   0.1    0.553  0.387     17   20   9    
 18 Los Angeles                     25-23   0.469   -0.2   0.465  0.472     20   15   10   
 19 Florida                         23-25   0.468   0.1    0.530  0.407     19   19   5    
 20 NY Islanders                    23-25   0.463   0.1    0.541  0.384     18   21   17   
 21 St Louis                        23-24   0.411   -0.4   0.403  0.420     23   18   14   
 22 Nashville                       22-24   0.404   -0.2   0.443  0.364     21   22   29   
 23 Ottawa                          20-26   0.355   -0.4   0.402  0.307     24   23   7    
 24 Detroit                         19-26   0.339   -0.4   0.406  0.273     22   25   21   

                                           -------Rating----------------  ----Rank----            
Rank Team                            W-L     KRS    SRS    S-Ix   WRS       S    W    SOS
========================================================================================
 25 Philadelphia                    20-27   0.330   -0.4   0.386  0.274     25   24   18   
 26 Vancouver                       18-28   0.300   -0.5   0.353  0.246     26   27   2    
 27 Montreal                        20-27   0.247   -1.0   0.223  0.270     29   26   19   
 28 Arizona                         14-32   0.147   -1.0   0.225  0.069     28   29   1    
 29 Chicago                         14-30   0.134   -1.2   0.169  0.098     30   28   6    
 30 San Jose                        14-33   0.126   -0.9   0.252  0.000     27   32   32   
 31 Columbus                        14-32   0.091   -1.3   0.129  0.052     31   30   12   
 32 Anaheim                         13-34   0.005   -1.7   0.000  0.011     32   31   3    
</div></pre>
</div>
<div class="tabbertab" title="Points Based">
<pre><div id=data>

                                           -------Rating----------------  ----Rank----            
Rank Team                            W-L     KRS    SRS    S-Ix   WRS       S    W    SOS
========================================================================================
  1 Boston                          36-9    1.000   1.7    1.000  1.000     1    1    23   
  2 New Jersey                      29-16   0.720   0.8    0.754  0.686     2    4    22   
  3 Dallas                          28-20   0.660   0.8    0.749  0.571     3    9    30   
  4 Toronto                         28-19   0.670   0.7    0.718  0.622     4    8    15   
  5 Winnipeg                        30-17   0.685   0.6    0.684  0.687     5    2    25   
  6 Carolina                        29-17   0.678   0.6    0.683  0.673     6    5    16   
  7 Tampa Bay                       29-16   0.679   0.6    0.672  0.686     7    3    27   
  8 Seattle                         27-19   0.641   0.5    0.659  0.623     8    7    11   

                                           -------Rating----------------  ----Rank----            
Rank Team                            W-L     KRS    SRS    S-Ix   WRS       S    W    SOS
========================================================================================
  9 Edmonton                        27-21   0.599   0.5    0.642  0.556     9    10   20   
 10 Colorado                        25-20   0.593   0.4    0.634  0.552     10   11   8    
 11 NY Rangers                      25-21   0.564   0.4    0.631  0.498     11   13   26   
 12 Washington                      25-24   0.537   0.4    0.616  0.457     12   16   13   
 13 Vegas                           29-18   0.625   0.4    0.614  0.635     13   6    28   
 14 Buffalo                         23-22   0.523   0.3    0.605  0.442     14   17   24   
 15 Pittsburgh                      23-22   0.542   0.3    0.603  0.481     15   14   4    
 16 Minnesota                       25-20   0.535   0.2    0.561  0.508     16   12   31   

                                           -------Rating----------------  ----Rank----            
Rank Team                            W-L     KRS    SRS    S-Ix   WRS       S    W    SOS
========================================================================================
 17 Calgary                         22-25   0.470   0.1    0.553  0.387     17   20   9    
 18 NY Islanders                    23-25   0.463   0.1    0.541  0.384     18   21   17   
 19 Florida                         23-25   0.468   0.1    0.530  0.407     19   19   5    
 20 Los Angeles                     25-23   0.469   -0.2   0.465  0.472     20   15   10   
 21 Nashville                       22-24   0.404   -0.2   0.443  0.364     21   22   29   
 22 Detroit                         19-26   0.339   -0.4   0.406  0.273     22   25   21   
 23 St Louis                        23-24   0.411   -0.4   0.403  0.420     23   18   14   
 24 Ottawa                          20-26   0.355   -0.4   0.402  0.307     24   23   7    

                                           -------Rating----------------  ----Rank----            
Rank Team                            W-L     KRS    SRS    S-Ix   WRS       S    W    SOS
========================================================================================
 25 Philadelphia                    20-27   0.330   -0.4   0.386  0.274     25   24   18   
 26 Vancouver                       18-28   0.300   -0.5   0.353  0.246     26   27   2    
 27 San Jose                        14-33   0.126   -0.9   0.252  0.000     27   32   32   
 28 Arizona                         14-32   0.147   -1.0   0.225  0.069     28   29   1    
 29 Montreal                        20-27   0.247   -1.0   0.223  0.270     29   26   19   
 30 Chicago                         14-30   0.134   -1.2   0.169  0.098     30   28   6    
 31 Columbus                        14-32   0.091   -1.3   0.129  0.052     31   30   12   
 32 Anaheim                         13-34   0.005   -1.7   0.000  0.011     32   31   3    
</div></pre>
</div>
<div class="tabbertab" title="Wins Based">
<pre><div id=data>

                                           -------Rating----------------  ----Rank----            
Rank Team                            W-L     KRS    SRS    S-Ix   WRS       S    W    SOS
========================================================================================
  1 Boston                          36-9    1.000   1.7    1.000  1.000     1    1    23   
  2 Winnipeg                        30-17   0.685   0.6    0.684  0.687     5    2    25   
  3 Tampa Bay                       29-16   0.679   0.6    0.672  0.686     7    3    27   
  4 New Jersey                      29-16   0.720   0.8    0.754  0.686     2    4    22   
  5 Carolina                        29-17   0.678   0.6    0.683  0.673     6    5    16   
  6 Vegas                           29-18   0.625   0.4    0.614  0.635     13   6    28   
  7 Seattle                         27-19   0.641   0.5    0.659  0.623     8    7    11   
  8 Toronto                         28-19   0.670   0.7    0.718  0.622     4    8    15   

                                           -------Rating----------------  ----Rank----            
Rank Team                            W-L     KRS    SRS    S-Ix   WRS       S    W    SOS
========================================================================================
  9 Dallas                          28-20   0.660   0.8    0.749  0.571     3    9    30   
 10 Edmonton                        27-21   0.599   0.5    0.642  0.556     9    10   20   
 11 Colorado                        25-20   0.593   0.4    0.634  0.552     10   11   8    
 12 Minnesota                       25-20   0.535   0.2    0.561  0.508     16   12   31   
 13 NY Rangers                      25-21   0.564   0.4    0.631  0.498     11   13   26   
 14 Pittsburgh                      23-22   0.542   0.3    0.603  0.481     15   14   4    
 15 Los Angeles                     25-23   0.469   -0.2   0.465  0.472     20   15   10   
 16 Washington                      25-24   0.537   0.4    0.616  0.457     12   16   13   

                                           -------Rating----------------  ----Rank----            
Rank Team                            W-L     KRS    SRS    S-Ix   WRS       S    W    SOS
========================================================================================
 17 Buffalo                         23-22   0.523   0.3    0.605  0.442     14   17   24   
 18 St Louis                        23-24   0.411   -0.4   0.403  0.420     23   18   14   
 19 Florida                         23-25   0.468   0.1    0.530  0.407     19   19   5    
 20 Calgary                         22-25   0.470   0.1    0.553  0.387     17   20   9    
 21 NY Islanders                    23-25   0.463   0.1    0.541  0.384     18   21   17   
 22 Nashville                       22-24   0.404   -0.2   0.443  0.364     21   22   29   
 23 Ottawa                          20-26   0.355   -0.4   0.402  0.307     24   23   7    
 24 Philadelphia                    20-27   0.330   -0.4   0.386  0.274     25   24   18   

                                           -------Rating----------------  ----Rank----            
Rank Team                            W-L     KRS    SRS    S-Ix   WRS       S    W    SOS
========================================================================================
 25 Detroit                         19-26   0.339   -0.4   0.406  0.273     22   25   21   
 26 Montreal                        20-27   0.247   -1.0   0.223  0.270     29   26   19   
 27 Vancouver                       18-28   0.300   -0.5   0.353  0.246     26   27   2    
 28 Chicago                         14-30   0.134   -1.2   0.169  0.098     30   28   6    
 29 Arizona                         14-32   0.147   -1.0   0.225  0.069     28   29   1    
 30 Columbus                        14-32   0.091   -1.3   0.129  0.052     31   30   12   
 31 Anaheim                         13-34   0.005   -1.7   0.000  0.011     32   31   3    
 32 San Jose                        14-33   0.126   -0.9   0.252  0.000     27   32   32   
</div></pre>
</div>
<div class="tabbertab" title="BCS">
<pre><div id=data>

                                           -------Rating----------------  ----Rank----            
Rank Team                            W-L     KRS    SRS    S-Ix   WRS       S    W    SOS
========================================================================================
  1 Boston                          36-9    1.000   1.7    1.000  1.000     1    1    23   
  2 New Jersey                      29-16   0.720   0.8    0.754  0.686     2    4    22   
  3 Winnipeg                        30-17   0.685   0.6    0.684  0.687     5    2    25   
  4 Tampa Bay                       29-16   0.679   0.6    0.672  0.686     7    3    27   
  5 Carolina                        29-17   0.678   0.6    0.683  0.673     6    5    16   
  6 Toronto                         28-19   0.670   0.7    0.718  0.622     4    8    15   
  7 Dallas                          28-20   0.660   0.8    0.749  0.571     3    9    30   
  8 Seattle                         27-19   0.641   0.5    0.659  0.623     8    7    11   

                                           -------Rating----------------  ----Rank----            
Rank Team                            W-L     KRS    SRS    S-Ix   WRS       S    W    SOS
========================================================================================
  9 Vegas                           29-18   0.625   0.4    0.614  0.635     13   6    28   
 10 Edmonton                        27-21   0.599   0.5    0.642  0.556     9    10   20   
 11 Colorado                        25-20   0.593   0.4    0.634  0.552     10   11   8    
 12 NY Rangers                      25-21   0.564   0.4    0.631  0.498     11   13   26   
 13 Pittsburgh                      23-22   0.542   0.3    0.603  0.481     15   14   4    
 14 Washington                      25-24   0.537   0.4    0.616  0.457     12   16   13   
 15 Minnesota                       25-20   0.535   0.2    0.561  0.508     16   12   31   
 16 Buffalo                         23-22   0.523   0.3    0.605  0.442     14   17   24   

                                           -------Rating----------------  ----Rank----            
Rank Team                            W-L     KRS    SRS    S-Ix   WRS       S    W    SOS
========================================================================================
 17 Calgary                         22-25   0.470   0.1    0.553  0.387     17   20   9    
 18 Los Angeles                     25-23   0.469   -0.2   0.465  0.472     20   15   10   
 19 Florida                         23-25   0.468   0.1    0.530  0.407     19   19   5    
 20 NY Islanders                    23-25   0.463   0.1    0.541  0.384     18   21   17   
 21 St Louis                        23-24   0.411   -0.4   0.403  0.420     23   18   14   
 22 Nashville                       22-24   0.404   -0.2   0.443  0.364     21   22   29   
 23 Ottawa                          20-26   0.355   -0.4   0.402  0.307     24   23   7    
 24 Detroit                         19-26   0.339   -0.4   0.406  0.273     22   25   21   

                                           -------Rating----------------  ----Rank----            
Rank Team                            W-L     KRS    SRS    S-Ix   WRS       S    W    SOS
========================================================================================
 25 Philadelphia                    20-27   0.330   -0.4   0.386  0.274     25   24   18   
 26 Vancouver                       18-28   0.300   -0.5   0.353  0.246     26   27   2    
 27 Montreal                        20-27   0.247   -1.0   0.223  0.270     29   26   19   
 28 Arizona                         14-32   0.147   -1.0   0.225  0.069     28   29   1    
 29 Chicago                         14-30   0.134   -1.2   0.169  0.098     30   28   6    
 30 San Jose                        14-33   0.126   -0.9   0.252  0.000     27   32   32   
 31 Columbus                        14-32   0.091   -1.3   0.129  0.052     31   30   12   
 32 Anaheim                         13-34   0.005   -1.7   0.000  0.011     32   31   3    
</div></pre>
</div>
<div class="tabbertab" title="SOS">
<pre><div id=data>

                                           -------Rating----------------  ----Rank----            
Rank Team                            W-L     KRS    SRS    S-Ix   WRS       S    W    SOS
========================================================================================
  1 Arizona                         14-32   0.147   -1.0   0.225  0.069     28   29   1    
  2 Vancouver                       18-28   0.300   -0.5   0.353  0.246     26   27   2    
  3 Anaheim                         13-34   0.005   -1.7   0.000  0.011     32   31   3    
  4 Pittsburgh                      23-22   0.542   0.3    0.603  0.481     15   14   4    
  5 Florida                         23-25   0.468   0.1    0.530  0.407     19   19   5    
  6 Chicago                         14-30   0.134   -1.2   0.169  0.098     30   28   6    
  7 Ottawa                          20-26   0.355   -0.4   0.402  0.307     24   23   7    
  8 Colorado                        25-20   0.593   0.4    0.634  0.552     10   11   8    

                                           -------Rating----------------  ----Rank----            
Rank Team                            W-L     KRS    SRS    S-Ix   WRS       S    W    SOS
========================================================================================
  9 Calgary                         22-25   0.470   0.1    0.553  0.387     17   20   9    
 10 Los Angeles                     25-23   0.469   -0.2   0.465  0.472     20   15   10   
 11 Seattle                         27-19   0.641   0.5    0.659  0.623     8    7    11   
 12 Columbus                        14-32   0.091   -1.3   0.129  0.052     31   30   12   
 13 Washington                      25-24   0.537   0.4    0.616  0.457     12   16   13   
 14 St Louis                        23-24   0.411   -0.4   0.403  0.420     23   18   14   
 15 Toronto                         28-19   0.670   0.7    0.718  0.622     4    8    15   
 16 Carolina                        29-17   0.678   0.6    0.683  0.673     6    5    16   

                                           -------Rating----------------  ----Rank----            
Rank Team                            W-L     KRS    SRS    S-Ix   WRS       S    W    SOS
========================================================================================
 17 NY Islanders                    23-25   0.463   0.1    0.541  0.384     18   21   17   
 18 Philadelphia                    20-27   0.330   -0.4   0.386  0.274     25   24   18   
 19 Montreal                        20-27   0.247   -1.0   0.223  0.270     29   26   19   
 20 Edmonton                        27-21   0.599   0.5    0.642  0.556     9    10   20   
 21 Detroit                         19-26   0.339   -0.4   0.406  0.273     22   25   21   
 22 New Jersey                      29-16   0.720   0.8    0.754  0.686     2    4    22   
 23 Boston                          36-9    1.000   1.7    1.000  1.000     1    1    23   
 24 Buffalo                         23-22   0.523   0.3    0.605  0.442     14   17   24   

                                           -------Rating----------------  ----Rank----            
Rank Team                            W-L     KRS    SRS    S-Ix   WRS       S    W    SOS
========================================================================================
 25 Winnipeg                        30-17   0.685   0.6    0.684  0.687     5    2    25   
 26 NY Rangers                      25-21   0.564   0.4    0.631  0.498     11   13   26   
 27 Tampa Bay                       29-16   0.679   0.6    0.672  0.686     7    3    27   
 28 Vegas                           29-18   0.625   0.4    0.614  0.635     13   6    28   
 29 Nashville                       22-24   0.404   -0.2   0.443  0.364     21   22   29   
 30 Dallas                          28-20   0.660   0.8    0.749  0.571     3    9    30   
 31 Minnesota                       25-20   0.535   0.2    0.561  0.508     16   12   31   
 32 San Jose                        14-33   0.126   -0.9   0.252  0.000     27   32   32   
</div></pre>
</div>
	</pre>
	</p>
	</span>
</body>
<body>
<h3>Other links</h3>
<h4>Pro</h4>
	<ul>
			<li class="listyle"><a href="https://2skupz.github.io/nflKpi.html"> NFL</a></li>
			<li class="listyle"><a href="https://2skupz.github.io/nbaKpi.html"> NBA</a></li>
			<li class="listyle"><a href="https://2skupz.github.io/nhlKpi.html"> NHL</a></li>
	</ul>
<h4>Football</h4>
	<ul>
			<li class="listyle"><a href="https://2skupz.github.io/fbD1Rankings.html"> Division I</a></li>
			<li class="listyle"><a href="https://2skupz.github.io/fbFBSRankings.html"> Division I - FBS</a></li>
			<li class="listyle"><a href="https://2skupz.github.io/fbFCSRankings.html"> Division I - FCS</a></li>
			<li class="listyle"><a href="https://2skupz.github.io/fbD2Rankings.html"> Division II</a></li>
			<li class="listyle"><a href="https://2skupz.github.io/fbD3Rankings.html"> Division III</a></li>
	</ul>
<h4>Baseball</h4>
	<ul>
			<li class="listyle"><a href="https://2skupz.github.io/mlbPlayoffOdds.html"> MLB Playoff Odds</a></li>
			<li class="listyle"><a href="https://2skupz.github.io/baseD1Rankings.html"> Division 1</a></li>
			<li class="listyle"><a href="https://2skupz.github.io/baseD1Rankings.html"> Division 2</a></li>
			<li class="listyle"><a href="https://2skupz.github.io/baseD1Rankings.html"> Division 3</a></li>
	</ul>
<h4>Men's College Basketball</h4>
	<ul>
			<li class="listyle"><a href="https://2skupz.github.io/d1MbbRankings.html"> Division 1</a></li>
			<li class="listyle"><a href="https://2skupz.github.io/d2MbbRankings.html"> Division 2</a></li>
			<li class="listyle"><a href="https://2skupz.github.io/d3MbbRankings.html"> Division 3</a></li>
			<li class="listyle"><a href="https://2skupz.github.io/uSportMbbRankings.html"> U Sports</a></li>
	</ul>
<h4>Women's College Basketball</h4>
	<ul>
			<li class="listyle"><a href="https://2skupz.github.io/d1WbbRankings.html"> Division 1</a></li>
			<li class="listyle"><a href="https://2skupz.github.io/d2WbbRankings.html"> Division 2</a></li>
			<li class="listyle"><a href="https://2skupz.github.io/d3WbbRankings.html"> Division 3</a></li>
			<li class="listyle"><a href="https://2skupz.github.io/uSportsWbbRankings.html"> U Sports</a></li>
	</ul>
</body>
