<html>
<head>
<!-- Global Site Tag (gtag.js) - Google Analytics -->
<title>2024 NHL Rankings</title>
<script type="text/javascript" src="tabber.js">
</script>
<link href="https://fonts.googleapis.com/css?family=Roboto+Slab|Droid+Sans+Mono" rel="stylesheet">
<style>
 body {
			font-family: "Roboto Slab", serif;
			font-size: 12px;
			}
#data {
			font-family: "Droid Sans Mono", serif;
			font-size: 13px;
		}
</style>
<link rel="stylesheet" href="tabbedPage.css" TYPE="text/css" MEDIA="screen">
</head>
<body bgcolor=#fbeec1>
<hr>
<table width=100%>
<tr><td align=left>
<h1 align="center">2024 NHL Rankings</h1>
</td>
</tr></table>
<p>
Standings through 11.22.23
<hr>
<center>
<table width=100% border=1><tr>
<td valign=top>
<div class="tabber">
<div class="tabbertab" title="Ken Power Index">
<pre><div id=data>

                                           -------Rating----------------  ----Rank----            
Rank Team                            W-L     KRS    SRS    S-Ix   WRS       S    W    SOS
========================================================================================
  1 Los Angeles                     11-6    0.949   1.70   1.000  0.897     1    4    1    
  2 Boston                          14-4    0.941   1.18   0.881  1.000     2    1    28   
  3 Vegas                           14-6    0.876   1.01   0.840  0.912     4    2    19   
  4 NY Rangers                      13-4    0.847   0.77   0.787  0.906     6    3    26   
  5 Dallas                          12-6    0.840   0.88   0.812  0.868     5    5    5    
  6 Colorado                        12-6    0.795   0.73   0.777  0.814     7    6    24   
  7 Vancouver                       13-7    0.780   1.03   0.846  0.713     3    9    32   
  8 Winnipeg                        11-7    0.775   0.72   0.774  0.775     8    7    7    

                                           -------Rating----------------  ----Rank----            
Rank Team                            W-L     KRS    SRS    S-Ix   WRS       S    W    SOS
========================================================================================
  9 Florida                         12-7    0.673   0.05   0.621  0.725     16   8    30   
 10 Toronto                         10-7    0.668   0.20   0.655  0.681     14   10   15   
 11 Ottawa                           8-7    0.666   0.63   0.754  0.578     9    14   10   
 12 Pittsburgh                       9-9    0.653   0.61   0.750  0.556     10   16   17   
 13 St Louis                        10-8    0.653   0.19   0.653  0.653     15   12   8    
 14 Carolina                        11-7    0.647   0.05   0.621  0.673     17   11   29   
 15 Philadelphia                    10-9    0.633   0.39   0.699  0.567     12   15   14   
 16 Detroit                          9-9    0.628   0.49   0.722  0.535     11   18   13   

                                           -------Rating----------------  ----Rank----            
Rank Team                            W-L     KRS    SRS    S-Ix   WRS       S    W    SOS
========================================================================================
 17 Washington                      10-6    0.581   -0.40  0.518  0.643     22   13   31   
 18 Anaheim                          9-10   0.573   -0.08  0.591  0.555     18   17   3    
 19 Arizona                          8-11   0.553   0.22   0.661  0.445     13   20   4    
 20 New Jersey                       8-9    0.489   -0.46  0.503  0.475     23   19   20   
 21 Tampa Bay                        9-11   0.475   -0.25  0.552  0.399     19   23   25   
 22 Buffalo                          8-11   0.463   -0.37  0.526  0.400     21   22   16   
 23 Nashville                        8-10   0.457   -0.34  0.532  0.382     20   24   27   
 24 Montreal                         8-11   0.454   -0.56  0.481  0.426     24   21   9    

                                           -------Rating----------------  ----Rank----            
Rank Team                            W-L     KRS    SRS    S-Ix   WRS       S    W    SOS
========================================================================================
 25 Seattle                          8-13   0.379   -0.66  0.458  0.301     25   25   23   
 26 NY Islanders                     7-11   0.374   -0.69  0.452  0.295     26   26   22   
 27 Calgary                          7-12   0.359   -0.70  0.449  0.268     28   27   18   
 28 Chicago                          5-12   0.307   -0.98  0.384  0.230     30   28   6    
 29 Minnesota                        5-12   0.301   -0.89  0.405  0.197     29   29   12   
 30 Columbus                         5-15   0.273   -0.70  0.449  0.097     27   31   11   
 31 Edmonton                         5-13   0.231   -1.12  0.352  0.109     31   30   21   
 32 San Jose                         3-16   0.000   -2.66  0.000  0.000     32   32   2    
</div></pre>
</div>
<div class="tabbertab" title="Points Based">
<pre><div id=data>

                                           -------Rating----------------  ----Rank----            
Rank Team                            W-L     KRS    SRS    S-Ix   WRS       S    W    SOS
========================================================================================
  1 Los Angeles                     11-6    0.949   1.70   1.000  0.897     1    4    1    
  2 Boston                          14-4    0.941   1.18   0.881  1.000     2    1    28   
  3 Vancouver                       13-7    0.780   1.03   0.846  0.713     3    9    32   
  4 Vegas                           14-6    0.876   1.01   0.840  0.912     4    2    19   
  5 Dallas                          12-6    0.840   0.88   0.812  0.868     5    5    5    
  6 NY Rangers                      13-4    0.847   0.77   0.787  0.906     6    3    26   
  7 Colorado                        12-6    0.795   0.73   0.777  0.814     7    6    24   
  8 Winnipeg                        11-7    0.775   0.72   0.774  0.775     8    7    7    

                                           -------Rating----------------  ----Rank----            
Rank Team                            W-L     KRS    SRS    S-Ix   WRS       S    W    SOS
========================================================================================
  9 Ottawa                           8-7    0.666   0.63   0.754  0.578     9    14   10   
 10 Pittsburgh                       9-9    0.653   0.61   0.750  0.556     10   16   17   
 11 Detroit                          9-9    0.628   0.49   0.722  0.535     11   18   13   
 12 Philadelphia                    10-9    0.633   0.39   0.699  0.567     12   15   14   
 13 Arizona                          8-11   0.553   0.22   0.661  0.445     13   20   4    
 14 Toronto                         10-7    0.668   0.20   0.655  0.681     14   10   15   
 15 St Louis                        10-8    0.653   0.19   0.653  0.653     15   12   8    
 16 Florida                         12-7    0.673   0.05   0.621  0.725     16   8    30   

                                           -------Rating----------------  ----Rank----            
Rank Team                            W-L     KRS    SRS    S-Ix   WRS       S    W    SOS
========================================================================================
 17 Carolina                        11-7    0.647   0.05   0.621  0.673     17   11   29   
 18 Anaheim                          9-10   0.573   -0.08  0.591  0.555     18   17   3    
 19 Tampa Bay                        9-11   0.475   -0.25  0.552  0.399     19   23   25   
 20 Nashville                        8-10   0.457   -0.34  0.532  0.382     20   24   27   
 21 Buffalo                          8-11   0.463   -0.37  0.526  0.400     21   22   16   
 22 Washington                      10-6    0.581   -0.40  0.518  0.643     22   13   31   
 23 New Jersey                       8-9    0.489   -0.46  0.503  0.475     23   19   20   
 24 Montreal                         8-11   0.454   -0.56  0.481  0.426     24   21   9    

                                           -------Rating----------------  ----Rank----            
Rank Team                            W-L     KRS    SRS    S-Ix   WRS       S    W    SOS
========================================================================================
 25 Seattle                          8-13   0.379   -0.66  0.458  0.301     25   25   23   
 26 NY Islanders                     7-11   0.374   -0.69  0.452  0.295     26   26   22   
 27 Columbus                         5-15   0.273   -0.70  0.449  0.097     27   31   11   
 28 Calgary                          7-12   0.359   -0.70  0.449  0.268     28   27   18   
 29 Minnesota                        5-12   0.301   -0.89  0.405  0.197     29   29   12   
 30 Chicago                          5-12   0.307   -0.98  0.384  0.230     30   28   6    
 31 Edmonton                         5-13   0.231   -1.12  0.352  0.109     31   30   21   
 32 San Jose                         3-16   0.000   -2.66  0.000  0.000     32   32   2    
</div></pre>
</div>
<div class="tabbertab" title="Wins Based">
<pre><div id=data>

                                           -------Rating----------------  ----Rank----            
Rank Team                            W-L     KRS    SRS    S-Ix   WRS       S    W    SOS
========================================================================================
  1 Boston                          14-4    0.941   1.18   0.881  1.000     2    1    28   
  2 Vegas                           14-6    0.876   1.01   0.840  0.912     4    2    19   
  3 NY Rangers                      13-4    0.847   0.77   0.787  0.906     6    3    26   
  4 Los Angeles                     11-6    0.949   1.70   1.000  0.897     1    4    1    
  5 Dallas                          12-6    0.840   0.88   0.812  0.868     5    5    5    
  6 Colorado                        12-6    0.795   0.73   0.777  0.814     7    6    24   
  7 Winnipeg                        11-7    0.775   0.72   0.774  0.775     8    7    7    
  8 Florida                         12-7    0.673   0.05   0.621  0.725     16   8    30   

                                           -------Rating----------------  ----Rank----            
Rank Team                            W-L     KRS    SRS    S-Ix   WRS       S    W    SOS
========================================================================================
  9 Vancouver                       13-7    0.780   1.03   0.846  0.713     3    9    32   
 10 Toronto                         10-7    0.668   0.20   0.655  0.681     14   10   15   
 11 Carolina                        11-7    0.647   0.05   0.621  0.673     17   11   29   
 12 St Louis                        10-8    0.653   0.19   0.653  0.653     15   12   8    
 13 Washington                      10-6    0.581   -0.40  0.518  0.643     22   13   31   
 14 Ottawa                           8-7    0.666   0.63   0.754  0.578     9    14   10   
 15 Philadelphia                    10-9    0.633   0.39   0.699  0.567     12   15   14   
 16 Pittsburgh                       9-9    0.653   0.61   0.750  0.556     10   16   17   

                                           -------Rating----------------  ----Rank----            
Rank Team                            W-L     KRS    SRS    S-Ix   WRS       S    W    SOS
========================================================================================
 17 Anaheim                          9-10   0.573   -0.08  0.591  0.555     18   17   3    
 18 Detroit                          9-9    0.628   0.49   0.722  0.535     11   18   13   
 19 New Jersey                       8-9    0.489   -0.46  0.503  0.475     23   19   20   
 20 Arizona                          8-11   0.553   0.22   0.661  0.445     13   20   4    
 21 Montreal                         8-11   0.454   -0.56  0.481  0.426     24   21   9    
 22 Buffalo                          8-11   0.463   -0.37  0.526  0.400     21   22   16   
 23 Tampa Bay                        9-11   0.475   -0.25  0.552  0.399     19   23   25   
 24 Nashville                        8-10   0.457   -0.34  0.532  0.382     20   24   27   

                                           -------Rating----------------  ----Rank----            
Rank Team                            W-L     KRS    SRS    S-Ix   WRS       S    W    SOS
========================================================================================
 25 Seattle                          8-13   0.379   -0.66  0.458  0.301     25   25   23   
 26 NY Islanders                     7-11   0.374   -0.69  0.452  0.295     26   26   22   
 27 Calgary                          7-12   0.359   -0.70  0.449  0.268     28   27   18   
 28 Chicago                          5-12   0.307   -0.98  0.384  0.230     30   28   6    
 29 Minnesota                        5-12   0.301   -0.89  0.405  0.197     29   29   12   
 30 Edmonton                         5-13   0.231   -1.12  0.352  0.109     31   30   21   
 31 Columbus                         5-15   0.273   -0.70  0.449  0.097     27   31   11   
 32 San Jose                         3-16   0.000   -2.66  0.000  0.000     32   32   2    
</div></pre>
</div>
<div class="tabbertab" title="BCS">
<pre><div id=data>

                                           -------Rating----------------  ----Rank----            
Rank Team                            W-L     KRS    SRS    S-Ix   WRS       S    W    SOS
========================================================================================
  1 Los Angeles                     11-6    0.949   1.70   1.000  0.897     1    4    1    
  2 Boston                          14-4    0.941   1.18   0.881  1.000     2    1    28   
  3 Vegas                           14-6    0.876   1.01   0.840  0.912     4    2    19   
  4 NY Rangers                      13-4    0.847   0.77   0.787  0.906     6    3    26   
  5 Dallas                          12-6    0.840   0.88   0.812  0.868     5    5    5    
  6 Colorado                        12-6    0.795   0.73   0.777  0.814     7    6    24   
  7 Vancouver                       13-7    0.780   1.03   0.846  0.713     3    9    32   
  8 Winnipeg                        11-7    0.775   0.72   0.774  0.775     8    7    7    

                                           -------Rating----------------  ----Rank----            
Rank Team                            W-L     KRS    SRS    S-Ix   WRS       S    W    SOS
========================================================================================
  9 Florida                         12-7    0.673   0.05   0.621  0.725     16   8    30   
 10 Toronto                         10-7    0.668   0.20   0.655  0.681     14   10   15   
 11 Ottawa                           8-7    0.666   0.63   0.754  0.578     9    14   10   
 12 Pittsburgh                       9-9    0.653   0.61   0.750  0.556     10   16   17   
 13 St Louis                        10-8    0.653   0.19   0.653  0.653     15   12   8    
 14 Carolina                        11-7    0.647   0.05   0.621  0.673     17   11   29   
 15 Philadelphia                    10-9    0.633   0.39   0.699  0.567     12   15   14   
 16 Detroit                          9-9    0.628   0.49   0.722  0.535     11   18   13   

                                           -------Rating----------------  ----Rank----            
Rank Team                            W-L     KRS    SRS    S-Ix   WRS       S    W    SOS
========================================================================================
 17 Washington                      10-6    0.581   -0.40  0.518  0.643     22   13   31   
 18 Anaheim                          9-10   0.573   -0.08  0.591  0.555     18   17   3    
 19 Arizona                          8-11   0.553   0.22   0.661  0.445     13   20   4    
 20 New Jersey                       8-9    0.489   -0.46  0.503  0.475     23   19   20   
 21 Tampa Bay                        9-11   0.475   -0.25  0.552  0.399     19   23   25   
 22 Buffalo                          8-11   0.463   -0.37  0.526  0.400     21   22   16   
 23 Nashville                        8-10   0.457   -0.34  0.532  0.382     20   24   27   
 24 Montreal                         8-11   0.454   -0.56  0.481  0.426     24   21   9    

                                           -------Rating----------------  ----Rank----            
Rank Team                            W-L     KRS    SRS    S-Ix   WRS       S    W    SOS
========================================================================================
 25 Seattle                          8-13   0.379   -0.66  0.458  0.301     25   25   23   
 26 NY Islanders                     7-11   0.374   -0.69  0.452  0.295     26   26   22   
 27 Calgary                          7-12   0.359   -0.70  0.449  0.268     28   27   18   
 28 Chicago                          5-12   0.307   -0.98  0.384  0.230     30   28   6    
 29 Minnesota                        5-12   0.301   -0.89  0.405  0.197     29   29   12   
 30 Columbus                         5-15   0.273   -0.70  0.449  0.097     27   31   11   
 31 Edmonton                         5-13   0.231   -1.12  0.352  0.109     31   30   21   
 32 San Jose                         3-16   0.000   -2.66  0.000  0.000     32   32   2    
</div></pre>
</div>
<div class="tabbertab" title="SOS">
<pre><div id=data>

                                           -------Rating----------------  ----Rank----            
Rank Team                            W-L     KRS    SRS    S-Ix   WRS       S    W    SOS
========================================================================================
  1 Los Angeles                     11-6    0.949   1.70   1.000  0.897     1    4    1    
  2 San Jose                         3-16   0.000   -2.66  0.000  0.000     32   32   2    
  3 Anaheim                          9-10   0.573   -0.08  0.591  0.555     18   17   3    
  4 Arizona                          8-11   0.553   0.22   0.661  0.445     13   20   4    
  5 Dallas                          12-6    0.840   0.88   0.812  0.868     5    5    5    
  6 Chicago                          5-12   0.307   -0.98  0.384  0.230     30   28   6    
  7 Winnipeg                        11-7    0.775   0.72   0.774  0.775     8    7    7    
  8 St Louis                        10-8    0.653   0.19   0.653  0.653     15   12   8    

                                           -------Rating----------------  ----Rank----            
Rank Team                            W-L     KRS    SRS    S-Ix   WRS       S    W    SOS
========================================================================================
  9 Montreal                         8-11   0.454   -0.56  0.481  0.426     24   21   9    
 10 Ottawa                           8-7    0.666   0.63   0.754  0.578     9    14   10   
 11 Columbus                         5-15   0.273   -0.70  0.449  0.097     27   31   11   
 12 Minnesota                        5-12   0.301   -0.89  0.405  0.197     29   29   12   
 13 Detroit                          9-9    0.628   0.49   0.722  0.535     11   18   13   
 14 Philadelphia                    10-9    0.633   0.39   0.699  0.567     12   15   14   
 15 Toronto                         10-7    0.668   0.20   0.655  0.681     14   10   15   
 16 Buffalo                          8-11   0.463   -0.37  0.526  0.400     21   22   16   

                                           -------Rating----------------  ----Rank----            
Rank Team                            W-L     KRS    SRS    S-Ix   WRS       S    W    SOS
========================================================================================
 17 Pittsburgh                       9-9    0.653   0.61   0.750  0.556     10   16   17   
 18 Calgary                          7-12   0.359   -0.70  0.449  0.268     28   27   18   
 19 Vegas                           14-6    0.876   1.01   0.840  0.912     4    2    19   
 20 New Jersey                       8-9    0.489   -0.46  0.503  0.475     23   19   20   
 21 Edmonton                         5-13   0.231   -1.12  0.352  0.109     31   30   21   
 22 NY Islanders                     7-11   0.374   -0.69  0.452  0.295     26   26   22   
 23 Seattle                          8-13   0.379   -0.66  0.458  0.301     25   25   23   
 24 Colorado                        12-6    0.795   0.73   0.777  0.814     7    6    24   

                                           -------Rating----------------  ----Rank----            
Rank Team                            W-L     KRS    SRS    S-Ix   WRS       S    W    SOS
========================================================================================
 25 Tampa Bay                        9-11   0.475   -0.25  0.552  0.399     19   23   25   
 26 NY Rangers                      13-4    0.847   0.77   0.787  0.906     6    3    26   
 27 Nashville                        8-10   0.457   -0.34  0.532  0.382     20   24   27   
 28 Boston                          14-4    0.941   1.18   0.881  1.000     2    1    28   
 29 Carolina                        11-7    0.647   0.05   0.621  0.673     17   11   29   
 30 Florida                         12-7    0.673   0.05   0.621  0.725     16   8    30   
 31 Washington                      10-6    0.581   -0.40  0.518  0.643     22   13   31   
 32 Vancouver                       13-7    0.780   1.03   0.846  0.713     3    9    32   
</div></pre>
</div>
	</pre>
	</p>
	</span>
</body>
<body>
<h3>Other links</h3>
<h4>Home</h4>
	<ul>
			<li class="listyle"><a href="https://2skupz.github.io/index.html"> Index</a></li>
	</ul>
</body>
