<html>
<head>
<!-- Global Site Tag (gtag.js) - Google Analytics -->
<title>2024 U Sport Women's Baskeball Rankings</title>
<script type="text/javascript" src="tabber.js">
</script>
<link href="https://fonts.googleapis.com/css?family=Roboto+Slab|Droid+Sans+Mono" rel="stylesheet">
<style>
 body {
			font-family: "Roboto Slab", serif;
			font-size: 12px;
			}
#data {
			font-family: "Droid Sans Mono", serif;
			font-size: 13px;
		}
</style>
<link rel="stylesheet" href="tabbedPage.css" TYPE="text/css" MEDIA="screen">
</head>
<body bgcolor=#fbeec1>
<hr>
<table width=100%>
<tr><td align=left>
<h1 align="center">2024 U Sport Women's Baskeball Rankings</h1>
</td>
</tr></table>
<p>
Standings through 11.09.23
<hr>
<center>
<table width=100% border=1><tr>
<td valign=top>
<div class="tabber">
<div class="tabbertab" title="Ken Power Index">
<pre><div id=data>

                                           -------Rating----------------  ----Rank----            
Rank Team                            W-L     KRS    SRS    S-Ix   WRS       S    W    SOS
========================================================================================
  1 Saskatchewan                     8-0    0.997   32.34  0.994  1.000     2    1    7    
  2 Carleton ON                      9-0    0.954   29.05  0.949  0.960     3    2    17   
  3 Calgary                          7-0    0.952   32.77  1.000  0.904     1    4    27   
  4 Queen's ON                       9-0    0.894   22.09  0.854  0.934     5    3    28   
  5 Alberta                          7-3    0.844   24.61  0.888  0.800     4    7    5    
  6 St Mary's NS                    11-2    0.840   19.39  0.817  0.863     7    5    21   
  7 New Brunswick                   11-2    0.789   16.46  0.777  0.801     9    6    33   
  8 Fraser Val                       5-3    0.761   19.68  0.821  0.700     6    11   10   
  9 Cape Breton                      5-2    0.732   11.93  0.715  0.749     12   8    13   
 10 Guelph                           4-3    0.715   13.54  0.737  0.692     10   12   1    
 11 Laval                            7-3    0.709   10.90  0.701  0.716     13   9    30   
 12 Regina                           4-2    0.696   17.53  0.792  0.601     8    18   29   
 13 Acadia                           6-5    0.688   12.68  0.726  0.651     11   15   8    
 14 McGill                           5-2    0.679   7.57   0.656  0.702     16   10   18   
 15 Windsor                          5-2    0.677   10.60  0.697  0.657     14   14   35   
 16 Brit Columbia                    7-4    0.654   10.18  0.691  0.616     15   17   23   

                                           -------Rating----------------  ----Rank----            
Rank Team                            W-L     KRS    SRS    S-Ix   WRS       S    W    SOS
========================================================================================
 17 Concordia QC                     8-3    0.619   2.73   0.590  0.649     24   16   37   
 18 Bishop's                         4-5    0.605   7.24   0.651  0.558     17   20   9    
 19 Trinity Western                  5-1    0.600   -2.03  0.525  0.676     29   13   42   
 20 Waterloo                         5-4    0.583   4.89   0.619  0.546     19   21   26   
 21 Toronto Met                      5-6    0.577   5.18   0.623  0.530     18   22   19   
 22 Memorial                         7-6    0.563   0.93   0.565  0.561     25   19   20   
 23 Laurier                          5-6    0.553   4.03   0.608  0.499     21   24   25   
 24 UPEI                             4-5    0.552   3.64   0.602  0.502     22   23   24   
 25 UBC-Okanagan                     3-4    0.527   3.34   0.598  0.455     23   27   34   
 26 Victoria                         3-6    0.521   -0.36  0.548  0.495     27   25   3    
 27 Ottawa ON                        1-4    0.519   4.56   0.615  0.424     20   29   6    
 28 McMaster                         3-5    0.515   -0.06  0.552  0.478     26   26   14   
 29 Mt Royal                         4-3    0.484   -2.13  0.523  0.445     31   28   39   
 30 Brock                            3-6    0.479   -0.96  0.539  0.418     28   30   22   
 31 UQAM                             0-7    0.418   -2.09  0.524  0.313     30   37   2    
 32 St Fran Xavier                   1-4    0.407   -5.85  0.473  0.341     32   36   16   

                                           -------Rating----------------  ----Rank----            
Rank Team                            W-L     KRS    SRS    S-Ix   WRS       S    W    SOS
========================================================================================
 33 Thompson Riv                     2-3    0.384   -14.06 0.361  0.407     38   31   43   
 34 Manitoba                         4-3    0.382   -13.09 0.374  0.390     37   33   48   
 35 Northern BC                      3-4    0.360   -16.27 0.330  0.389     40   34   40   
 36 Nipissing                        2-5    0.346   -18.55 0.299  0.392     41   32   31   
 37 Laurentian                       1-9    0.340   -11.71 0.393  0.288     35   39   11   
 38 Dalhousie                        2-8    0.335   -12.43 0.383  0.287     36   40   15   
 39 Western ON                       2-6    0.325   -8.98  0.430  0.220     33   42   41   
 40 Lakehead                         2-2    0.317   -19.39 0.288  0.346     43   35   47   
 41 Univ Lethbridge                  0-8    0.314   -10.07 0.415  0.214     34   43   4    
 42 Toronto                          2-8    0.313   -14.23 0.358  0.268     39   41   36   
 43 Winnipeg                         1-5    0.275   -22.18 0.250  0.301     44   38   12   
 44 Grant MacEwan                    1-5    0.224   -22.86 0.240  0.208     45   44   38   
 45 York ON                          0-7    0.214   -19.23 0.290  0.139     42   46   32   
 46 Brandon                          0-2    0.161   -31.09 0.128  0.195     46   45   45   
 47 Ontario Tech                     0-5    0.037   -39.80 0.009  0.066     47   47   44   
 48 Algoma                           0-5    0.000   -40.46 0.000  0.000     48   48   46   
</div></pre>
</div>
<div class="tabbertab" title="Points Based">
<pre><div id=data>

                                           -------Rating----------------  ----Rank----            
Rank Team                            W-L     KRS    SRS    S-Ix   WRS       S    W    SOS
========================================================================================
  1 Calgary                          7-0    0.952   32.77  1.000  0.904     1    4    27   
  2 Saskatchewan                     8-0    0.997   32.34  0.994  1.000     2    1    7    
  3 Carleton ON                      9-0    0.954   29.05  0.949  0.960     3    2    17   
  4 Alberta                          7-3    0.844   24.61  0.888  0.800     4    7    5    
  5 Queen's ON                       9-0    0.894   22.09  0.854  0.934     5    3    28   
  6 Fraser Val                       5-3    0.761   19.68  0.821  0.700     6    11   10   
  7 St Mary's NS                    11-2    0.840   19.39  0.817  0.863     7    5    21   
  8 Regina                           4-2    0.696   17.53  0.792  0.601     8    18   29   
  9 New Brunswick                   11-2    0.789   16.46  0.777  0.801     9    6    33   
 10 Guelph                           4-3    0.715   13.54  0.737  0.692     10   12   1    
 11 Acadia                           6-5    0.688   12.68  0.726  0.651     11   15   8    
 12 Cape Breton                      5-2    0.732   11.93  0.715  0.749     12   8    13   
 13 Laval                            7-3    0.709   10.90  0.701  0.716     13   9    30   
 14 Windsor                          5-2    0.677   10.60  0.697  0.657     14   14   35   
 15 Brit Columbia                    7-4    0.654   10.18  0.691  0.616     15   17   23   
 16 McGill                           5-2    0.679   7.57   0.656  0.702     16   10   18   

                                           -------Rating----------------  ----Rank----            
Rank Team                            W-L     KRS    SRS    S-Ix   WRS       S    W    SOS
========================================================================================
 17 Bishop's                         4-5    0.605   7.24   0.651  0.558     17   20   9    
 18 Toronto Met                      5-6    0.577   5.18   0.623  0.530     18   22   19   
 19 Waterloo                         5-4    0.583   4.89   0.619  0.546     19   21   26   
 20 Ottawa ON                        1-4    0.519   4.56   0.615  0.424     20   29   6    
 21 Laurier                          5-6    0.553   4.03   0.608  0.499     21   24   25   
 22 UPEI                             4-5    0.552   3.64   0.602  0.502     22   23   24   
 23 UBC-Okanagan                     3-4    0.527   3.34   0.598  0.455     23   27   34   
 24 Concordia QC                     8-3    0.619   2.73   0.590  0.649     24   16   37   
 25 Memorial                         7-6    0.563   0.93   0.565  0.561     25   19   20   
 26 McMaster                         3-5    0.515   -0.06  0.552  0.478     26   26   14   
 27 Victoria                         3-6    0.521   -0.36  0.548  0.495     27   25   3    
 28 Brock                            3-6    0.479   -0.96  0.539  0.418     28   30   22   
 29 Trinity Western                  5-1    0.600   -2.03  0.525  0.676     29   13   42   
 30 UQAM                             0-7    0.418   -2.09  0.524  0.313     30   37   2    
 31 Mt Royal                         4-3    0.484   -2.13  0.523  0.445     31   28   39   
 32 St Fran Xavier                   1-4    0.407   -5.85  0.473  0.341     32   36   16   

                                           -------Rating----------------  ----Rank----            
Rank Team                            W-L     KRS    SRS    S-Ix   WRS       S    W    SOS
========================================================================================
 33 Western ON                       2-6    0.325   -8.98  0.430  0.220     33   42   41   
 34 Univ Lethbridge                  0-8    0.314   -10.07 0.415  0.214     34   43   4    
 35 Laurentian                       1-9    0.340   -11.71 0.393  0.288     35   39   11   
 36 Dalhousie                        2-8    0.335   -12.43 0.383  0.287     36   40   15   
 37 Manitoba                         4-3    0.382   -13.09 0.374  0.390     37   33   48   
 38 Thompson Riv                     2-3    0.384   -14.06 0.361  0.407     38   31   43   
 39 Toronto                          2-8    0.313   -14.23 0.358  0.268     39   41   36   
 40 Northern BC                      3-4    0.360   -16.27 0.330  0.389     40   34   40   
 41 Nipissing                        2-5    0.346   -18.55 0.299  0.392     41   32   31   
 42 York ON                          0-7    0.214   -19.23 0.290  0.139     42   46   32   
 43 Lakehead                         2-2    0.317   -19.39 0.288  0.346     43   35   47   
 44 Winnipeg                         1-5    0.275   -22.18 0.250  0.301     44   38   12   
 45 Grant MacEwan                    1-5    0.224   -22.86 0.240  0.208     45   44   38   
 46 Brandon                          0-2    0.161   -31.09 0.128  0.195     46   45   45   
 47 Ontario Tech                     0-5    0.037   -39.80 0.009  0.066     47   47   44   
 48 Algoma                           0-5    0.000   -40.46 0.000  0.000     48   48   46   
</div></pre>
</div>
<div class="tabbertab" title="Wins Based">
<pre><div id=data>

                                           -------Rating----------------  ----Rank----            
Rank Team                            W-L     KRS    SRS    S-Ix   WRS       S    W    SOS
========================================================================================
  1 Saskatchewan                     8-0    0.997   32.34  0.994  1.000     2    1    7    
  2 Carleton ON                      9-0    0.954   29.05  0.949  0.960     3    2    17   
  3 Queen's ON                       9-0    0.894   22.09  0.854  0.934     5    3    28   
  4 Calgary                          7-0    0.952   32.77  1.000  0.904     1    4    27   
  5 St Mary's NS                    11-2    0.840   19.39  0.817  0.863     7    5    21   
  6 New Brunswick                   11-2    0.789   16.46  0.777  0.801     9    6    33   
  7 Alberta                          7-3    0.844   24.61  0.888  0.800     4    7    5    
  8 Cape Breton                      5-2    0.732   11.93  0.715  0.749     12   8    13   
  9 Laval                            7-3    0.709   10.90  0.701  0.716     13   9    30   
 10 McGill                           5-2    0.679   7.57   0.656  0.702     16   10   18   
 11 Fraser Val                       5-3    0.761   19.68  0.821  0.700     6    11   10   
 12 Guelph                           4-3    0.715   13.54  0.737  0.692     10   12   1    
 13 Trinity Western                  5-1    0.600   -2.03  0.525  0.676     29   13   42   
 14 Windsor                          5-2    0.677   10.60  0.697  0.657     14   14   35   
 15 Acadia                           6-5    0.688   12.68  0.726  0.651     11   15   8    
 16 Concordia QC                     8-3    0.619   2.73   0.590  0.649     24   16   37   

                                           -------Rating----------------  ----Rank----            
Rank Team                            W-L     KRS    SRS    S-Ix   WRS       S    W    SOS
========================================================================================
 17 Brit Columbia                    7-4    0.654   10.18  0.691  0.616     15   17   23   
 18 Regina                           4-2    0.696   17.53  0.792  0.601     8    18   29   
 19 Memorial                         7-6    0.563   0.93   0.565  0.561     25   19   20   
 20 Bishop's                         4-5    0.605   7.24   0.651  0.558     17   20   9    
 21 Waterloo                         5-4    0.583   4.89   0.619  0.546     19   21   26   
 22 Toronto Met                      5-6    0.577   5.18   0.623  0.530     18   22   19   
 23 UPEI                             4-5    0.552   3.64   0.602  0.502     22   23   24   
 24 Laurier                          5-6    0.553   4.03   0.608  0.499     21   24   25   
 25 Victoria                         3-6    0.521   -0.36  0.548  0.495     27   25   3    
 26 McMaster                         3-5    0.515   -0.06  0.552  0.478     26   26   14   
 27 UBC-Okanagan                     3-4    0.527   3.34   0.598  0.455     23   27   34   
 28 Mt Royal                         4-3    0.484   -2.13  0.523  0.445     31   28   39   
 29 Ottawa ON                        1-4    0.519   4.56   0.615  0.424     20   29   6    
 30 Brock                            3-6    0.479   -0.96  0.539  0.418     28   30   22   
 31 Thompson Riv                     2-3    0.384   -14.06 0.361  0.407     38   31   43   
 32 Nipissing                        2-5    0.346   -18.55 0.299  0.392     41   32   31   

                                           -------Rating----------------  ----Rank----            
Rank Team                            W-L     KRS    SRS    S-Ix   WRS       S    W    SOS
========================================================================================
 33 Manitoba                         4-3    0.382   -13.09 0.374  0.390     37   33   48   
 34 Northern BC                      3-4    0.360   -16.27 0.330  0.389     40   34   40   
 35 Lakehead                         2-2    0.317   -19.39 0.288  0.346     43   35   47   
 36 St Fran Xavier                   1-4    0.407   -5.85  0.473  0.341     32   36   16   
 37 UQAM                             0-7    0.418   -2.09  0.524  0.313     30   37   2    
 38 Winnipeg                         1-5    0.275   -22.18 0.250  0.301     44   38   12   
 39 Laurentian                       1-9    0.340   -11.71 0.393  0.288     35   39   11   
 40 Dalhousie                        2-8    0.335   -12.43 0.383  0.287     36   40   15   
 41 Toronto                          2-8    0.313   -14.23 0.358  0.268     39   41   36   
 42 Western ON                       2-6    0.325   -8.98  0.430  0.220     33   42   41   
 43 Univ Lethbridge                  0-8    0.314   -10.07 0.415  0.214     34   43   4    
 44 Grant MacEwan                    1-5    0.224   -22.86 0.240  0.208     45   44   38   
 45 Brandon                          0-2    0.161   -31.09 0.128  0.195     46   45   45   
 46 York ON                          0-7    0.214   -19.23 0.290  0.139     42   46   32   
 47 Ontario Tech                     0-5    0.037   -39.80 0.009  0.066     47   47   44   
 48 Algoma                           0-5    0.000   -40.46 0.000  0.000     48   48   46   
</div></pre>
</div>
<div class="tabbertab" title="BCS">
<pre><div id=data>

                                           -------Rating----------------  ----Rank----            
Rank Team                            W-L     KRS    SRS    S-Ix   WRS       S    W    SOS
========================================================================================
  1 Saskatchewan                     8-0    0.997   32.34  0.994  1.000     2    1    7    
  2 Carleton ON                      9-0    0.954   29.05  0.949  0.960     3    2    17   
  3 Calgary                          7-0    0.952   32.77  1.000  0.904     1    4    27   
  4 Queen's ON                       9-0    0.894   22.09  0.854  0.934     5    3    28   
  5 Alberta                          7-3    0.844   24.61  0.888  0.800     4    7    5    
  6 St Mary's NS                    11-2    0.840   19.39  0.817  0.863     7    5    21   
  7 New Brunswick                   11-2    0.789   16.46  0.777  0.801     9    6    33   
  8 Fraser Val                       5-3    0.761   19.68  0.821  0.700     6    11   10   
  9 Cape Breton                      5-2    0.732   11.93  0.715  0.749     12   8    13   
 10 Guelph                           4-3    0.715   13.54  0.737  0.692     10   12   1    
 11 Laval                            7-3    0.709   10.90  0.701  0.716     13   9    30   
 12 Regina                           4-2    0.696   17.53  0.792  0.601     8    18   29   
 13 Acadia                           6-5    0.688   12.68  0.726  0.651     11   15   8    
 14 McGill                           5-2    0.679   7.57   0.656  0.702     16   10   18   
 15 Windsor                          5-2    0.677   10.60  0.697  0.657     14   14   35   
 16 Brit Columbia                    7-4    0.654   10.18  0.691  0.616     15   17   23   

                                           -------Rating----------------  ----Rank----            
Rank Team                            W-L     KRS    SRS    S-Ix   WRS       S    W    SOS
========================================================================================
 17 Concordia QC                     8-3    0.619   2.73   0.590  0.649     24   16   37   
 18 Bishop's                         4-5    0.605   7.24   0.651  0.558     17   20   9    
 19 Trinity Western                  5-1    0.600   -2.03  0.525  0.676     29   13   42   
 20 Waterloo                         5-4    0.583   4.89   0.619  0.546     19   21   26   
 21 Toronto Met                      5-6    0.577   5.18   0.623  0.530     18   22   19   
 22 Memorial                         7-6    0.563   0.93   0.565  0.561     25   19   20   
 23 Laurier                          5-6    0.553   4.03   0.608  0.499     21   24   25   
 24 UPEI                             4-5    0.552   3.64   0.602  0.502     22   23   24   
 25 UBC-Okanagan                     3-4    0.527   3.34   0.598  0.455     23   27   34   
 26 Victoria                         3-6    0.521   -0.36  0.548  0.495     27   25   3    
 27 Ottawa ON                        1-4    0.519   4.56   0.615  0.424     20   29   6    
 28 McMaster                         3-5    0.515   -0.06  0.552  0.478     26   26   14   
 29 Mt Royal                         4-3    0.484   -2.13  0.523  0.445     31   28   39   
 30 Brock                            3-6    0.479   -0.96  0.539  0.418     28   30   22   
 31 UQAM                             0-7    0.418   -2.09  0.524  0.313     30   37   2    
 32 St Fran Xavier                   1-4    0.407   -5.85  0.473  0.341     32   36   16   

                                           -------Rating----------------  ----Rank----            
Rank Team                            W-L     KRS    SRS    S-Ix   WRS       S    W    SOS
========================================================================================
 33 Thompson Riv                     2-3    0.384   -14.06 0.361  0.407     38   31   43   
 34 Manitoba                         4-3    0.382   -13.09 0.374  0.390     37   33   48   
 35 Northern BC                      3-4    0.360   -16.27 0.330  0.389     40   34   40   
 36 Nipissing                        2-5    0.346   -18.55 0.299  0.392     41   32   31   
 37 Laurentian                       1-9    0.340   -11.71 0.393  0.288     35   39   11   
 38 Dalhousie                        2-8    0.335   -12.43 0.383  0.287     36   40   15   
 39 Western ON                       2-6    0.325   -8.98  0.430  0.220     33   42   41   
 40 Lakehead                         2-2    0.317   -19.39 0.288  0.346     43   35   47   
 41 Univ Lethbridge                  0-8    0.314   -10.07 0.415  0.214     34   43   4    
 42 Toronto                          2-8    0.313   -14.23 0.358  0.268     39   41   36   
 43 Winnipeg                         1-5    0.275   -22.18 0.250  0.301     44   38   12   
 44 Grant MacEwan                    1-5    0.224   -22.86 0.240  0.208     45   44   38   
 45 York ON                          0-7    0.214   -19.23 0.290  0.139     42   46   32   
 46 Brandon                          0-2    0.161   -31.09 0.128  0.195     46   45   45   
 47 Ontario Tech                     0-5    0.037   -39.80 0.009  0.066     47   47   44   
 48 Algoma                           0-5    0.000   -40.46 0.000  0.000     48   48   46   
</div></pre>
</div>
<div class="tabbertab" title="SOS">
<pre><div id=data>

                                           -------Rating----------------  ----Rank----            
Rank Team                            W-L     KRS    SRS    S-Ix   WRS       S    W    SOS
========================================================================================
  1 Guelph                           4-3    0.715   13.54  0.737  0.692     10   12   1    
  2 UQAM                             0-7    0.418   -2.09  0.524  0.313     30   37   2    
  3 Victoria                         3-6    0.521   -0.36  0.548  0.495     27   25   3    
  4 Univ Lethbridge                  0-8    0.314   -10.07 0.415  0.214     34   43   4    
  5 Alberta                          7-3    0.844   24.61  0.888  0.800     4    7    5    
  6 Ottawa ON                        1-4    0.519   4.56   0.615  0.424     20   29   6    
  7 Saskatchewan                     8-0    0.997   32.34  0.994  1.000     2    1    7    
  8 Acadia                           6-5    0.688   12.68  0.726  0.651     11   15   8    
  9 Bishop's                         4-5    0.605   7.24   0.651  0.558     17   20   9    
 10 Fraser Val                       5-3    0.761   19.68  0.821  0.700     6    11   10   
 11 Laurentian                       1-9    0.340   -11.71 0.393  0.288     35   39   11   
 12 Winnipeg                         1-5    0.275   -22.18 0.250  0.301     44   38   12   
 13 Cape Breton                      5-2    0.732   11.93  0.715  0.749     12   8    13   
 14 McMaster                         3-5    0.515   -0.06  0.552  0.478     26   26   14   
 15 Dalhousie                        2-8    0.335   -12.43 0.383  0.287     36   40   15   
 16 St Fran Xavier                   1-4    0.407   -5.85  0.473  0.341     32   36   16   

                                           -------Rating----------------  ----Rank----            
Rank Team                            W-L     KRS    SRS    S-Ix   WRS       S    W    SOS
========================================================================================
 17 Carleton ON                      9-0    0.954   29.05  0.949  0.960     3    2    17   
 18 McGill                           5-2    0.679   7.57   0.656  0.702     16   10   18   
 19 Toronto Met                      5-6    0.577   5.18   0.623  0.530     18   22   19   
 20 Memorial                         7-6    0.563   0.93   0.565  0.561     25   19   20   
 21 St Mary's NS                    11-2    0.840   19.39  0.817  0.863     7    5    21   
 22 Brock                            3-6    0.479   -0.96  0.539  0.418     28   30   22   
 23 Brit Columbia                    7-4    0.654   10.18  0.691  0.616     15   17   23   
 24 UPEI                             4-5    0.552   3.64   0.602  0.502     22   23   24   
 25 Laurier                          5-6    0.553   4.03   0.608  0.499     21   24   25   
 26 Waterloo                         5-4    0.583   4.89   0.619  0.546     19   21   26   
 27 Calgary                          7-0    0.952   32.77  1.000  0.904     1    4    27   
 28 Queen's ON                       9-0    0.894   22.09  0.854  0.934     5    3    28   
 29 Regina                           4-2    0.696   17.53  0.792  0.601     8    18   29   
 30 Laval                            7-3    0.709   10.90  0.701  0.716     13   9    30   
 31 Nipissing                        2-5    0.346   -18.55 0.299  0.392     41   32   31   
 32 York ON                          0-7    0.214   -19.23 0.290  0.139     42   46   32   

                                           -------Rating----------------  ----Rank----            
Rank Team                            W-L     KRS    SRS    S-Ix   WRS       S    W    SOS
========================================================================================
 33 New Brunswick                   11-2    0.789   16.46  0.777  0.801     9    6    33   
 34 UBC-Okanagan                     3-4    0.527   3.34   0.598  0.455     23   27   34   
 35 Windsor                          5-2    0.677   10.60  0.697  0.657     14   14   35   
 36 Toronto                          2-8    0.313   -14.23 0.358  0.268     39   41   36   
 37 Concordia QC                     8-3    0.619   2.73   0.590  0.649     24   16   37   
 38 Grant MacEwan                    1-5    0.224   -22.86 0.240  0.208     45   44   38   
 39 Mt Royal                         4-3    0.484   -2.13  0.523  0.445     31   28   39   
 40 Northern BC                      3-4    0.360   -16.27 0.330  0.389     40   34   40   
 41 Western ON                       2-6    0.325   -8.98  0.430  0.220     33   42   41   
 42 Trinity Western                  5-1    0.600   -2.03  0.525  0.676     29   13   42   
 43 Thompson Riv                     2-3    0.384   -14.06 0.361  0.407     38   31   43   
 44 Ontario Tech                     0-5    0.037   -39.80 0.009  0.066     47   47   44   
 45 Brandon                          0-2    0.161   -31.09 0.128  0.195     46   45   45   
 46 Algoma                           0-5    0.000   -40.46 0.000  0.000     48   48   46   
 47 Lakehead                         2-2    0.317   -19.39 0.288  0.346     43   35   47   
 48 Manitoba                         4-3    0.382   -13.09 0.374  0.390     37   33   48   
</div></pre>
</div>
	</pre>
	</p>
	</span>
</body>
<body>
<h3>Other links</h3>
<h4>Home</h4>
	<ul>
			<li class="listyle"><a href="https://2skupz.github.io/index.html"> Index</a></li>
	</ul>
</body>
