<html>
<head>
<!-- Global Site Tag (gtag.js) - Google Analytics -->
<title>2024 U Sport Women's Baskeball Rankings</title>
<script type="text/javascript" src="tabber.js">
</script>
<link href="https://fonts.googleapis.com/css?family=Roboto+Slab|Droid+Sans+Mono" rel="stylesheet">
<style>
 body {
			font-family: "Roboto Slab", serif;
			font-size: 12px;
			}
#data {
			font-family: "Droid Sans Mono", serif;
			font-size: 13px;
		}
</style>
<link rel="stylesheet" href="tabbedPage.css" TYPE="text/css" MEDIA="screen">
</head>
<body bgcolor=#fbeec1>
<hr>
<table width=100%>
<tr><td align=left>
<h1 align="center">2024 U Sport Women's Baskeball Rankings</h1>
</td>
</tr></table>
<p>
Standings through 11.13.23
<hr>
<center>
<table width=100% border=1><tr>
<td valign=top>
<div class="tabber">
<div class="tabbertab" title="Ken Power Index">
<pre><div id=data>

                                           -------Rating----------------  ----Rank----            
Rank Team                            W-L     KRS    SRS    S-Ix   WRS       S    W    SOS
========================================================================================
  1 Saskatchewan                    10-0    1.000   33.42  1.000  1.000     1    1    14   
  2 Carleton ON                     11-0    0.918   25.35  0.885  0.952     3    2    23   
  3 Calgary                         12-0    0.902   26.85  0.906  0.897     2    3    42   
  4 Alberta                          9-3    0.850   23.04  0.852  0.849     4    6    3    
  5 Queen's ON                      11-0    0.832   17.39  0.772  0.892     7    4    39   
  6 St Mary's NS                    13-2    0.829   19.70  0.805  0.853     5    5    25   
  7 New Brunswick                   13-2    0.803   17.11  0.768  0.838     8    7    30   
  8 Fraser Val                       7-3    0.778   18.82  0.792  0.763     6    8    13   
  9 Acadia                           8-5    0.722   13.69  0.719  0.725     9    9    5    
 10 Laval                            8-3    0.710   12.21  0.698  0.722     10   10   27   
 11 Guelph                           5-4    0.675   9.99   0.667  0.683     12   13   2    
 12 Brit Columbia                    9-4    0.664   10.56  0.675  0.654     11   14   31   
 13 Concordia QC                     9-3    0.641   4.68   0.591  0.691     21   12   41   
 14 McGill                           6-3    0.641   4.36   0.586  0.695     22   11   20   
 15 Toronto Met                      7-6    0.612   6.52   0.617  0.607     18   16   18   
 16 Bishop's                         5-6    0.607   6.54   0.617  0.596     17   17   7    

                                           -------Rating----------------  ----Rank----            
Rank Team                            W-L     KRS    SRS    S-Ix   WRS       S    W    SOS
========================================================================================
 17 Waterloo                         7-5    0.604   7.10   0.625  0.582     16   18   22   
 18 Windsor                          5-4    0.591   7.89   0.637  0.545     14   21   24   
 19 Trinity Western                  7-3    0.590   1.57   0.547  0.633     25   15   37   
 20 Regina                           4-4    0.590   9.78   0.664  0.516     13   25   29   
 21 Cape Breton                      5-5    0.590   5.56   0.603  0.576     19   19   12   
 22 Ottawa ON                        3-4    0.583   7.51   0.631  0.534     15   22   8    
 23 UPEI                             5-7    0.566   5.38   0.601  0.532     20   23   9    
 24 Mt Royal                         6-5    0.547   3.42   0.573  0.521     23   24   32   
 25 Memorial                         9-7    0.541   -0.14  0.522  0.559     28   20   26   
 26 Laurier                          7-6    0.532   2.85   0.565  0.500     24   26   40   
 27 McMaster                         4-6    0.496   0.29   0.528  0.464     26   27   17   
 28 Victoria                         3-8    0.473   -2.41  0.490  0.455     29   29   1    
 29 UBC-Okanagan                     4-5    0.469   0.25   0.528  0.410     27   32   38   
 30 Manitoba                         7-5    0.456   -4.99  0.453  0.460     32   28   44   
 31 St Fran Xavier                   2-5    0.438   -3.21  0.479  0.397     30   33   16   
 32 Brock                            3-7    0.432   -3.31  0.477  0.386     31   34   19   

                                           -------Rating----------------  ----Rank----            
Rank Team                            W-L     KRS    SRS    S-Ix   WRS       S    W    SOS
========================================================================================
 33 Thompson Riv                     4-3    0.395   -12.41 0.348  0.442     37   30   47   
 34 Lakehead                         6-3    0.372   -14.92 0.312  0.432     39   31   48   
 35 Laurentian                       2-10   0.341   -11.04 0.367  0.315     36   36   21   
 36 UQAM                             0-8    0.335   -7.52  0.417  0.253     34   41   4    
 37 Western ON                       2-8    0.327   -6.41  0.433  0.221     33   44   33   
 38 Northern BC                      3-7    0.321   -17.80 0.271  0.372     41   35   28   
 39 Univ Lethbridge                  1-10   0.298   -10.55 0.374  0.223     35   43   6    
 40 Dalhousie                        2-11   0.284   -15.16 0.308  0.259     40   40   10   
 41 Nipissing                        2-7    0.283   -18.59 0.260  0.306     43   37   36   
 42 Toronto                          2-9    0.279   -14.11 0.323  0.234     38   42   34   
 43 Winnipeg                         2-9    0.255   -19.93 0.241  0.269     44   39   15   
 44 Grant MacEwan                    1-7    0.244   -21.72 0.215  0.274     45   38   11   
 45 York ON                          0-9    0.183   -18.20 0.265  0.101     42   45   35   
 46 Brandon                          0-7    0.095   -26.23 0.151  0.039     46   47   45   
 47 Ontario Tech                     1-7    0.050   -36.83 0.000  0.101     48   46   46   
 48 Algoma                           0-7    0.003   -36.37 0.007  0.000     47   48   43   
</div></pre>
</div>
<div class="tabbertab" title="Points Based">
<pre><div id=data>

                                           -------Rating----------------  ----Rank----            
Rank Team                            W-L     KRS    SRS    S-Ix   WRS       S    W    SOS
========================================================================================
  1 Saskatchewan                    10-0    1.000   33.42  1.000  1.000     1    1    14   
  2 Calgary                         12-0    0.902   26.85  0.906  0.897     2    3    42   
  3 Carleton ON                     11-0    0.918   25.35  0.885  0.952     3    2    23   
  4 Alberta                          9-3    0.850   23.04  0.852  0.849     4    6    3    
  5 St Mary's NS                    13-2    0.829   19.70  0.805  0.853     5    5    25   
  6 Fraser Val                       7-3    0.778   18.82  0.792  0.763     6    8    13   
  7 Queen's ON                      11-0    0.832   17.39  0.772  0.892     7    4    39   
  8 New Brunswick                   13-2    0.803   17.11  0.768  0.838     8    7    30   
  9 Acadia                           8-5    0.722   13.69  0.719  0.725     9    9    5    
 10 Laval                            8-3    0.710   12.21  0.698  0.722     10   10   27   
 11 Brit Columbia                    9-4    0.664   10.56  0.675  0.654     11   14   31   
 12 Guelph                           5-4    0.675   9.99   0.667  0.683     12   13   2    
 13 Regina                           4-4    0.590   9.78   0.664  0.516     13   25   29   
 14 Windsor                          5-4    0.591   7.89   0.637  0.545     14   21   24   
 15 Ottawa ON                        3-4    0.583   7.51   0.631  0.534     15   22   8    
 16 Waterloo                         7-5    0.604   7.10   0.625  0.582     16   18   22   

                                           -------Rating----------------  ----Rank----            
Rank Team                            W-L     KRS    SRS    S-Ix   WRS       S    W    SOS
========================================================================================
 17 Bishop's                         5-6    0.607   6.54   0.617  0.596     17   17   7    
 18 Toronto Met                      7-6    0.612   6.52   0.617  0.607     18   16   18   
 19 Cape Breton                      5-5    0.590   5.56   0.603  0.576     19   19   12   
 20 UPEI                             5-7    0.566   5.38   0.601  0.532     20   23   9    
 21 Concordia QC                     9-3    0.641   4.68   0.591  0.691     21   12   41   
 22 McGill                           6-3    0.641   4.36   0.586  0.695     22   11   20   
 23 Mt Royal                         6-5    0.547   3.42   0.573  0.521     23   24   32   
 24 Laurier                          7-6    0.532   2.85   0.565  0.500     24   26   40   
 25 Trinity Western                  7-3    0.590   1.57   0.547  0.633     25   15   37   
 26 McMaster                         4-6    0.496   0.29   0.528  0.464     26   27   17   
 27 UBC-Okanagan                     4-5    0.469   0.25   0.528  0.410     27   32   38   
 28 Memorial                         9-7    0.541   -0.14  0.522  0.559     28   20   26   
 29 Victoria                         3-8    0.473   -2.41  0.490  0.455     29   29   1    
 30 St Fran Xavier                   2-5    0.438   -3.21  0.479  0.397     30   33   16   
 31 Brock                            3-7    0.432   -3.31  0.477  0.386     31   34   19   
 32 Manitoba                         7-5    0.456   -4.99  0.453  0.460     32   28   44   

                                           -------Rating----------------  ----Rank----            
Rank Team                            W-L     KRS    SRS    S-Ix   WRS       S    W    SOS
========================================================================================
 33 Western ON                       2-8    0.327   -6.41  0.433  0.221     33   44   33   
 34 UQAM                             0-8    0.335   -7.52  0.417  0.253     34   41   4    
 35 Univ Lethbridge                  1-10   0.298   -10.55 0.374  0.223     35   43   6    
 36 Laurentian                       2-10   0.341   -11.04 0.367  0.315     36   36   21   
 37 Thompson Riv                     4-3    0.395   -12.41 0.348  0.442     37   30   47   
 38 Toronto                          2-9    0.279   -14.11 0.323  0.234     38   42   34   
 39 Lakehead                         6-3    0.372   -14.92 0.312  0.432     39   31   48   
 40 Dalhousie                        2-11   0.284   -15.16 0.308  0.259     40   40   10   
 41 Northern BC                      3-7    0.321   -17.80 0.271  0.372     41   35   28   
 42 York ON                          0-9    0.183   -18.20 0.265  0.101     42   45   35   
 43 Nipissing                        2-7    0.283   -18.59 0.260  0.306     43   37   36   
 44 Winnipeg                         2-9    0.255   -19.93 0.241  0.269     44   39   15   
 45 Grant MacEwan                    1-7    0.244   -21.72 0.215  0.274     45   38   11   
 46 Brandon                          0-7    0.095   -26.23 0.151  0.039     46   47   45   
 47 Algoma                           0-7    0.003   -36.37 0.007  0.000     47   48   43   
 48 Ontario Tech                     1-7    0.050   -36.83 0.000  0.101     48   46   46   
</div></pre>
</div>
<div class="tabbertab" title="Wins Based">
<pre><div id=data>

                                           -------Rating----------------  ----Rank----            
Rank Team                            W-L     KRS    SRS    S-Ix   WRS       S    W    SOS
========================================================================================
  1 Saskatchewan                    10-0    1.000   33.42  1.000  1.000     1    1    14   
  2 Carleton ON                     11-0    0.918   25.35  0.885  0.952     3    2    23   
  3 Calgary                         12-0    0.902   26.85  0.906  0.897     2    3    42   
  4 Queen's ON                      11-0    0.832   17.39  0.772  0.892     7    4    39   
  5 St Mary's NS                    13-2    0.829   19.70  0.805  0.853     5    5    25   
  6 Alberta                          9-3    0.850   23.04  0.852  0.849     4    6    3    
  7 New Brunswick                   13-2    0.803   17.11  0.768  0.838     8    7    30   
  8 Fraser Val                       7-3    0.778   18.82  0.792  0.763     6    8    13   
  9 Acadia                           8-5    0.722   13.69  0.719  0.725     9    9    5    
 10 Laval                            8-3    0.710   12.21  0.698  0.722     10   10   27   
 11 McGill                           6-3    0.641   4.36   0.586  0.695     22   11   20   
 12 Concordia QC                     9-3    0.641   4.68   0.591  0.691     21   12   41   
 13 Guelph                           5-4    0.675   9.99   0.667  0.683     12   13   2    
 14 Brit Columbia                    9-4    0.664   10.56  0.675  0.654     11   14   31   
 15 Trinity Western                  7-3    0.590   1.57   0.547  0.633     25   15   37   
 16 Toronto Met                      7-6    0.612   6.52   0.617  0.607     18   16   18   

                                           -------Rating----------------  ----Rank----            
Rank Team                            W-L     KRS    SRS    S-Ix   WRS       S    W    SOS
========================================================================================
 17 Bishop's                         5-6    0.607   6.54   0.617  0.596     17   17   7    
 18 Waterloo                         7-5    0.604   7.10   0.625  0.582     16   18   22   
 19 Cape Breton                      5-5    0.590   5.56   0.603  0.576     19   19   12   
 20 Memorial                         9-7    0.541   -0.14  0.522  0.559     28   20   26   
 21 Windsor                          5-4    0.591   7.89   0.637  0.545     14   21   24   
 22 Ottawa ON                        3-4    0.583   7.51   0.631  0.534     15   22   8    
 23 UPEI                             5-7    0.566   5.38   0.601  0.532     20   23   9    
 24 Mt Royal                         6-5    0.547   3.42   0.573  0.521     23   24   32   
 25 Regina                           4-4    0.590   9.78   0.664  0.516     13   25   29   
 26 Laurier                          7-6    0.532   2.85   0.565  0.500     24   26   40   
 27 McMaster                         4-6    0.496   0.29   0.528  0.464     26   27   17   
 28 Manitoba                         7-5    0.456   -4.99  0.453  0.460     32   28   44   
 29 Victoria                         3-8    0.473   -2.41  0.490  0.455     29   29   1    
 30 Thompson Riv                     4-3    0.395   -12.41 0.348  0.442     37   30   47   
 31 Lakehead                         6-3    0.372   -14.92 0.312  0.432     39   31   48   
 32 UBC-Okanagan                     4-5    0.469   0.25   0.528  0.410     27   32   38   

                                           -------Rating----------------  ----Rank----            
Rank Team                            W-L     KRS    SRS    S-Ix   WRS       S    W    SOS
========================================================================================
 33 St Fran Xavier                   2-5    0.438   -3.21  0.479  0.397     30   33   16   
 34 Brock                            3-7    0.432   -3.31  0.477  0.386     31   34   19   
 35 Northern BC                      3-7    0.321   -17.80 0.271  0.372     41   35   28   
 36 Laurentian                       2-10   0.341   -11.04 0.367  0.315     36   36   21   
 37 Nipissing                        2-7    0.283   -18.59 0.260  0.306     43   37   36   
 38 Grant MacEwan                    1-7    0.244   -21.72 0.215  0.274     45   38   11   
 39 Winnipeg                         2-9    0.255   -19.93 0.241  0.269     44   39   15   
 40 Dalhousie                        2-11   0.284   -15.16 0.308  0.259     40   40   10   
 41 UQAM                             0-8    0.335   -7.52  0.417  0.253     34   41   4    
 42 Toronto                          2-9    0.279   -14.11 0.323  0.234     38   42   34   
 43 Univ Lethbridge                  1-10   0.298   -10.55 0.374  0.223     35   43   6    
 44 Western ON                       2-8    0.327   -6.41  0.433  0.221     33   44   33   
 45 York ON                          0-9    0.183   -18.20 0.265  0.101     42   45   35   
 46 Ontario Tech                     1-7    0.050   -36.83 0.000  0.101     48   46   46   
 47 Brandon                          0-7    0.095   -26.23 0.151  0.039     46   47   45   
 48 Algoma                           0-7    0.003   -36.37 0.007  0.000     47   48   43   
</div></pre>
</div>
<div class="tabbertab" title="BCS">
<pre><div id=data>

                                           -------Rating----------------  ----Rank----            
Rank Team                            W-L     KRS    SRS    S-Ix   WRS       S    W    SOS
========================================================================================
  1 Saskatchewan                    10-0    1.000   33.42  1.000  1.000     1    1    14   
  2 Carleton ON                     11-0    0.918   25.35  0.885  0.952     3    2    23   
  3 Calgary                         12-0    0.902   26.85  0.906  0.897     2    3    42   
  4 Alberta                          9-3    0.850   23.04  0.852  0.849     4    6    3    
  5 Queen's ON                      11-0    0.832   17.39  0.772  0.892     7    4    39   
  6 St Mary's NS                    13-2    0.829   19.70  0.805  0.853     5    5    25   
  7 New Brunswick                   13-2    0.803   17.11  0.768  0.838     8    7    30   
  8 Fraser Val                       7-3    0.778   18.82  0.792  0.763     6    8    13   
  9 Acadia                           8-5    0.722   13.69  0.719  0.725     9    9    5    
 10 Laval                            8-3    0.710   12.21  0.698  0.722     10   10   27   
 11 Guelph                           5-4    0.675   9.99   0.667  0.683     12   13   2    
 12 Brit Columbia                    9-4    0.664   10.56  0.675  0.654     11   14   31   
 13 Concordia QC                     9-3    0.641   4.68   0.591  0.691     21   12   41   
 14 McGill                           6-3    0.641   4.36   0.586  0.695     22   11   20   
 15 Toronto Met                      7-6    0.612   6.52   0.617  0.607     18   16   18   
 16 Bishop's                         5-6    0.607   6.54   0.617  0.596     17   17   7    

                                           -------Rating----------------  ----Rank----            
Rank Team                            W-L     KRS    SRS    S-Ix   WRS       S    W    SOS
========================================================================================
 17 Waterloo                         7-5    0.604   7.10   0.625  0.582     16   18   22   
 18 Windsor                          5-4    0.591   7.89   0.637  0.545     14   21   24   
 19 Trinity Western                  7-3    0.590   1.57   0.547  0.633     25   15   37   
 20 Regina                           4-4    0.590   9.78   0.664  0.516     13   25   29   
 21 Cape Breton                      5-5    0.590   5.56   0.603  0.576     19   19   12   
 22 Ottawa ON                        3-4    0.583   7.51   0.631  0.534     15   22   8    
 23 UPEI                             5-7    0.566   5.38   0.601  0.532     20   23   9    
 24 Mt Royal                         6-5    0.547   3.42   0.573  0.521     23   24   32   
 25 Memorial                         9-7    0.541   -0.14  0.522  0.559     28   20   26   
 26 Laurier                          7-6    0.532   2.85   0.565  0.500     24   26   40   
 27 McMaster                         4-6    0.496   0.29   0.528  0.464     26   27   17   
 28 Victoria                         3-8    0.473   -2.41  0.490  0.455     29   29   1    
 29 UBC-Okanagan                     4-5    0.469   0.25   0.528  0.410     27   32   38   
 30 Manitoba                         7-5    0.456   -4.99  0.453  0.460     32   28   44   
 31 St Fran Xavier                   2-5    0.438   -3.21  0.479  0.397     30   33   16   
 32 Brock                            3-7    0.432   -3.31  0.477  0.386     31   34   19   

                                           -------Rating----------------  ----Rank----            
Rank Team                            W-L     KRS    SRS    S-Ix   WRS       S    W    SOS
========================================================================================
 33 Thompson Riv                     4-3    0.395   -12.41 0.348  0.442     37   30   47   
 34 Lakehead                         6-3    0.372   -14.92 0.312  0.432     39   31   48   
 35 Laurentian                       2-10   0.341   -11.04 0.367  0.315     36   36   21   
 36 UQAM                             0-8    0.335   -7.52  0.417  0.253     34   41   4    
 37 Western ON                       2-8    0.327   -6.41  0.433  0.221     33   44   33   
 38 Northern BC                      3-7    0.321   -17.80 0.271  0.372     41   35   28   
 39 Univ Lethbridge                  1-10   0.298   -10.55 0.374  0.223     35   43   6    
 40 Dalhousie                        2-11   0.284   -15.16 0.308  0.259     40   40   10   
 41 Nipissing                        2-7    0.283   -18.59 0.260  0.306     43   37   36   
 42 Toronto                          2-9    0.279   -14.11 0.323  0.234     38   42   34   
 43 Winnipeg                         2-9    0.255   -19.93 0.241  0.269     44   39   15   
 44 Grant MacEwan                    1-7    0.244   -21.72 0.215  0.274     45   38   11   
 45 York ON                          0-9    0.183   -18.20 0.265  0.101     42   45   35   
 46 Brandon                          0-7    0.095   -26.23 0.151  0.039     46   47   45   
 47 Ontario Tech                     1-7    0.050   -36.83 0.000  0.101     48   46   46   
 48 Algoma                           0-7    0.003   -36.37 0.007  0.000     47   48   43   
</div></pre>
</div>
<div class="tabbertab" title="SOS">
<pre><div id=data>

                                           -------Rating----------------  ----Rank----            
Rank Team                            W-L     KRS    SRS    S-Ix   WRS       S    W    SOS
========================================================================================
  1 Victoria                         3-8    0.473   -2.41  0.490  0.455     29   29   1    
  2 Guelph                           5-4    0.675   9.99   0.667  0.683     12   13   2    
  3 Alberta                          9-3    0.850   23.04  0.852  0.849     4    6    3    
  4 UQAM                             0-8    0.335   -7.52  0.417  0.253     34   41   4    
  5 Acadia                           8-5    0.722   13.69  0.719  0.725     9    9    5    
  6 Univ Lethbridge                  1-10   0.298   -10.55 0.374  0.223     35   43   6    
  7 Bishop's                         5-6    0.607   6.54   0.617  0.596     17   17   7    
  8 Ottawa ON                        3-4    0.583   7.51   0.631  0.534     15   22   8    
  9 UPEI                             5-7    0.566   5.38   0.601  0.532     20   23   9    
 10 Dalhousie                        2-11   0.284   -15.16 0.308  0.259     40   40   10   
 11 Grant MacEwan                    1-7    0.244   -21.72 0.215  0.274     45   38   11   
 12 Cape Breton                      5-5    0.590   5.56   0.603  0.576     19   19   12   
 13 Fraser Val                       7-3    0.778   18.82  0.792  0.763     6    8    13   
 14 Saskatchewan                    10-0    1.000   33.42  1.000  1.000     1    1    14   
 15 Winnipeg                         2-9    0.255   -19.93 0.241  0.269     44   39   15   
 16 St Fran Xavier                   2-5    0.438   -3.21  0.479  0.397     30   33   16   

                                           -------Rating----------------  ----Rank----            
Rank Team                            W-L     KRS    SRS    S-Ix   WRS       S    W    SOS
========================================================================================
 17 McMaster                         4-6    0.496   0.29   0.528  0.464     26   27   17   
 18 Toronto Met                      7-6    0.612   6.52   0.617  0.607     18   16   18   
 19 Brock                            3-7    0.432   -3.31  0.477  0.386     31   34   19   
 20 McGill                           6-3    0.641   4.36   0.586  0.695     22   11   20   
 21 Laurentian                       2-10   0.341   -11.04 0.367  0.315     36   36   21   
 22 Waterloo                         7-5    0.604   7.10   0.625  0.582     16   18   22   
 23 Carleton ON                     11-0    0.918   25.35  0.885  0.952     3    2    23   
 24 Windsor                          5-4    0.591   7.89   0.637  0.545     14   21   24   
 25 St Mary's NS                    13-2    0.829   19.70  0.805  0.853     5    5    25   
 26 Memorial                         9-7    0.541   -0.14  0.522  0.559     28   20   26   
 27 Laval                            8-3    0.710   12.21  0.698  0.722     10   10   27   
 28 Northern BC                      3-7    0.321   -17.80 0.271  0.372     41   35   28   
 29 Regina                           4-4    0.590   9.78   0.664  0.516     13   25   29   
 30 New Brunswick                   13-2    0.803   17.11  0.768  0.838     8    7    30   
 31 Brit Columbia                    9-4    0.664   10.56  0.675  0.654     11   14   31   
 32 Mt Royal                         6-5    0.547   3.42   0.573  0.521     23   24   32   

                                           -------Rating----------------  ----Rank----            
Rank Team                            W-L     KRS    SRS    S-Ix   WRS       S    W    SOS
========================================================================================
 33 Western ON                       2-8    0.327   -6.41  0.433  0.221     33   44   33   
 34 Toronto                          2-9    0.279   -14.11 0.323  0.234     38   42   34   
 35 York ON                          0-9    0.183   -18.20 0.265  0.101     42   45   35   
 36 Nipissing                        2-7    0.283   -18.59 0.260  0.306     43   37   36   
 37 Trinity Western                  7-3    0.590   1.57   0.547  0.633     25   15   37   
 38 UBC-Okanagan                     4-5    0.469   0.25   0.528  0.410     27   32   38   
 39 Queen's ON                      11-0    0.832   17.39  0.772  0.892     7    4    39   
 40 Laurier                          7-6    0.532   2.85   0.565  0.500     24   26   40   
 41 Concordia QC                     9-3    0.641   4.68   0.591  0.691     21   12   41   
 42 Calgary                         12-0    0.902   26.85  0.906  0.897     2    3    42   
 43 Algoma                           0-7    0.003   -36.37 0.007  0.000     47   48   43   
 44 Manitoba                         7-5    0.456   -4.99  0.453  0.460     32   28   44   
 45 Brandon                          0-7    0.095   -26.23 0.151  0.039     46   47   45   
 46 Ontario Tech                     1-7    0.050   -36.83 0.000  0.101     48   46   46   
 47 Thompson Riv                     4-3    0.395   -12.41 0.348  0.442     37   30   47   
 48 Lakehead                         6-3    0.372   -14.92 0.312  0.432     39   31   48   
</div></pre>
</div>
	</pre>
	</p>
	</span>
</body>
<body>
<h3>Other links</h3>
<h4>Home</h4>
	<ul>
			<li class="listyle"><a href="https://2skupz.github.io/index.html"> Index</a></li>
	</ul>
</body>
