<html>
<head>
<!-- Global Site Tag (gtag.js) - Google Analytics -->
<title>2023 U Sport Men's Basketball Rankings</title>
<script type="text/javascript" src="tabber.js">
</script>
<link href="https://fonts.googleapis.com/css?family=Roboto+Slab|Droid+Sans+Mono" rel="stylesheet">
<style>
 body {
			font-family: "Roboto Slab", serif;
			font-size: 12px;
			}
#data {
			font-family: "Droid Sans Mono", serif;
			font-size: 13px;
		}
</style>
<link rel="stylesheet" href="tabbedPage.css" TYPE="text/css" MEDIA="screen">
</head>
<body bgcolor=#fbeec1>
<hr>
<table width=100%>
<tr><td align=left>
<h1 align="center">2023 U Sport Men's Basketball Rankings</h1>
</td>
</tr></table>
<p>
Standings through 02.27.23
<hr>
<center>
<table width=100% border=1><tr>
<td valign=top>
<div class="tabber">
<div class="tabbertab" title="Ken Power Index">
<pre><div id=data>

                                           -------Rating----------------  ----Rank----            
Rank Team                            W-L     KRS    SRS    S-Ix   WRS       S    W    SOS
========================================================================================
  1 Victoria                        22-4    1.000   16.7   1.000  1.000     1    1    11   
  2 Ottawa ON                       26-6    0.942   14.5   0.940  0.945     3    3    21   
  3 Carleton ON                     24-4    0.934   12.6   0.889  0.978     5    2    22   
  4 Alberta                         23-7    0.927   15.1   0.956  0.898     2    5    19   
  5 Queen's ON                      25-5    0.914   13.6   0.915  0.913     4    4    36   
  6 Saskatchewan                    26-4    0.879   12.5   0.888  0.871     6    7    48   
  7 Manitoba                        24-8    0.847   10.1   0.822  0.871     8    8    23   
  8 Brit Columbia                   20-8    0.839   10.9   0.843  0.835     7    9    13   
  9 Winnipeg                        23-8    0.834   9.1    0.794  0.874     10   6    24   
 10 Brock                           19-11   0.788   9.7    0.812  0.765     9    11   7    
 11 Lakehead                        23-9    0.783   7.6    0.756  0.810     12   10   30   
 12 Toronto                         19-11   0.765   8.3    0.773  0.758     11   12   8    
 13 Windsor                         18-8    0.747   7.1    0.741  0.753     13   13   39   
 14 Brandon                         18-13   0.702   5.5    0.698  0.707     16   15   3    
 15 McMaster                        17-13   0.694   5.5    0.699  0.689     15   17   5    
 16 UQAM                            14-11   0.673   6.3    0.721  0.626     14   20   12   
 17 Thompson Riv                    16-12   0.666   4.7    0.678  0.655     17   19   18   
 18 Laurier                         20-12   0.660   2.8    0.626  0.693     18   16   35   
 19 UPEI                            21-8    0.658   1.7    0.597  0.718     21   14   47   
 20 Trinity Western                 15-10   0.630   1.5    0.592  0.667     22   18   27   

                                           -------Rating----------------  ----Rank----            
Rank Team                            W-L     KRS    SRS    S-Ix   WRS       S    W    SOS
========================================================================================
 21 Regina                          16-17   0.602   2.0    0.605  0.599     19   22   2    
 22 Laval                           16-10   0.577   -0.1   0.548  0.606     27   21   38   
 23 Guelph                          13-13   0.568   1.1    0.580  0.556     23   24   28   
 24 Calgary                         16-15   0.553   0.1    0.554  0.551     26   25   34   
 25 Western ON                      13-16   0.550   1.7    0.598  0.502     20   26   26   
 26 Dalhousie                       20-15   0.550   -0.4   0.542  0.558     28   23   43   
 27 Bishop's                        13-14   0.518   0.4    0.561  0.474     25   27   33   
 28 McGill                           9-15   0.487   0.5    0.566  0.409     24   30   10   
 29 Concordia QC                    10-18   0.452   -1.3   0.516  0.388     29   31   9    
 30 Northern BC                     11-16   0.444   -4.8   0.423  0.465     32   28   17   
 31 UBC-Okanagan                     6-15   0.422   -2.3   0.490  0.354     30   33   4    
 32 Fraser Val                      10-16   0.409   -6.1   0.389  0.430     34   29   20   
 33 Ryerson                          9-16   0.398   -4.3   0.435  0.360     31   32   40   
 34 Univ Lethbridge                  8-15   0.380   -5.4   0.406  0.354     33   34   31   
 35 Cape Breton                     13-20   0.358   -7.0   0.363  0.354     36   35   42   
 36 York ON                          6-18   0.335   -7.4   0.352  0.319     37   36   1    
 37 Mt Royal                         8-21   0.334   -6.8   0.368  0.299     35   39   15   
 38 Memorial                        10-16   0.302   -9.9   0.286  0.318     42   37   45   
 39 St Mary's NS                     7-18   0.294   -8.5   0.322  0.266     39   40   37   
 40 St Fran Xavier                  11-18   0.293   -10.4  0.271  0.315     43   38   44   

                                           -------Rating----------------  ----Rank----            
Rank Team                            W-L     KRS    SRS    S-Ix   WRS       S    W    SOS
========================================================================================
 41 New Brunswick                    8-19   0.259   -9.4   0.298  0.220     40   42   46   
 42 Nipissing                        5-21   0.258   -9.7   0.291  0.226     41   41   6    
 43 Ontario Tech                     4-22   0.239   -8.5   0.324  0.153     38   45   16   
 44 Waterloo                         6-25   0.204   -11.8  0.235  0.174     44   43   25   
 45 Laurentian                       5-24   0.181   -12.5  0.217  0.146     45   46   32   
 46 Acadia                           6-20   0.156   -15.2  0.144  0.168     46   44   41   
 47 Algoma                           3-27   0.042   -20.5  0.000  0.084     48   47   14   
 48 Grant MacEwan                    1-24   0.016   -19.4  0.032  0.000     47   48   29   
</div></pre>
</div>
<div class="tabbertab" title="Points Based">
<pre><div id=data>

                                           -------Rating----------------  ----Rank----            
Rank Team                            W-L     KRS    SRS    S-Ix   WRS       S    W    SOS
========================================================================================
  1 Victoria                        22-4    1.000   16.7   1.000  1.000     1    1    11   
  2 Alberta                         23-7    0.927   15.1   0.956  0.898     2    5    19   
  3 Ottawa ON                       26-6    0.942   14.5   0.940  0.945     3    3    21   
  4 Queen's ON                      25-5    0.914   13.6   0.915  0.913     4    4    36   
  5 Carleton ON                     24-4    0.934   12.6   0.889  0.978     5    2    22   
  6 Saskatchewan                    26-4    0.879   12.5   0.888  0.871     6    7    48   
  7 Brit Columbia                   20-8    0.839   10.9   0.843  0.835     7    9    13   
  8 Manitoba                        24-8    0.847   10.1   0.822  0.871     8    8    23   
  9 Brock                           19-11   0.788   9.7    0.812  0.765     9    11   7    
 10 Winnipeg                        23-8    0.834   9.1    0.794  0.874     10   6    24   
 11 Toronto                         19-11   0.765   8.3    0.773  0.758     11   12   8    
 12 Lakehead                        23-9    0.783   7.6    0.756  0.810     12   10   30   
 13 Windsor                         18-8    0.747   7.1    0.741  0.753     13   13   39   
 14 UQAM                            14-11   0.673   6.3    0.721  0.626     14   20   12   
 15 McMaster                        17-13   0.694   5.5    0.699  0.689     15   17   5    
 16 Brandon                         18-13   0.702   5.5    0.698  0.707     16   15   3    
 17 Thompson Riv                    16-12   0.666   4.7    0.678  0.655     17   19   18   
 18 Laurier                         20-12   0.660   2.8    0.626  0.693     18   16   35   
 19 Regina                          16-17   0.602   2.0    0.605  0.599     19   22   2    
 20 Western ON                      13-16   0.550   1.7    0.598  0.502     20   26   26   

                                           -------Rating----------------  ----Rank----            
Rank Team                            W-L     KRS    SRS    S-Ix   WRS       S    W    SOS
========================================================================================
 21 UPEI                            21-8    0.658   1.7    0.597  0.718     21   14   47   
 22 Trinity Western                 15-10   0.630   1.5    0.592  0.667     22   18   27   
 23 Guelph                          13-13   0.568   1.1    0.580  0.556     23   24   28   
 24 McGill                           9-15   0.487   0.5    0.566  0.409     24   30   10   
 25 Bishop's                        13-14   0.518   0.4    0.561  0.474     25   27   33   
 26 Calgary                         16-15   0.553   0.1    0.554  0.551     26   25   34   
 27 Laval                           16-10   0.577   -0.1   0.548  0.606     27   21   38   
 28 Dalhousie                       20-15   0.550   -0.4   0.542  0.558     28   23   43   
 29 Concordia QC                    10-18   0.452   -1.3   0.516  0.388     29   31   9    
 30 UBC-Okanagan                     6-15   0.422   -2.3   0.490  0.354     30   33   4    
 31 Ryerson                          9-16   0.398   -4.3   0.435  0.360     31   32   40   
 32 Northern BC                     11-16   0.444   -4.8   0.423  0.465     32   28   17   
 33 Univ Lethbridge                  8-15   0.380   -5.4   0.406  0.354     33   34   31   
 34 Fraser Val                      10-16   0.409   -6.1   0.389  0.430     34   29   20   
 35 Mt Royal                         8-21   0.334   -6.8   0.368  0.299     35   39   15   
 36 Cape Breton                     13-20   0.358   -7.0   0.363  0.354     36   35   42   
 37 York ON                          6-18   0.335   -7.4   0.352  0.319     37   36   1    
 38 Ontario Tech                     4-22   0.239   -8.5   0.324  0.153     38   45   16   
 39 St Mary's NS                     7-18   0.294   -8.5   0.322  0.266     39   40   37   
 40 New Brunswick                    8-19   0.259   -9.4   0.298  0.220     40   42   46   

                                           -------Rating----------------  ----Rank----            
Rank Team                            W-L     KRS    SRS    S-Ix   WRS       S    W    SOS
========================================================================================
 41 Nipissing                        5-21   0.258   -9.7   0.291  0.226     41   41   6    
 42 Memorial                        10-16   0.302   -9.9   0.286  0.318     42   37   45   
 43 St Fran Xavier                  11-18   0.293   -10.4  0.271  0.315     43   38   44   
 44 Waterloo                         6-25   0.204   -11.8  0.235  0.174     44   43   25   
 45 Laurentian                       5-24   0.181   -12.5  0.217  0.146     45   46   32   
 46 Acadia                           6-20   0.156   -15.2  0.144  0.168     46   44   41   
 47 Grant MacEwan                    1-24   0.016   -19.4  0.032  0.000     47   48   29   
 48 Algoma                           3-27   0.042   -20.5  0.000  0.084     48   47   14   
</div></pre>
</div>
<div class="tabbertab" title="Wins Based">
<pre><div id=data>

                                           -------Rating----------------  ----Rank----            
Rank Team                            W-L     KRS    SRS    S-Ix   WRS       S    W    SOS
========================================================================================
  1 Victoria                        22-4    1.000   16.7   1.000  1.000     1    1    11   
  2 Carleton ON                     24-4    0.934   12.6   0.889  0.978     5    2    22   
  3 Ottawa ON                       26-6    0.942   14.5   0.940  0.945     3    3    21   
  4 Queen's ON                      25-5    0.914   13.6   0.915  0.913     4    4    36   
  5 Alberta                         23-7    0.927   15.1   0.956  0.898     2    5    19   
  6 Winnipeg                        23-8    0.834   9.1    0.794  0.874     10   6    24   
  7 Saskatchewan                    26-4    0.879   12.5   0.888  0.871     6    7    48   
  8 Manitoba                        24-8    0.847   10.1   0.822  0.871     8    8    23   
  9 Brit Columbia                   20-8    0.839   10.9   0.843  0.835     7    9    13   
 10 Lakehead                        23-9    0.783   7.6    0.756  0.810     12   10   30   
 11 Brock                           19-11   0.788   9.7    0.812  0.765     9    11   7    
 12 Toronto                         19-11   0.765   8.3    0.773  0.758     11   12   8    
 13 Windsor                         18-8    0.747   7.1    0.741  0.753     13   13   39   
 14 UPEI                            21-8    0.658   1.7    0.597  0.718     21   14   47   
 15 Brandon                         18-13   0.702   5.5    0.698  0.707     16   15   3    
 16 Laurier                         20-12   0.660   2.8    0.626  0.693     18   16   35   
 17 McMaster                        17-13   0.694   5.5    0.699  0.689     15   17   5    
 18 Trinity Western                 15-10   0.630   1.5    0.592  0.667     22   18   27   
 19 Thompson Riv                    16-12   0.666   4.7    0.678  0.655     17   19   18   
 20 UQAM                            14-11   0.673   6.3    0.721  0.626     14   20   12   

                                           -------Rating----------------  ----Rank----            
Rank Team                            W-L     KRS    SRS    S-Ix   WRS       S    W    SOS
========================================================================================
 21 Laval                           16-10   0.577   -0.1   0.548  0.606     27   21   38   
 22 Regina                          16-17   0.602   2.0    0.605  0.599     19   22   2    
 23 Dalhousie                       20-15   0.550   -0.4   0.542  0.558     28   23   43   
 24 Guelph                          13-13   0.568   1.1    0.580  0.556     23   24   28   
 25 Calgary                         16-15   0.553   0.1    0.554  0.551     26   25   34   
 26 Western ON                      13-16   0.550   1.7    0.598  0.502     20   26   26   
 27 Bishop's                        13-14   0.518   0.4    0.561  0.474     25   27   33   
 28 Northern BC                     11-16   0.444   -4.8   0.423  0.465     32   28   17   
 29 Fraser Val                      10-16   0.409   -6.1   0.389  0.430     34   29   20   
 30 McGill                           9-15   0.487   0.5    0.566  0.409     24   30   10   
 31 Concordia QC                    10-18   0.452   -1.3   0.516  0.388     29   31   9    
 32 Ryerson                          9-16   0.398   -4.3   0.435  0.360     31   32   40   
 33 UBC-Okanagan                     6-15   0.422   -2.3   0.490  0.354     30   33   4    
 34 Univ Lethbridge                  8-15   0.380   -5.4   0.406  0.354     33   34   31   
 35 Cape Breton                     13-20   0.358   -7.0   0.363  0.354     36   35   42   
 36 York ON                          6-18   0.335   -7.4   0.352  0.319     37   36   1    
 37 Memorial                        10-16   0.302   -9.9   0.286  0.318     42   37   45   
 38 St Fran Xavier                  11-18   0.293   -10.4  0.271  0.315     43   38   44   
 39 Mt Royal                         8-21   0.334   -6.8   0.368  0.299     35   39   15   
 40 St Mary's NS                     7-18   0.294   -8.5   0.322  0.266     39   40   37   

                                           -------Rating----------------  ----Rank----            
Rank Team                            W-L     KRS    SRS    S-Ix   WRS       S    W    SOS
========================================================================================
 41 Nipissing                        5-21   0.258   -9.7   0.291  0.226     41   41   6    
 42 New Brunswick                    8-19   0.259   -9.4   0.298  0.220     40   42   46   
 43 Waterloo                         6-25   0.204   -11.8  0.235  0.174     44   43   25   
 44 Acadia                           6-20   0.156   -15.2  0.144  0.168     46   44   41   
 45 Ontario Tech                     4-22   0.239   -8.5   0.324  0.153     38   45   16   
 46 Laurentian                       5-24   0.181   -12.5  0.217  0.146     45   46   32   
 47 Algoma                           3-27   0.042   -20.5  0.000  0.084     48   47   14   
 48 Grant MacEwan                    1-24   0.016   -19.4  0.032  0.000     47   48   29   
</div></pre>
</div>
<div class="tabbertab" title="BCS">
<pre><div id=data>

                                           -------Rating----------------  ----Rank----            
Rank Team                            W-L     KRS    SRS    S-Ix   WRS       S    W    SOS
========================================================================================
  1 Victoria                        22-4    1.000   16.7   1.000  1.000     1    1    11   
  2 Ottawa ON                       26-6    0.942   14.5   0.940  0.945     3    3    21   
  3 Carleton ON                     24-4    0.934   12.6   0.889  0.978     5    2    22   
  4 Alberta                         23-7    0.927   15.1   0.956  0.898     2    5    19   
  5 Queen's ON                      25-5    0.914   13.6   0.915  0.913     4    4    36   
  6 Saskatchewan                    26-4    0.879   12.5   0.888  0.871     6    7    48   
  7 Manitoba                        24-8    0.847   10.1   0.822  0.871     8    8    23   
  8 Brit Columbia                   20-8    0.839   10.9   0.843  0.835     7    9    13   
  9 Winnipeg                        23-8    0.834   9.1    0.794  0.874     10   6    24   
 10 Brock                           19-11   0.788   9.7    0.812  0.765     9    11   7    
 11 Lakehead                        23-9    0.783   7.6    0.756  0.810     12   10   30   
 12 Toronto                         19-11   0.765   8.3    0.773  0.758     11   12   8    
 13 Windsor                         18-8    0.747   7.1    0.741  0.753     13   13   39   
 14 Brandon                         18-13   0.702   5.5    0.698  0.707     16   15   3    
 15 McMaster                        17-13   0.694   5.5    0.699  0.689     15   17   5    
 16 UQAM                            14-11   0.673   6.3    0.721  0.626     14   20   12   
 17 Thompson Riv                    16-12   0.666   4.7    0.678  0.655     17   19   18   
 18 Laurier                         20-12   0.660   2.8    0.626  0.693     18   16   35   
 19 UPEI                            21-8    0.658   1.7    0.597  0.718     21   14   47   
 20 Trinity Western                 15-10   0.630   1.5    0.592  0.667     22   18   27   

                                           -------Rating----------------  ----Rank----            
Rank Team                            W-L     KRS    SRS    S-Ix   WRS       S    W    SOS
========================================================================================
 21 Regina                          16-17   0.602   2.0    0.605  0.599     19   22   2    
 22 Laval                           16-10   0.577   -0.1   0.548  0.606     27   21   38   
 23 Guelph                          13-13   0.568   1.1    0.580  0.556     23   24   28   
 24 Calgary                         16-15   0.553   0.1    0.554  0.551     26   25   34   
 25 Western ON                      13-16   0.550   1.7    0.598  0.502     20   26   26   
 26 Dalhousie                       20-15   0.550   -0.4   0.542  0.558     28   23   43   
 27 Bishop's                        13-14   0.518   0.4    0.561  0.474     25   27   33   
 28 McGill                           9-15   0.487   0.5    0.566  0.409     24   30   10   
 29 Concordia QC                    10-18   0.452   -1.3   0.516  0.388     29   31   9    
 30 Northern BC                     11-16   0.444   -4.8   0.423  0.465     32   28   17   
 31 UBC-Okanagan                     6-15   0.422   -2.3   0.490  0.354     30   33   4    
 32 Fraser Val                      10-16   0.409   -6.1   0.389  0.430     34   29   20   
 33 Ryerson                          9-16   0.398   -4.3   0.435  0.360     31   32   40   
 34 Univ Lethbridge                  8-15   0.380   -5.4   0.406  0.354     33   34   31   
 35 Cape Breton                     13-20   0.358   -7.0   0.363  0.354     36   35   42   
 36 York ON                          6-18   0.335   -7.4   0.352  0.319     37   36   1    
 37 Mt Royal                         8-21   0.334   -6.8   0.368  0.299     35   39   15   
 38 Memorial                        10-16   0.302   -9.9   0.286  0.318     42   37   45   
 39 St Mary's NS                     7-18   0.294   -8.5   0.322  0.266     39   40   37   
 40 St Fran Xavier                  11-18   0.293   -10.4  0.271  0.315     43   38   44   

                                           -------Rating----------------  ----Rank----            
Rank Team                            W-L     KRS    SRS    S-Ix   WRS       S    W    SOS
========================================================================================
 41 New Brunswick                    8-19   0.259   -9.4   0.298  0.220     40   42   46   
 42 Nipissing                        5-21   0.258   -9.7   0.291  0.226     41   41   6    
 43 Ontario Tech                     4-22   0.239   -8.5   0.324  0.153     38   45   16   
 44 Waterloo                         6-25   0.204   -11.8  0.235  0.174     44   43   25   
 45 Laurentian                       5-24   0.181   -12.5  0.217  0.146     45   46   32   
 46 Acadia                           6-20   0.156   -15.2  0.144  0.168     46   44   41   
 47 Algoma                           3-27   0.042   -20.5  0.000  0.084     48   47   14   
 48 Grant MacEwan                    1-24   0.016   -19.4  0.032  0.000     47   48   29   
</div></pre>
</div>
<div class="tabbertab" title="SOS">
<pre><div id=data>

                                           -------Rating----------------  ----Rank----            
Rank Team                            W-L     KRS    SRS    S-Ix   WRS       S    W    SOS
========================================================================================
  1 York ON                          6-18   0.335   -7.4   0.352  0.319     37   36   1    
  2 Regina                          16-17   0.602   2.0    0.605  0.599     19   22   2    
  3 Brandon                         18-13   0.702   5.5    0.698  0.707     16   15   3    
  4 UBC-Okanagan                     6-15   0.422   -2.3   0.490  0.354     30   33   4    
  5 McMaster                        17-13   0.694   5.5    0.699  0.689     15   17   5    
  6 Nipissing                        5-21   0.258   -9.7   0.291  0.226     41   41   6    
  7 Brock                           19-11   0.788   9.7    0.812  0.765     9    11   7    
  8 Toronto                         19-11   0.765   8.3    0.773  0.758     11   12   8    
  9 Concordia QC                    10-18   0.452   -1.3   0.516  0.388     29   31   9    
 10 McGill                           9-15   0.487   0.5    0.566  0.409     24   30   10   
 11 Victoria                        22-4    1.000   16.7   1.000  1.000     1    1    11   
 12 UQAM                            14-11   0.673   6.3    0.721  0.626     14   20   12   
 13 Brit Columbia                   20-8    0.839   10.9   0.843  0.835     7    9    13   
 14 Algoma                           3-27   0.042   -20.5  0.000  0.084     48   47   14   
 15 Mt Royal                         8-21   0.334   -6.8   0.368  0.299     35   39   15   
 16 Ontario Tech                     4-22   0.239   -8.5   0.324  0.153     38   45   16   
 17 Northern BC                     11-16   0.444   -4.8   0.423  0.465     32   28   17   
 18 Thompson Riv                    16-12   0.666   4.7    0.678  0.655     17   19   18   
 19 Alberta                         23-7    0.927   15.1   0.956  0.898     2    5    19   
 20 Fraser Val                      10-16   0.409   -6.1   0.389  0.430     34   29   20   

                                           -------Rating----------------  ----Rank----            
Rank Team                            W-L     KRS    SRS    S-Ix   WRS       S    W    SOS
========================================================================================
 21 Ottawa ON                       26-6    0.942   14.5   0.940  0.945     3    3    21   
 22 Carleton ON                     24-4    0.934   12.6   0.889  0.978     5    2    22   
 23 Manitoba                        24-8    0.847   10.1   0.822  0.871     8    8    23   
 24 Winnipeg                        23-8    0.834   9.1    0.794  0.874     10   6    24   
 25 Waterloo                         6-25   0.204   -11.8  0.235  0.174     44   43   25   
 26 Western ON                      13-16   0.550   1.7    0.598  0.502     20   26   26   
 27 Trinity Western                 15-10   0.630   1.5    0.592  0.667     22   18   27   
 28 Guelph                          13-13   0.568   1.1    0.580  0.556     23   24   28   
 29 Grant MacEwan                    1-24   0.016   -19.4  0.032  0.000     47   48   29   
 30 Lakehead                        23-9    0.783   7.6    0.756  0.810     12   10   30   
 31 Univ Lethbridge                  8-15   0.380   -5.4   0.406  0.354     33   34   31   
 32 Laurentian                       5-24   0.181   -12.5  0.217  0.146     45   46   32   
 33 Bishop's                        13-14   0.518   0.4    0.561  0.474     25   27   33   
 34 Calgary                         16-15   0.553   0.1    0.554  0.551     26   25   34   
 35 Laurier                         20-12   0.660   2.8    0.626  0.693     18   16   35   
 36 Queen's ON                      25-5    0.914   13.6   0.915  0.913     4    4    36   
 37 St Mary's NS                     7-18   0.294   -8.5   0.322  0.266     39   40   37   
 38 Laval                           16-10   0.577   -0.1   0.548  0.606     27   21   38   
 39 Windsor                         18-8    0.747   7.1    0.741  0.753     13   13   39   
 40 Ryerson                          9-16   0.398   -4.3   0.435  0.360     31   32   40   

                                           -------Rating----------------  ----Rank----            
Rank Team                            W-L     KRS    SRS    S-Ix   WRS       S    W    SOS
========================================================================================
 41 Acadia                           6-20   0.156   -15.2  0.144  0.168     46   44   41   
 42 Cape Breton                     13-20   0.358   -7.0   0.363  0.354     36   35   42   
 43 Dalhousie                       20-15   0.550   -0.4   0.542  0.558     28   23   43   
 44 St Fran Xavier                  11-18   0.293   -10.4  0.271  0.315     43   38   44   
 45 Memorial                        10-16   0.302   -9.9   0.286  0.318     42   37   45   
 46 New Brunswick                    8-19   0.259   -9.4   0.298  0.220     40   42   46   
 47 UPEI                            21-8    0.658   1.7    0.597  0.718     21   14   47   
 48 Saskatchewan                    26-4    0.879   12.5   0.888  0.871     6    7    48   
</div></pre>
</div>
	</pre>
	</p>
	</span>
</body>
<body>
<h3>Other links</h3>
<h4>Home</h4>
	<ul>
			<li class="listyle"><a href="https://2skupz.github.io/index.html"> Index</a></li>
	</ul>
</body>
