<html>
<head>
<!-- Global Site Tag (gtag.js) - Google Analytics -->
<title>2024 U Sport Women's Baskeball Rankings</title>
<script type="text/javascript" src="tabber.js">
</script>
<link href="https://fonts.googleapis.com/css?family=Roboto+Slab|Droid+Sans+Mono" rel="stylesheet">
<style>
 body {
			font-family: "Roboto Slab", serif;
			font-size: 12px;
			}
#data {
			font-family: "Droid Sans Mono", serif;
			font-size: 13px;
		}
</style>
<link rel="stylesheet" href="tabbedPage.css" TYPE="text/css" MEDIA="screen">
</head>
<body bgcolor=#fbeec1>
<hr>
<table width=100%>
<tr><td align=left>
<h1 align="center">2024 U Sport Women's Baskeball Rankings</h1>
</td>
</tr></table>
<p>
Standings through 11.01.23
<hr>
<center>
<table width=100% border=1><tr>
<td valign=top>
<div class="tabber">
<div class="tabbertab" title="Ken Power Index">
<pre><div id=data>

                                           -------Rating----------------  ----Rank----            
Rank Team                            W-L     KRS    SRS    S-Ix   WRS       S    W    SOS
========================================================================================
  1 Carleton ON                      8-0    0.973   28.28  0.947  1.000     3    1    23   
  2 Saskatchewan                     6-0    0.968   32.51  1.000  0.936     1    3    20   
  3 Queen's ON                       7-0    0.950   24.73  0.902  0.998     4    2    16   
  4 Calgary                          5-0    0.946   32.37  0.998  0.893     2    6    26   
  5 Alberta                          7-1    0.888   23.03  0.881  0.895     5    4    13   
  6 St Mary's NS                    10-1    0.851   17.15  0.807  0.895     7    5    31   
  7 New Brunswick                    9-2    0.771   13.61  0.763  0.779     9    7    39   
  8 Cape Breton                      4-1    0.738   11.97  0.742  0.733     11   8    25   
  9 Fraser Val                       3-3    0.725   18.67  0.826  0.625     6    14   2    
 10 Guelph                           3-2    0.715   13.05  0.755  0.674     10   10   3    
 11 Laval                            6-3    0.691   9.87   0.715  0.667     15   12   33   
 12 Concordia QC                     7-2    0.673   4.33   0.646  0.701     20   9    40   
 13 Acadia                           4-5    0.668   11.94  0.741  0.594     12   17   4    
 14 Windsor                          3-2    0.664   11.09  0.731  0.597     13   16   27   
 15 McGill                           4-2    0.656   4.11   0.643  0.668     22   11   19   
 16 Regina                           3-2    0.654   14.85  0.778  0.531     8    21   37   

                                           -------Rating----------------  ----Rank----            
Rank Team                            W-L     KRS    SRS    S-Ix   WRS       S    W    SOS
========================================================================================
 17 Brit Columbia                    5-4    0.635   10.09  0.718  0.552     14   20   18   
 18 Waterloo                         4-3    0.624   7.40   0.684  0.564     16   18   22   
 19 Bishop's                         4-4    0.620   7.40   0.684  0.556     17   19   9    
 20 Trinity Western                  3-1    0.611   0.11   0.593  0.629     26   13   41   
 21 Laurier                          5-4    0.583   4.22   0.644  0.522     21   23   32   
 22 UBC-Okanagan                     2-3    0.559   4.98   0.654  0.464     18   28   15   
 23 Memorial                         6-4    0.555   -0.06  0.591  0.518     28   24   28   
 24 Brandon                          0-0    0.541   0.00   0.591  0.490     27   26   34   
 25 Ottawa ON                        1-3    0.534   3.94   0.641  0.428     23   30   7    
 26 Toronto Met                      3-6    0.530   4.57   0.649  0.410     19   31   11   
 27 Victoria                         3-4    0.523   -1.64  0.571  0.476     30   27   14   
 28 St Fran Xavier                   1-2    0.509   -0.39  0.587  0.432     29   29   21   
 29 UPEI                             2-4    0.503   1.56   0.611  0.394     24   32   17   
 30 Thompson Riv                     2-1    0.475   -13.49 0.422  0.528     40   22   46   
 31 Northern BC                      3-2    0.463   -13.27 0.425  0.502     38   25   45   
 32 Lakehead                         2-0    0.421   -29.57 0.220  0.622     46   15   48   

                                           -------Rating----------------  ----Rank----            
Rank Team                            W-L     KRS    SRS    S-Ix   WRS       S    W    SOS
========================================================================================
 33 UQAM                             0-6    0.419   0.83   0.602  0.236     25   40   1    
 34 Mt Royal                         2-3    0.419   -2.37  0.562  0.277     31   37   35   
 35 Brock                            1-6    0.418   -2.79  0.556  0.279     32   36   6    
 36 McMaster                         1-5    0.399   -7.50  0.497  0.300     33   35   10   
 37 Toronto                          2-6    0.389   -9.01  0.478  0.301     34   34   38   
 38 Manitoba                         2-3    0.352   -12.97 0.429  0.275     36   38   44   
 39 Dalhousie                        2-6    0.330   -13.41 0.423  0.236     39   41   24   
 40 Nipissing                        1-4    0.315   -22.07 0.314  0.316     43   33   29   
 41 Univ Lethbridge                  0-6    0.286   -12.99 0.428  0.144     37   43   5    
 42 Grant MacEwan                    1-3    0.282   -23.22 0.300  0.264     44   39   43   
 43 Laurentian                       0-8    0.270   -15.66 0.395  0.146     41   42   8    
 44 York ON                          0-5    0.229   -17.24 0.375  0.084     42   47   36   
 45 Western ON                       0-5    0.222   -11.67 0.445  0.000     35   48   30   
 46 Winnipeg                         0-4    0.193   -26.29 0.261  0.124     45   46   12   
 47 Ontario Tech                     0-3    0.146   -33.98 0.164  0.127     47   45   42   
 48 Algoma                           0-3    0.069   -47.07 0.000  0.138     48   44   47   
</div></pre>
</div>
<div class="tabbertab" title="Points Based">
<pre><div id=data>

                                           -------Rating----------------  ----Rank----            
Rank Team                            W-L     KRS    SRS    S-Ix   WRS       S    W    SOS
========================================================================================
  1 Saskatchewan                     6-0    0.968   32.51  1.000  0.936     1    3    20   
  2 Calgary                          5-0    0.946   32.37  0.998  0.893     2    6    26   
  3 Carleton ON                      8-0    0.973   28.28  0.947  1.000     3    1    23   
  4 Queen's ON                       7-0    0.950   24.73  0.902  0.998     4    2    16   
  5 Alberta                          7-1    0.888   23.03  0.881  0.895     5    4    13   
  6 Fraser Val                       3-3    0.725   18.67  0.826  0.625     6    14   2    
  7 St Mary's NS                    10-1    0.851   17.15  0.807  0.895     7    5    31   
  8 Regina                           3-2    0.654   14.85  0.778  0.531     8    21   37   
  9 New Brunswick                    9-2    0.771   13.61  0.763  0.779     9    7    39   
 10 Guelph                           3-2    0.715   13.05  0.755  0.674     10   10   3    
 11 Cape Breton                      4-1    0.738   11.97  0.742  0.733     11   8    25   
 12 Acadia                           4-5    0.668   11.94  0.741  0.594     12   17   4    
 13 Windsor                          3-2    0.664   11.09  0.731  0.597     13   16   27   
 14 Brit Columbia                    5-4    0.635   10.09  0.718  0.552     14   20   18   
 15 Laval                            6-3    0.691   9.87   0.715  0.667     15   12   33   
 16 Waterloo                         4-3    0.624   7.40   0.684  0.564     16   18   22   

                                           -------Rating----------------  ----Rank----            
Rank Team                            W-L     KRS    SRS    S-Ix   WRS       S    W    SOS
========================================================================================
 17 Bishop's                         4-4    0.620   7.40   0.684  0.556     17   19   9    
 18 UBC-Okanagan                     2-3    0.559   4.98   0.654  0.464     18   28   15   
 19 Toronto Met                      3-6    0.530   4.57   0.649  0.410     19   31   11   
 20 Concordia QC                     7-2    0.673   4.33   0.646  0.701     20   9    40   
 21 Laurier                          5-4    0.583   4.22   0.644  0.522     21   23   32   
 22 McGill                           4-2    0.656   4.11   0.643  0.668     22   11   19   
 23 Ottawa ON                        1-3    0.534   3.94   0.641  0.428     23   30   7    
 24 UPEI                             2-4    0.503   1.56   0.611  0.394     24   32   17   
 25 UQAM                             0-6    0.419   0.83   0.602  0.236     25   40   1    
 26 Trinity Western                  3-1    0.611   0.11   0.593  0.629     26   13   41   
 27 Brandon                          0-0    0.541   0.00   0.591  0.490     27   26   34   
 28 Memorial                         6-4    0.555   -0.06  0.591  0.518     28   24   28   
 29 St Fran Xavier                   1-2    0.509   -0.39  0.587  0.432     29   29   21   
 30 Victoria                         3-4    0.523   -1.64  0.571  0.476     30   27   14   
 31 Mt Royal                         2-3    0.419   -2.37  0.562  0.277     31   37   35   
 32 Brock                            1-6    0.418   -2.79  0.556  0.279     32   36   6    

                                           -------Rating----------------  ----Rank----            
Rank Team                            W-L     KRS    SRS    S-Ix   WRS       S    W    SOS
========================================================================================
 33 McMaster                         1-5    0.399   -7.50  0.497  0.300     33   35   10   
 34 Toronto                          2-6    0.389   -9.01  0.478  0.301     34   34   38   
 35 Western ON                       0-5    0.222   -11.67 0.445  0.000     35   48   30   
 36 Manitoba                         2-3    0.352   -12.97 0.429  0.275     36   38   44   
 37 Univ Lethbridge                  0-6    0.286   -12.99 0.428  0.144     37   43   5    
 38 Northern BC                      3-2    0.463   -13.27 0.425  0.502     38   25   45   
 39 Dalhousie                        2-6    0.330   -13.41 0.423  0.236     39   41   24   
 40 Thompson Riv                     2-1    0.475   -13.49 0.422  0.528     40   22   46   
 41 Laurentian                       0-8    0.270   -15.66 0.395  0.146     41   42   8    
 42 York ON                          0-5    0.229   -17.24 0.375  0.084     42   47   36   
 43 Nipissing                        1-4    0.315   -22.07 0.314  0.316     43   33   29   
 44 Grant MacEwan                    1-3    0.282   -23.22 0.300  0.264     44   39   43   
 45 Winnipeg                         0-4    0.193   -26.29 0.261  0.124     45   46   12   
 46 Lakehead                         2-0    0.421   -29.57 0.220  0.622     46   15   48   
 47 Ontario Tech                     0-3    0.146   -33.98 0.164  0.127     47   45   42   
 48 Algoma                           0-3    0.069   -47.07 0.000  0.138     48   44   47   
</div></pre>
</div>
<div class="tabbertab" title="Wins Based">
<pre><div id=data>

                                           -------Rating----------------  ----Rank----            
Rank Team                            W-L     KRS    SRS    S-Ix   WRS       S    W    SOS
========================================================================================
  1 Carleton ON                      8-0    0.973   28.28  0.947  1.000     3    1    23   
  2 Queen's ON                       7-0    0.950   24.73  0.902  0.998     4    2    16   
  3 Saskatchewan                     6-0    0.968   32.51  1.000  0.936     1    3    20   
  4 Alberta                          7-1    0.888   23.03  0.881  0.895     5    4    13   
  5 St Mary's NS                    10-1    0.851   17.15  0.807  0.895     7    5    31   
  6 Calgary                          5-0    0.946   32.37  0.998  0.893     2    6    26   
  7 New Brunswick                    9-2    0.771   13.61  0.763  0.779     9    7    39   
  8 Cape Breton                      4-1    0.738   11.97  0.742  0.733     11   8    25   
  9 Concordia QC                     7-2    0.673   4.33   0.646  0.701     20   9    40   
 10 Guelph                           3-2    0.715   13.05  0.755  0.674     10   10   3    
 11 McGill                           4-2    0.656   4.11   0.643  0.668     22   11   19   
 12 Laval                            6-3    0.691   9.87   0.715  0.667     15   12   33   
 13 Trinity Western                  3-1    0.611   0.11   0.593  0.629     26   13   41   
 14 Fraser Val                       3-3    0.725   18.67  0.826  0.625     6    14   2    
 15 Lakehead                         2-0    0.421   -29.57 0.220  0.622     46   15   48   
 16 Windsor                          3-2    0.664   11.09  0.731  0.597     13   16   27   

                                           -------Rating----------------  ----Rank----            
Rank Team                            W-L     KRS    SRS    S-Ix   WRS       S    W    SOS
========================================================================================
 17 Acadia                           4-5    0.668   11.94  0.741  0.594     12   17   4    
 18 Waterloo                         4-3    0.624   7.40   0.684  0.564     16   18   22   
 19 Bishop's                         4-4    0.620   7.40   0.684  0.556     17   19   9    
 20 Brit Columbia                    5-4    0.635   10.09  0.718  0.552     14   20   18   
 21 Regina                           3-2    0.654   14.85  0.778  0.531     8    21   37   
 22 Thompson Riv                     2-1    0.475   -13.49 0.422  0.528     40   22   46   
 23 Laurier                          5-4    0.583   4.22   0.644  0.522     21   23   32   
 24 Memorial                         6-4    0.555   -0.06  0.591  0.518     28   24   28   
 25 Northern BC                      3-2    0.463   -13.27 0.425  0.502     38   25   45   
 26 Brandon                          0-0    0.541   0.00   0.591  0.490     27   26   34   
 27 Victoria                         3-4    0.523   -1.64  0.571  0.476     30   27   14   
 28 UBC-Okanagan                     2-3    0.559   4.98   0.654  0.464     18   28   15   
 29 St Fran Xavier                   1-2    0.509   -0.39  0.587  0.432     29   29   21   
 30 Ottawa ON                        1-3    0.534   3.94   0.641  0.428     23   30   7    
 31 Toronto Met                      3-6    0.530   4.57   0.649  0.410     19   31   11   
 32 UPEI                             2-4    0.503   1.56   0.611  0.394     24   32   17   

                                           -------Rating----------------  ----Rank----            
Rank Team                            W-L     KRS    SRS    S-Ix   WRS       S    W    SOS
========================================================================================
 33 Nipissing                        1-4    0.315   -22.07 0.314  0.316     43   33   29   
 34 Toronto                          2-6    0.389   -9.01  0.478  0.301     34   34   38   
 35 McMaster                         1-5    0.399   -7.50  0.497  0.300     33   35   10   
 36 Brock                            1-6    0.418   -2.79  0.556  0.279     32   36   6    
 37 Mt Royal                         2-3    0.419   -2.37  0.562  0.277     31   37   35   
 38 Manitoba                         2-3    0.352   -12.97 0.429  0.275     36   38   44   
 39 Grant MacEwan                    1-3    0.282   -23.22 0.300  0.264     44   39   43   
 40 UQAM                             0-6    0.419   0.83   0.602  0.236     25   40   1    
 41 Dalhousie                        2-6    0.330   -13.41 0.423  0.236     39   41   24   
 42 Laurentian                       0-8    0.270   -15.66 0.395  0.146     41   42   8    
 43 Univ Lethbridge                  0-6    0.286   -12.99 0.428  0.144     37   43   5    
 44 Algoma                           0-3    0.069   -47.07 0.000  0.138     48   44   47   
 45 Ontario Tech                     0-3    0.146   -33.98 0.164  0.127     47   45   42   
 46 Winnipeg                         0-4    0.193   -26.29 0.261  0.124     45   46   12   
 47 York ON                          0-5    0.229   -17.24 0.375  0.084     42   47   36   
 48 Western ON                       0-5    0.222   -11.67 0.445  0.000     35   48   30   
</div></pre>
</div>
<div class="tabbertab" title="BCS">
<pre><div id=data>

                                           -------Rating----------------  ----Rank----            
Rank Team                            W-L     KRS    SRS    S-Ix   WRS       S    W    SOS
========================================================================================
  1 Carleton ON                      8-0    0.973   28.28  0.947  1.000     3    1    23   
  2 Saskatchewan                     6-0    0.968   32.51  1.000  0.936     1    3    20   
  3 Queen's ON                       7-0    0.950   24.73  0.902  0.998     4    2    16   
  4 Calgary                          5-0    0.946   32.37  0.998  0.893     2    6    26   
  5 Alberta                          7-1    0.888   23.03  0.881  0.895     5    4    13   
  6 St Mary's NS                    10-1    0.851   17.15  0.807  0.895     7    5    31   
  7 New Brunswick                    9-2    0.771   13.61  0.763  0.779     9    7    39   
  8 Cape Breton                      4-1    0.738   11.97  0.742  0.733     11   8    25   
  9 Fraser Val                       3-3    0.725   18.67  0.826  0.625     6    14   2    
 10 Guelph                           3-2    0.715   13.05  0.755  0.674     10   10   3    
 11 Laval                            6-3    0.691   9.87   0.715  0.667     15   12   33   
 12 Concordia QC                     7-2    0.673   4.33   0.646  0.701     20   9    40   
 13 Acadia                           4-5    0.668   11.94  0.741  0.594     12   17   4    
 14 Windsor                          3-2    0.664   11.09  0.731  0.597     13   16   27   
 15 McGill                           4-2    0.656   4.11   0.643  0.668     22   11   19   
 16 Regina                           3-2    0.654   14.85  0.778  0.531     8    21   37   

                                           -------Rating----------------  ----Rank----            
Rank Team                            W-L     KRS    SRS    S-Ix   WRS       S    W    SOS
========================================================================================
 17 Brit Columbia                    5-4    0.635   10.09  0.718  0.552     14   20   18   
 18 Waterloo                         4-3    0.624   7.40   0.684  0.564     16   18   22   
 19 Bishop's                         4-4    0.620   7.40   0.684  0.556     17   19   9    
 20 Trinity Western                  3-1    0.611   0.11   0.593  0.629     26   13   41   
 21 Laurier                          5-4    0.583   4.22   0.644  0.522     21   23   32   
 22 UBC-Okanagan                     2-3    0.559   4.98   0.654  0.464     18   28   15   
 23 Memorial                         6-4    0.555   -0.06  0.591  0.518     28   24   28   
 24 Brandon                          0-0    0.541   0.00   0.591  0.490     27   26   34   
 25 Ottawa ON                        1-3    0.534   3.94   0.641  0.428     23   30   7    
 26 Toronto Met                      3-6    0.530   4.57   0.649  0.410     19   31   11   
 27 Victoria                         3-4    0.523   -1.64  0.571  0.476     30   27   14   
 28 St Fran Xavier                   1-2    0.509   -0.39  0.587  0.432     29   29   21   
 29 UPEI                             2-4    0.503   1.56   0.611  0.394     24   32   17   
 30 Thompson Riv                     2-1    0.475   -13.49 0.422  0.528     40   22   46   
 31 Northern BC                      3-2    0.463   -13.27 0.425  0.502     38   25   45   
 32 Lakehead                         2-0    0.421   -29.57 0.220  0.622     46   15   48   

                                           -------Rating----------------  ----Rank----            
Rank Team                            W-L     KRS    SRS    S-Ix   WRS       S    W    SOS
========================================================================================
 33 UQAM                             0-6    0.419   0.83   0.602  0.236     25   40   1    
 34 Mt Royal                         2-3    0.419   -2.37  0.562  0.277     31   37   35   
 35 Brock                            1-6    0.418   -2.79  0.556  0.279     32   36   6    
 36 McMaster                         1-5    0.399   -7.50  0.497  0.300     33   35   10   
 37 Toronto                          2-6    0.389   -9.01  0.478  0.301     34   34   38   
 38 Manitoba                         2-3    0.352   -12.97 0.429  0.275     36   38   44   
 39 Dalhousie                        2-6    0.330   -13.41 0.423  0.236     39   41   24   
 40 Nipissing                        1-4    0.315   -22.07 0.314  0.316     43   33   29   
 41 Univ Lethbridge                  0-6    0.286   -12.99 0.428  0.144     37   43   5    
 42 Grant MacEwan                    1-3    0.282   -23.22 0.300  0.264     44   39   43   
 43 Laurentian                       0-8    0.270   -15.66 0.395  0.146     41   42   8    
 44 York ON                          0-5    0.229   -17.24 0.375  0.084     42   47   36   
 45 Western ON                       0-5    0.222   -11.67 0.445  0.000     35   48   30   
 46 Winnipeg                         0-4    0.193   -26.29 0.261  0.124     45   46   12   
 47 Ontario Tech                     0-3    0.146   -33.98 0.164  0.127     47   45   42   
 48 Algoma                           0-3    0.069   -47.07 0.000  0.138     48   44   47   
</div></pre>
</div>
<div class="tabbertab" title="SOS">
<pre><div id=data>

                                           -------Rating----------------  ----Rank----            
Rank Team                            W-L     KRS    SRS    S-Ix   WRS       S    W    SOS
========================================================================================
  1 UQAM                             0-6    0.419   0.83   0.602  0.236     25   40   1    
  2 Fraser Val                       3-3    0.725   18.67  0.826  0.625     6    14   2    
  3 Guelph                           3-2    0.715   13.05  0.755  0.674     10   10   3    
  4 Acadia                           4-5    0.668   11.94  0.741  0.594     12   17   4    
  5 Univ Lethbridge                  0-6    0.286   -12.99 0.428  0.144     37   43   5    
  6 Brock                            1-6    0.418   -2.79  0.556  0.279     32   36   6    
  7 Ottawa ON                        1-3    0.534   3.94   0.641  0.428     23   30   7    
  8 Laurentian                       0-8    0.270   -15.66 0.395  0.146     41   42   8    
  9 Bishop's                         4-4    0.620   7.40   0.684  0.556     17   19   9    
 10 McMaster                         1-5    0.399   -7.50  0.497  0.300     33   35   10   
 11 Toronto Met                      3-6    0.530   4.57   0.649  0.410     19   31   11   
 12 Winnipeg                         0-4    0.193   -26.29 0.261  0.124     45   46   12   
 13 Alberta                          7-1    0.888   23.03  0.881  0.895     5    4    13   
 14 Victoria                         3-4    0.523   -1.64  0.571  0.476     30   27   14   
 15 UBC-Okanagan                     2-3    0.559   4.98   0.654  0.464     18   28   15   
 16 Queen's ON                       7-0    0.950   24.73  0.902  0.998     4    2    16   

                                           -------Rating----------------  ----Rank----            
Rank Team                            W-L     KRS    SRS    S-Ix   WRS       S    W    SOS
========================================================================================
 17 UPEI                             2-4    0.503   1.56   0.611  0.394     24   32   17   
 18 Brit Columbia                    5-4    0.635   10.09  0.718  0.552     14   20   18   
 19 McGill                           4-2    0.656   4.11   0.643  0.668     22   11   19   
 20 Saskatchewan                     6-0    0.968   32.51  1.000  0.936     1    3    20   
 21 St Fran Xavier                   1-2    0.509   -0.39  0.587  0.432     29   29   21   
 22 Waterloo                         4-3    0.624   7.40   0.684  0.564     16   18   22   
 23 Carleton ON                      8-0    0.973   28.28  0.947  1.000     3    1    23   
 24 Dalhousie                        2-6    0.330   -13.41 0.423  0.236     39   41   24   
 25 Cape Breton                      4-1    0.738   11.97  0.742  0.733     11   8    25   
 26 Calgary                          5-0    0.946   32.37  0.998  0.893     2    6    26   
 27 Windsor                          3-2    0.664   11.09  0.731  0.597     13   16   27   
 28 Memorial                         6-4    0.555   -0.06  0.591  0.518     28   24   28   
 29 Nipissing                        1-4    0.315   -22.07 0.314  0.316     43   33   29   
 30 Western ON                       0-5    0.222   -11.67 0.445  0.000     35   48   30   
 31 St Mary's NS                    10-1    0.851   17.15  0.807  0.895     7    5    31   
 32 Laurier                          5-4    0.583   4.22   0.644  0.522     21   23   32   

                                           -------Rating----------------  ----Rank----            
Rank Team                            W-L     KRS    SRS    S-Ix   WRS       S    W    SOS
========================================================================================
 33 Laval                            6-3    0.691   9.87   0.715  0.667     15   12   33   
 34 Brandon                          0-0    0.541   0.00   0.591  0.490     27   26   34   
 35 Mt Royal                         2-3    0.419   -2.37  0.562  0.277     31   37   35   
 36 York ON                          0-5    0.229   -17.24 0.375  0.084     42   47   36   
 37 Regina                           3-2    0.654   14.85  0.778  0.531     8    21   37   
 38 Toronto                          2-6    0.389   -9.01  0.478  0.301     34   34   38   
 39 New Brunswick                    9-2    0.771   13.61  0.763  0.779     9    7    39   
 40 Concordia QC                     7-2    0.673   4.33   0.646  0.701     20   9    40   
 41 Trinity Western                  3-1    0.611   0.11   0.593  0.629     26   13   41   
 42 Ontario Tech                     0-3    0.146   -33.98 0.164  0.127     47   45   42   
 43 Grant MacEwan                    1-3    0.282   -23.22 0.300  0.264     44   39   43   
 44 Manitoba                         2-3    0.352   -12.97 0.429  0.275     36   38   44   
 45 Northern BC                      3-2    0.463   -13.27 0.425  0.502     38   25   45   
 46 Thompson Riv                     2-1    0.475   -13.49 0.422  0.528     40   22   46   
 47 Algoma                           0-3    0.069   -47.07 0.000  0.138     48   44   47   
 48 Lakehead                         2-0    0.421   -29.57 0.220  0.622     46   15   48   
</div></pre>
</div>
	</pre>
	</p>
	</span>
</body>
<body>
<h3>Other links</h3>
<h4>Home</h4>
	<ul>
			<li class="listyle"><a href="https://2skupz.github.io/index.html"> Index</a></li>
	</ul>
</body>
