<html>
<head>
<!-- Global Site Tag (gtag.js) - Google Analytics -->
<title>2024 U Sport Women's Baskeball Rankings</title>
<script type="text/javascript" src="tabber.js">
</script>
<link href="https://fonts.googleapis.com/css?family=Roboto+Slab|Droid+Sans+Mono" rel="stylesheet">
<style>
 body {
			font-family: "Roboto Slab", serif;
			font-size: 12px;
			}
#data {
			font-family: "Droid Sans Mono", serif;
			font-size: 13px;
		}
</style>
<link rel="stylesheet" href="tabbedPage.css" TYPE="text/css" MEDIA="screen">
</head>
<body bgcolor=#fbeec1>
<hr>
<table width=100%>
<tr><td align=left>
<h1 align="center">2024 U Sport Women's Baskeball Rankings</h1>
</td>
</tr></table>
<p>
Standings through 12.07.23
<hr>
<center>
<table width=100% border=1><tr>
<td valign=top>
<div class="tabber">
<div class="tabbertab" title="Ken Power Index">
<pre><div id=data>

                                           -------Rating----------------  ----Rank----            
Rank Team                            W-L     KRS    SRS    S-Ix   WRS       S    W    SOS
========================================================================================
  1 Saskatchewan                    16-0    1.000   32.92  1.000  1.000     1    1    13   
  2 Carleton ON                     17-0    0.881   24.65  0.878  0.884     3    2    31   
  3 Alberta                         12-4    0.836   22.41  0.845  0.827     4    3    3    
  4 Calgary                         15-3    0.827   25.71  0.894  0.760     2    7    35   
  5 St Mary's NS                    14-3    0.792   18.64  0.790  0.794     6    4    21   
  6 New Brunswick                   14-3    0.783   17.69  0.776  0.790     7    5    24   
  7 Fraser Val                      10-4    0.763   19.14  0.797  0.728     5    9    12   
  8 Laval                           12-3    0.752   14.89  0.735  0.769     9    6    22   
  9 Queen's ON                      15-1    0.751   15.54  0.745  0.758     8    8    45   
 10 Acadia                          10-6    0.700   12.17  0.695  0.706     11   10   4    
 11 Brit Columbia                   13-6    0.699   14.08  0.723  0.674     10   11   23   
 12 Concordia QC                    11-4    0.640   6.35   0.609  0.670     17   12   32   
 13 Regina                           9-5    0.628   11.21  0.681  0.575     12   19   41   
 14 Toronto Met                     13-6    0.621   5.34   0.595  0.647     18   13   25   
 15 Ottawa ON                        9-4    0.619   6.53   0.612  0.626     15   14   27   
 16 Guelph                           9-6    0.617   7.69   0.629  0.604     13   17   17   

                                           -------Rating----------------  ----Rank----            
Rank Team                            W-L     KRS    SRS    S-Ix   WRS       S    W    SOS
========================================================================================
 17 Bishop's                         7-8    0.593   7.14   0.621  0.565     14   20   7    
 18 Memorial                        12-8    0.591   3.74   0.571  0.611     23   15   16   
 19 UPEI                             7-8    0.583   6.35   0.610  0.557     16   21   5    
 20 Trinity Western                 11-3    0.574   1.44   0.537  0.611     25   16   44   
 21 Waterloo                        11-7    0.560   5.31   0.594  0.526     19   23   37   
 22 McGill                           7-5    0.560   0.67   0.526  0.594     28   18   15   
 23 Cape Breton                      6-7    0.557   5.07   0.591  0.524     20   24   10   
 24 Laurier                         11-8    0.553   4.06   0.576  0.531     21   22   33   
 25 Windsor                          8-5    0.545   4.05   0.576  0.514     22   25   34   
 26 Brock                            6-10   0.496   2.24   0.549  0.444     24   27   9    
 27 Mt Royal                        10-7    0.495   -0.59  0.508  0.482     29   26   42   
 28 UBC-Okanagan                     6-7    0.481   1.09   0.532  0.430     26   28   36   
 29 McMaster                         6-10   0.480   1.01   0.531  0.429     27   29   11   
 30 St Fran Xavier                   3-6    0.457   -0.76  0.505  0.410     30   30   14   
 31 Victoria                         3-10   0.430   -2.95  0.473  0.388     31   32   1    
 32 Univ Lethbridge                  7-10   0.424   -5.21  0.440  0.408     32   31   18   

                                           -------Rating----------------  ----Rank----            
Rank Team                            W-L     KRS    SRS    S-Ix   WRS       S    W    SOS
========================================================================================
 33 Western ON                       4-10   0.341   -5.22  0.439  0.243     33   37   38   
 34 Manitoba                         7-11   0.329   -8.09  0.397  0.262     34   36   46   
 35 Lakehead                         7-8    0.304   -13.97 0.311  0.297     38   34   47   
 36 Thompson Riv                     4-5    0.303   -15.58 0.287  0.319     39   33   48   
 37 UQAM                             0-12   0.286   -8.69  0.388  0.183     35   43   2    
 38 Laurentian                       3-15   0.285   -11.95 0.341  0.229     36   38   19   
 39 Northern BC                      5-11   0.272   -18.07 0.251  0.293     43   35   29   
 40 Toronto                          4-13   0.266   -12.18 0.337  0.195     37   41   40   
 41 Nipissing                        3-12   0.247   -16.81 0.269  0.225     41   39   26   
 42 Dalhousie                        2-14   0.238   -16.54 0.273  0.204     40   40   6    
 43 Winnipeg                         2-15   0.200   -20.74 0.211  0.189     44   42   8    
 44 York ON                          1-14   0.165   -17.13 0.264  0.065     42   45   28   
 45 Grant MacEwan                    1-11   0.137   -26.74 0.123  0.150     45   44   20   
 46 Algoma                           1-12   0.068   -28.97 0.090  0.045     46   47   39   
 47 Brandon                          0-13   0.024   -31.80 0.049  0.000     47   48   30   
 48 Ontario Tech                     1-12   0.024   -35.12 0.000  0.048     48   46   43   
</div></pre>
</div>
<div class="tabbertab" title="Points Based">
<pre><div id=data>

                                           -------Rating----------------  ----Rank----            
Rank Team                            W-L     KRS    SRS    S-Ix   WRS       S    W    SOS
========================================================================================
  1 Saskatchewan                    16-0    1.000   32.92  1.000  1.000     1    1    13   
  2 Calgary                         15-3    0.827   25.71  0.894  0.760     2    7    35   
  3 Carleton ON                     17-0    0.881   24.65  0.878  0.884     3    2    31   
  4 Alberta                         12-4    0.836   22.41  0.845  0.827     4    3    3    
  5 Fraser Val                      10-4    0.763   19.14  0.797  0.728     5    9    12   
  6 St Mary's NS                    14-3    0.792   18.64  0.790  0.794     6    4    21   
  7 New Brunswick                   14-3    0.783   17.69  0.776  0.790     7    5    24   
  8 Queen's ON                      15-1    0.751   15.54  0.745  0.758     8    8    45   
  9 Laval                           12-3    0.752   14.89  0.735  0.769     9    6    22   
 10 Brit Columbia                   13-6    0.699   14.08  0.723  0.674     10   11   23   
 11 Acadia                          10-6    0.700   12.17  0.695  0.706     11   10   4    
 12 Regina                           9-5    0.628   11.21  0.681  0.575     12   19   41   
 13 Guelph                           9-6    0.617   7.69   0.629  0.604     13   17   17   
 14 Bishop's                         7-8    0.593   7.14   0.621  0.565     14   20   7    
 15 Ottawa ON                        9-4    0.619   6.53   0.612  0.626     15   14   27   
 16 UPEI                             7-8    0.583   6.35   0.610  0.557     16   21   5    

                                           -------Rating----------------  ----Rank----            
Rank Team                            W-L     KRS    SRS    S-Ix   WRS       S    W    SOS
========================================================================================
 17 Concordia QC                    11-4    0.640   6.35   0.609  0.670     17   12   32   
 18 Toronto Met                     13-6    0.621   5.34   0.595  0.647     18   13   25   
 19 Waterloo                        11-7    0.560   5.31   0.594  0.526     19   23   37   
 20 Cape Breton                      6-7    0.557   5.07   0.591  0.524     20   24   10   
 21 Laurier                         11-8    0.553   4.06   0.576  0.531     21   22   33   
 22 Windsor                          8-5    0.545   4.05   0.576  0.514     22   25   34   
 23 Memorial                        12-8    0.591   3.74   0.571  0.611     23   15   16   
 24 Brock                            6-10   0.496   2.24   0.549  0.444     24   27   9    
 25 Trinity Western                 11-3    0.574   1.44   0.537  0.611     25   16   44   
 26 UBC-Okanagan                     6-7    0.481   1.09   0.532  0.430     26   28   36   
 27 McMaster                         6-10   0.480   1.01   0.531  0.429     27   29   11   
 28 McGill                           7-5    0.560   0.67   0.526  0.594     28   18   15   
 29 Mt Royal                        10-7    0.495   -0.59  0.508  0.482     29   26   42   
 30 St Fran Xavier                   3-6    0.457   -0.76  0.505  0.410     30   30   14   
 31 Victoria                         3-10   0.430   -2.95  0.473  0.388     31   32   1    
 32 Univ Lethbridge                  7-10   0.424   -5.21  0.440  0.408     32   31   18   

                                           -------Rating----------------  ----Rank----            
Rank Team                            W-L     KRS    SRS    S-Ix   WRS       S    W    SOS
========================================================================================
 33 Western ON                       4-10   0.341   -5.22  0.439  0.243     33   37   38   
 34 Manitoba                         7-11   0.329   -8.09  0.397  0.262     34   36   46   
 35 UQAM                             0-12   0.286   -8.69  0.388  0.183     35   43   2    
 36 Laurentian                       3-15   0.285   -11.95 0.341  0.229     36   38   19   
 37 Toronto                          4-13   0.266   -12.18 0.337  0.195     37   41   40   
 38 Lakehead                         7-8    0.304   -13.97 0.311  0.297     38   34   47   
 39 Thompson Riv                     4-5    0.303   -15.58 0.287  0.319     39   33   48   
 40 Dalhousie                        2-14   0.238   -16.54 0.273  0.204     40   40   6    
 41 Nipissing                        3-12   0.247   -16.81 0.269  0.225     41   39   26   
 42 York ON                          1-14   0.165   -17.13 0.264  0.065     42   45   28   
 43 Northern BC                      5-11   0.272   -18.07 0.251  0.293     43   35   29   
 44 Winnipeg                         2-15   0.200   -20.74 0.211  0.189     44   42   8    
 45 Grant MacEwan                    1-11   0.137   -26.74 0.123  0.150     45   44   20   
 46 Algoma                           1-12   0.068   -28.97 0.090  0.045     46   47   39   
 47 Brandon                          0-13   0.024   -31.80 0.049  0.000     47   48   30   
 48 Ontario Tech                     1-12   0.024   -35.12 0.000  0.048     48   46   43   
</div></pre>
</div>
<div class="tabbertab" title="Wins Based">
<pre><div id=data>

                                           -------Rating----------------  ----Rank----            
Rank Team                            W-L     KRS    SRS    S-Ix   WRS       S    W    SOS
========================================================================================
  1 Saskatchewan                    16-0    1.000   32.92  1.000  1.000     1    1    13   
  2 Carleton ON                     17-0    0.881   24.65  0.878  0.884     3    2    31   
  3 Alberta                         12-4    0.836   22.41  0.845  0.827     4    3    3    
  4 St Mary's NS                    14-3    0.792   18.64  0.790  0.794     6    4    21   
  5 New Brunswick                   14-3    0.783   17.69  0.776  0.790     7    5    24   
  6 Laval                           12-3    0.752   14.89  0.735  0.769     9    6    22   
  7 Calgary                         15-3    0.827   25.71  0.894  0.760     2    7    35   
  8 Queen's ON                      15-1    0.751   15.54  0.745  0.758     8    8    45   
  9 Fraser Val                      10-4    0.763   19.14  0.797  0.728     5    9    12   
 10 Acadia                          10-6    0.700   12.17  0.695  0.706     11   10   4    
 11 Brit Columbia                   13-6    0.699   14.08  0.723  0.674     10   11   23   
 12 Concordia QC                    11-4    0.640   6.35   0.609  0.670     17   12   32   
 13 Toronto Met                     13-6    0.621   5.34   0.595  0.647     18   13   25   
 14 Ottawa ON                        9-4    0.619   6.53   0.612  0.626     15   14   27   
 15 Memorial                        12-8    0.591   3.74   0.571  0.611     23   15   16   
 16 Trinity Western                 11-3    0.574   1.44   0.537  0.611     25   16   44   

                                           -------Rating----------------  ----Rank----            
Rank Team                            W-L     KRS    SRS    S-Ix   WRS       S    W    SOS
========================================================================================
 17 Guelph                           9-6    0.617   7.69   0.629  0.604     13   17   17   
 18 McGill                           7-5    0.560   0.67   0.526  0.594     28   18   15   
 19 Regina                           9-5    0.628   11.21  0.681  0.575     12   19   41   
 20 Bishop's                         7-8    0.593   7.14   0.621  0.565     14   20   7    
 21 UPEI                             7-8    0.583   6.35   0.610  0.557     16   21   5    
 22 Laurier                         11-8    0.553   4.06   0.576  0.531     21   22   33   
 23 Waterloo                        11-7    0.560   5.31   0.594  0.526     19   23   37   
 24 Cape Breton                      6-7    0.557   5.07   0.591  0.524     20   24   10   
 25 Windsor                          8-5    0.545   4.05   0.576  0.514     22   25   34   
 26 Mt Royal                        10-7    0.495   -0.59  0.508  0.482     29   26   42   
 27 Brock                            6-10   0.496   2.24   0.549  0.444     24   27   9    
 28 UBC-Okanagan                     6-7    0.481   1.09   0.532  0.430     26   28   36   
 29 McMaster                         6-10   0.480   1.01   0.531  0.429     27   29   11   
 30 St Fran Xavier                   3-6    0.457   -0.76  0.505  0.410     30   30   14   
 31 Univ Lethbridge                  7-10   0.424   -5.21  0.440  0.408     32   31   18   
 32 Victoria                         3-10   0.430   -2.95  0.473  0.388     31   32   1    

                                           -------Rating----------------  ----Rank----            
Rank Team                            W-L     KRS    SRS    S-Ix   WRS       S    W    SOS
========================================================================================
 33 Thompson Riv                     4-5    0.303   -15.58 0.287  0.319     39   33   48   
 34 Lakehead                         7-8    0.304   -13.97 0.311  0.297     38   34   47   
 35 Northern BC                      5-11   0.272   -18.07 0.251  0.293     43   35   29   
 36 Manitoba                         7-11   0.329   -8.09  0.397  0.262     34   36   46   
 37 Western ON                       4-10   0.341   -5.22  0.439  0.243     33   37   38   
 38 Laurentian                       3-15   0.285   -11.95 0.341  0.229     36   38   19   
 39 Nipissing                        3-12   0.247   -16.81 0.269  0.225     41   39   26   
 40 Dalhousie                        2-14   0.238   -16.54 0.273  0.204     40   40   6    
 41 Toronto                          4-13   0.266   -12.18 0.337  0.195     37   41   40   
 42 Winnipeg                         2-15   0.200   -20.74 0.211  0.189     44   42   8    
 43 UQAM                             0-12   0.286   -8.69  0.388  0.183     35   43   2    
 44 Grant MacEwan                    1-11   0.137   -26.74 0.123  0.150     45   44   20   
 45 York ON                          1-14   0.165   -17.13 0.264  0.065     42   45   28   
 46 Ontario Tech                     1-12   0.024   -35.12 0.000  0.048     48   46   43   
 47 Algoma                           1-12   0.068   -28.97 0.090  0.045     46   47   39   
 48 Brandon                          0-13   0.024   -31.80 0.049  0.000     47   48   30   
</div></pre>
</div>
<div class="tabbertab" title="BCS">
<pre><div id=data>

                                           -------Rating----------------  ----Rank----            
Rank Team                            W-L     KRS    SRS    S-Ix   WRS       S    W    SOS
========================================================================================
  1 Saskatchewan                    16-0    1.000   32.92  1.000  1.000     1    1    13   
  2 Carleton ON                     17-0    0.881   24.65  0.878  0.884     3    2    31   
  3 Alberta                         12-4    0.836   22.41  0.845  0.827     4    3    3    
  4 Calgary                         15-3    0.827   25.71  0.894  0.760     2    7    35   
  5 St Mary's NS                    14-3    0.792   18.64  0.790  0.794     6    4    21   
  6 New Brunswick                   14-3    0.783   17.69  0.776  0.790     7    5    24   
  7 Fraser Val                      10-4    0.763   19.14  0.797  0.728     5    9    12   
  8 Laval                           12-3    0.752   14.89  0.735  0.769     9    6    22   
  9 Queen's ON                      15-1    0.751   15.54  0.745  0.758     8    8    45   
 10 Acadia                          10-6    0.700   12.17  0.695  0.706     11   10   4    
 11 Brit Columbia                   13-6    0.699   14.08  0.723  0.674     10   11   23   
 12 Concordia QC                    11-4    0.640   6.35   0.609  0.670     17   12   32   
 13 Regina                           9-5    0.628   11.21  0.681  0.575     12   19   41   
 14 Toronto Met                     13-6    0.621   5.34   0.595  0.647     18   13   25   
 15 Ottawa ON                        9-4    0.619   6.53   0.612  0.626     15   14   27   
 16 Guelph                           9-6    0.617   7.69   0.629  0.604     13   17   17   

                                           -------Rating----------------  ----Rank----            
Rank Team                            W-L     KRS    SRS    S-Ix   WRS       S    W    SOS
========================================================================================
 17 Bishop's                         7-8    0.593   7.14   0.621  0.565     14   20   7    
 18 Memorial                        12-8    0.591   3.74   0.571  0.611     23   15   16   
 19 UPEI                             7-8    0.583   6.35   0.610  0.557     16   21   5    
 20 Trinity Western                 11-3    0.574   1.44   0.537  0.611     25   16   44   
 21 Waterloo                        11-7    0.560   5.31   0.594  0.526     19   23   37   
 22 McGill                           7-5    0.560   0.67   0.526  0.594     28   18   15   
 23 Cape Breton                      6-7    0.557   5.07   0.591  0.524     20   24   10   
 24 Laurier                         11-8    0.553   4.06   0.576  0.531     21   22   33   
 25 Windsor                          8-5    0.545   4.05   0.576  0.514     22   25   34   
 26 Brock                            6-10   0.496   2.24   0.549  0.444     24   27   9    
 27 Mt Royal                        10-7    0.495   -0.59  0.508  0.482     29   26   42   
 28 UBC-Okanagan                     6-7    0.481   1.09   0.532  0.430     26   28   36   
 29 McMaster                         6-10   0.480   1.01   0.531  0.429     27   29   11   
 30 St Fran Xavier                   3-6    0.457   -0.76  0.505  0.410     30   30   14   
 31 Victoria                         3-10   0.430   -2.95  0.473  0.388     31   32   1    
 32 Univ Lethbridge                  7-10   0.424   -5.21  0.440  0.408     32   31   18   

                                           -------Rating----------------  ----Rank----            
Rank Team                            W-L     KRS    SRS    S-Ix   WRS       S    W    SOS
========================================================================================
 33 Western ON                       4-10   0.341   -5.22  0.439  0.243     33   37   38   
 34 Manitoba                         7-11   0.329   -8.09  0.397  0.262     34   36   46   
 35 Lakehead                         7-8    0.304   -13.97 0.311  0.297     38   34   47   
 36 Thompson Riv                     4-5    0.303   -15.58 0.287  0.319     39   33   48   
 37 UQAM                             0-12   0.286   -8.69  0.388  0.183     35   43   2    
 38 Laurentian                       3-15   0.285   -11.95 0.341  0.229     36   38   19   
 39 Northern BC                      5-11   0.272   -18.07 0.251  0.293     43   35   29   
 40 Toronto                          4-13   0.266   -12.18 0.337  0.195     37   41   40   
 41 Nipissing                        3-12   0.247   -16.81 0.269  0.225     41   39   26   
 42 Dalhousie                        2-14   0.238   -16.54 0.273  0.204     40   40   6    
 43 Winnipeg                         2-15   0.200   -20.74 0.211  0.189     44   42   8    
 44 York ON                          1-14   0.165   -17.13 0.264  0.065     42   45   28   
 45 Grant MacEwan                    1-11   0.137   -26.74 0.123  0.150     45   44   20   
 46 Algoma                           1-12   0.068   -28.97 0.090  0.045     46   47   39   
 47 Brandon                          0-13   0.024   -31.80 0.049  0.000     47   48   30   
 48 Ontario Tech                     1-12   0.024   -35.12 0.000  0.048     48   46   43   
</div></pre>
</div>
<div class="tabbertab" title="SOS">
<pre><div id=data>

                                           -------Rating----------------  ----Rank----            
Rank Team                            W-L     KRS    SRS    S-Ix   WRS       S    W    SOS
========================================================================================
  1 Victoria                         3-10   0.430   -2.95  0.473  0.388     31   32   1    
  2 UQAM                             0-12   0.286   -8.69  0.388  0.183     35   43   2    
  3 Alberta                         12-4    0.836   22.41  0.845  0.827     4    3    3    
  4 Acadia                          10-6    0.700   12.17  0.695  0.706     11   10   4    
  5 UPEI                             7-8    0.583   6.35   0.610  0.557     16   21   5    
  6 Dalhousie                        2-14   0.238   -16.54 0.273  0.204     40   40   6    
  7 Bishop's                         7-8    0.593   7.14   0.621  0.565     14   20   7    
  8 Winnipeg                         2-15   0.200   -20.74 0.211  0.189     44   42   8    
  9 Brock                            6-10   0.496   2.24   0.549  0.444     24   27   9    
 10 Cape Breton                      6-7    0.557   5.07   0.591  0.524     20   24   10   
 11 McMaster                         6-10   0.480   1.01   0.531  0.429     27   29   11   
 12 Fraser Val                      10-4    0.763   19.14  0.797  0.728     5    9    12   
 13 Saskatchewan                    16-0    1.000   32.92  1.000  1.000     1    1    13   
 14 St Fran Xavier                   3-6    0.457   -0.76  0.505  0.410     30   30   14   
 15 McGill                           7-5    0.560   0.67   0.526  0.594     28   18   15   
 16 Memorial                        12-8    0.591   3.74   0.571  0.611     23   15   16   

                                           -------Rating----------------  ----Rank----            
Rank Team                            W-L     KRS    SRS    S-Ix   WRS       S    W    SOS
========================================================================================
 17 Guelph                           9-6    0.617   7.69   0.629  0.604     13   17   17   
 18 Univ Lethbridge                  7-10   0.424   -5.21  0.440  0.408     32   31   18   
 19 Laurentian                       3-15   0.285   -11.95 0.341  0.229     36   38   19   
 20 Grant MacEwan                    1-11   0.137   -26.74 0.123  0.150     45   44   20   
 21 St Mary's NS                    14-3    0.792   18.64  0.790  0.794     6    4    21   
 22 Laval                           12-3    0.752   14.89  0.735  0.769     9    6    22   
 23 Brit Columbia                   13-6    0.699   14.08  0.723  0.674     10   11   23   
 24 New Brunswick                   14-3    0.783   17.69  0.776  0.790     7    5    24   
 25 Toronto Met                     13-6    0.621   5.34   0.595  0.647     18   13   25   
 26 Nipissing                        3-12   0.247   -16.81 0.269  0.225     41   39   26   
 27 Ottawa ON                        9-4    0.619   6.53   0.612  0.626     15   14   27   
 28 York ON                          1-14   0.165   -17.13 0.264  0.065     42   45   28   
 29 Northern BC                      5-11   0.272   -18.07 0.251  0.293     43   35   29   
 30 Brandon                          0-13   0.024   -31.80 0.049  0.000     47   48   30   
 31 Carleton ON                     17-0    0.881   24.65  0.878  0.884     3    2    31   
 32 Concordia QC                    11-4    0.640   6.35   0.609  0.670     17   12   32   

                                           -------Rating----------------  ----Rank----            
Rank Team                            W-L     KRS    SRS    S-Ix   WRS       S    W    SOS
========================================================================================
 33 Laurier                         11-8    0.553   4.06   0.576  0.531     21   22   33   
 34 Windsor                          8-5    0.545   4.05   0.576  0.514     22   25   34   
 35 Calgary                         15-3    0.827   25.71  0.894  0.760     2    7    35   
 36 UBC-Okanagan                     6-7    0.481   1.09   0.532  0.430     26   28   36   
 37 Waterloo                        11-7    0.560   5.31   0.594  0.526     19   23   37   
 38 Western ON                       4-10   0.341   -5.22  0.439  0.243     33   37   38   
 39 Algoma                           1-12   0.068   -28.97 0.090  0.045     46   47   39   
 40 Toronto                          4-13   0.266   -12.18 0.337  0.195     37   41   40   
 41 Regina                           9-5    0.628   11.21  0.681  0.575     12   19   41   
 42 Mt Royal                        10-7    0.495   -0.59  0.508  0.482     29   26   42   
 43 Ontario Tech                     1-12   0.024   -35.12 0.000  0.048     48   46   43   
 44 Trinity Western                 11-3    0.574   1.44   0.537  0.611     25   16   44   
 45 Queen's ON                      15-1    0.751   15.54  0.745  0.758     8    8    45   
 46 Manitoba                         7-11   0.329   -8.09  0.397  0.262     34   36   46   
 47 Lakehead                         7-8    0.304   -13.97 0.311  0.297     38   34   47   
 48 Thompson Riv                     4-5    0.303   -15.58 0.287  0.319     39   33   48   
</div></pre>
</div>
	</pre>
	</p>
	</span>
</body>
<body>
<h3>Other links</h3>
<h4>Home</h4>
	<ul>
			<li class="listyle"><a href="https://2skupz.github.io/index.html"> Index</a></li>
	</ul>
</body>
