<html>
<head>
<!-- Global Site Tag (gtag.js) - Google Analytics -->
<title>2024 U Sport Women's Baskeball Rankings</title>
<script type="text/javascript" src="tabber.js">
</script>
<link href="https://fonts.googleapis.com/css?family=Roboto+Slab|Droid+Sans+Mono" rel="stylesheet">
<style>
 body {
			font-family: "Roboto Slab", serif;
			font-size: 12px;
			}
#data {
			font-family: "Droid Sans Mono", serif;
			font-size: 13px;
		}
</style>
<link rel="stylesheet" href="tabbedPage.css" TYPE="text/css" MEDIA="screen">
</head>
<body bgcolor=#fbeec1>
<hr>
<table width=100%>
<tr><td align=left>
<h1 align="center">2024 U Sport Women's Baskeball Rankings</h1>
</td>
</tr></table>
<p>
Standings through 12.23.23
<hr>
<center>
<table width=100% border=1><tr>
<td valign=top>
<div class="tabber">
<div class="tabbertab" title="Ken Power Index">
<pre><div id=data>

                                           -------Rating----------------  ----Rank----            
Rank Team                            W-L     KPI    SRS    S-Ix   WRS       S    W    SOS
========================================================================================
  1 Saskatchewan                    16-0    1.000   32.86  1.000  1.000     1    1    14   
  2 Carleton ON                     17-1    0.849   22.76  0.851  0.847     3    2    30   
  3 Alberta                         12-4    0.834   22.21  0.843  0.825     4    3    3    
  4 Calgary                         15-3    0.827   25.63  0.894  0.760     2    7    35   
  5 St Mary's NS                    14-3    0.793   18.68  0.791  0.795     6    4    21   
  6 New Brunswick                   14-3    0.784   17.72  0.777  0.790     7    5    25   
  7 Fraser Val                      10-4    0.762   19.04  0.797  0.728     5    9    12   
  8 Laval                           12-3    0.755   15.08  0.738  0.772     9    6    22   
  9 Queen's ON                      15-1    0.752   15.56  0.745  0.759     8    8    45   
 10 Acadia                          10-6    0.701   12.17  0.696  0.706     11   10   4    
 11 Brit Columbia                   13-6    0.699   14.04  0.723  0.674     10   11   24   
 12 Ottawa ON                       10-4    0.661   9.03   0.649  0.674     13   12   23   
 13 Concordia QC                    11-4    0.641   6.43   0.611  0.672     16   13   32   
 14 Regina                           9-5    0.628   11.17  0.681  0.575     12   19   41   
 15 Toronto Met                     13-6    0.621   5.32   0.595  0.647     18   14   26   
 16 Guelph                           9-6    0.618   7.73   0.630  0.605     14   17   17   

                                           -------Rating----------------  ----Rank----            
Rank Team                            W-L     KPI    SRS    S-Ix   WRS       S    W    SOS
========================================================================================
 17 Bishop's                         7-8    0.596   7.32   0.624  0.568     15   20   6    
 18 Memorial                        12-8    0.592   3.75   0.572  0.612     23   15   16   
 19 UPEI                             7-8    0.584   6.36   0.610  0.558     17   21   5    
 20 Trinity Western                 11-3    0.574   1.42   0.537  0.612     25   16   44   
 21 McGill                           7-5    0.561   0.70   0.527  0.595     28   18   15   
 22 Waterloo                        11-7    0.561   5.30   0.594  0.527     19   23   37   
 23 Cape Breton                      6-7    0.558   5.08   0.591  0.525     20   24   10   
 24 Laurier                         11-8    0.554   4.05   0.576  0.531     22   22   33   
 25 Windsor                          8-5    0.546   4.11   0.577  0.515     21   25   34   
 26 Brock                            6-10   0.496   2.19   0.549  0.443     24   27   9    
 27 Mt Royal                        10-7    0.494   -0.64  0.507  0.481     29   26   42   
 28 McMaster                         6-10   0.481   1.05   0.532  0.430     26   28   11   
 29 UBC-Okanagan                     6-7    0.478   0.87   0.529  0.427     27   29   36   
 30 St Fran Xavier                   3-6    0.458   -0.75  0.505  0.410     30   30   13   
 31 Victoria                         3-10   0.427   -3.16  0.470  0.385     31   32   1    
 32 Univ Lethbridge                  7-10   0.423   -5.27  0.439  0.408     33   31   18   

                                           -------Rating----------------  ----Rank----            
Rank Team                            W-L     KPI    SRS    S-Ix   WRS       S    W    SOS
========================================================================================
 33 Western ON                       4-10   0.342   -5.18  0.440  0.244     32   37   38   
 34 Manitoba                         7-11   0.329   -8.13  0.397  0.262     34   36   46   
 35 Lakehead                         7-8    0.305   -13.92 0.312  0.298     38   34   47   
 36 Thompson Riv                     4-5    0.303   -15.62 0.287  0.319     39   33   48   
 37 UQAM                             0-12   0.284   -8.79  0.387  0.181     35   43   2    
 38 Laurentian                       3-15   0.284   -12.01 0.340  0.228     36   38   19   
 39 Northern BC                      5-11   0.271   -18.15 0.249  0.292     43   35   29   
 40 Toronto                          4-13   0.267   -12.15 0.338  0.195     37   41   40   
 41 Nipissing                        3-12   0.248   -16.76 0.270  0.226     41   39   27   
 42 Dalhousie                        2-14   0.238   -16.56 0.273  0.204     40   40   7    
 43 Winnipeg                         2-15   0.200   -20.79 0.211  0.189     44   42   8    
 44 York ON                          1-14   0.165   -17.08 0.265  0.066     42   45   28   
 45 Grant MacEwan                    1-11   0.136   -26.79 0.122  0.150     45   44   20   
 46 Algoma                           1-12   0.068   -28.95 0.091  0.045     46   47   39   
 47 Ontario Tech                     1-12   0.024   -35.11 0.000  0.049     48   46   43   
 48 Brandon                          0-13   0.024   -31.84 0.048  0.000     47   48   31   
</div></pre>
</div>
<div class="tabbertab" title="Points Based">
<pre><div id=data>

                                           -------Rating----------------  ----Rank----            
Rank Team                            W-L     KPI    SRS    S-Ix   WRS       S    W    SOS
========================================================================================
  1 Saskatchewan                    16-0    1.000   32.86  1.000  1.000     1    1    14   
  2 Calgary                         15-3    0.827   25.63  0.894  0.760     2    7    35   
  3 Carleton ON                     17-1    0.849   22.76  0.851  0.847     3    2    30   
  4 Alberta                         12-4    0.834   22.21  0.843  0.825     4    3    3    
  5 Fraser Val                      10-4    0.762   19.04  0.797  0.728     5    9    12   
  6 St Mary's NS                    14-3    0.793   18.68  0.791  0.795     6    4    21   
  7 New Brunswick                   14-3    0.784   17.72  0.777  0.790     7    5    25   
  8 Queen's ON                      15-1    0.752   15.56  0.745  0.759     8    8    45   
  9 Laval                           12-3    0.755   15.08  0.738  0.772     9    6    22   
 10 Brit Columbia                   13-6    0.699   14.04  0.723  0.674     10   11   24   
 11 Acadia                          10-6    0.701   12.17  0.696  0.706     11   10   4    
 12 Regina                           9-5    0.628   11.17  0.681  0.575     12   19   41   
 13 Ottawa ON                       10-4    0.661   9.03   0.649  0.674     13   12   23   
 14 Guelph                           9-6    0.618   7.73   0.630  0.605     14   17   17   
 15 Bishop's                         7-8    0.596   7.32   0.624  0.568     15   20   6    
 16 Concordia QC                    11-4    0.641   6.43   0.611  0.672     16   13   32   

                                           -------Rating----------------  ----Rank----            
Rank Team                            W-L     KPI    SRS    S-Ix   WRS       S    W    SOS
========================================================================================
 17 UPEI                             7-8    0.584   6.36   0.610  0.558     17   21   5    
 18 Toronto Met                     13-6    0.621   5.32   0.595  0.647     18   14   26   
 19 Waterloo                        11-7    0.561   5.30   0.594  0.527     19   23   37   
 20 Cape Breton                      6-7    0.558   5.08   0.591  0.525     20   24   10   
 21 Windsor                          8-5    0.546   4.11   0.577  0.515     21   25   34   
 22 Laurier                         11-8    0.554   4.05   0.576  0.531     22   22   33   
 23 Memorial                        12-8    0.592   3.75   0.572  0.612     23   15   16   
 24 Brock                            6-10   0.496   2.19   0.549  0.443     24   27   9    
 25 Trinity Western                 11-3    0.574   1.42   0.537  0.612     25   16   44   
 26 McMaster                         6-10   0.481   1.05   0.532  0.430     26   28   11   
 27 UBC-Okanagan                     6-7    0.478   0.87   0.529  0.427     27   29   36   
 28 McGill                           7-5    0.561   0.70   0.527  0.595     28   18   15   
 29 Mt Royal                        10-7    0.494   -0.64  0.507  0.481     29   26   42   
 30 St Fran Xavier                   3-6    0.458   -0.75  0.505  0.410     30   30   13   
 31 Victoria                         3-10   0.427   -3.16  0.470  0.385     31   32   1    
 32 Western ON                       4-10   0.342   -5.18  0.440  0.244     32   37   38   

                                           -------Rating----------------  ----Rank----            
Rank Team                            W-L     KPI    SRS    S-Ix   WRS       S    W    SOS
========================================================================================
 33 Univ Lethbridge                  7-10   0.423   -5.27  0.439  0.408     33   31   18   
 34 Manitoba                         7-11   0.329   -8.13  0.397  0.262     34   36   46   
 35 UQAM                             0-12   0.284   -8.79  0.387  0.181     35   43   2    
 36 Laurentian                       3-15   0.284   -12.01 0.340  0.228     36   38   19   
 37 Toronto                          4-13   0.267   -12.15 0.338  0.195     37   41   40   
 38 Lakehead                         7-8    0.305   -13.92 0.312  0.298     38   34   47   
 39 Thompson Riv                     4-5    0.303   -15.62 0.287  0.319     39   33   48   
 40 Dalhousie                        2-14   0.238   -16.56 0.273  0.204     40   40   7    
 41 Nipissing                        3-12   0.248   -16.76 0.270  0.226     41   39   27   
 42 York ON                          1-14   0.165   -17.08 0.265  0.066     42   45   28   
 43 Northern BC                      5-11   0.271   -18.15 0.249  0.292     43   35   29   
 44 Winnipeg                         2-15   0.200   -20.79 0.211  0.189     44   42   8    
 45 Grant MacEwan                    1-11   0.136   -26.79 0.122  0.150     45   44   20   
 46 Algoma                           1-12   0.068   -28.95 0.091  0.045     46   47   39   
 47 Brandon                          0-13   0.024   -31.84 0.048  0.000     47   48   31   
 48 Ontario Tech                     1-12   0.024   -35.11 0.000  0.049     48   46   43   
</div></pre>
</div>
<div class="tabbertab" title="Wins Based">
<pre><div id=data>

                                           -------Rating----------------  ----Rank----            
Rank Team                            W-L     KPI    SRS    S-Ix   WRS       S    W    SOS
========================================================================================
  1 Saskatchewan                    16-0    1.000   32.86  1.000  1.000     1    1    14   
  2 Carleton ON                     17-1    0.849   22.76  0.851  0.847     3    2    30   
  3 Alberta                         12-4    0.834   22.21  0.843  0.825     4    3    3    
  4 St Mary's NS                    14-3    0.793   18.68  0.791  0.795     6    4    21   
  5 New Brunswick                   14-3    0.784   17.72  0.777  0.790     7    5    25   
  6 Laval                           12-3    0.755   15.08  0.738  0.772     9    6    22   
  7 Calgary                         15-3    0.827   25.63  0.894  0.760     2    7    35   
  8 Queen's ON                      15-1    0.752   15.56  0.745  0.759     8    8    45   
  9 Fraser Val                      10-4    0.762   19.04  0.797  0.728     5    9    12   
 10 Acadia                          10-6    0.701   12.17  0.696  0.706     11   10   4    
 11 Brit Columbia                   13-6    0.699   14.04  0.723  0.674     10   11   24   
 12 Ottawa ON                       10-4    0.661   9.03   0.649  0.674     13   12   23   
 13 Concordia QC                    11-4    0.641   6.43   0.611  0.672     16   13   32   
 14 Toronto Met                     13-6    0.621   5.32   0.595  0.647     18   14   26   
 15 Memorial                        12-8    0.592   3.75   0.572  0.612     23   15   16   
 16 Trinity Western                 11-3    0.574   1.42   0.537  0.612     25   16   44   

                                           -------Rating----------------  ----Rank----            
Rank Team                            W-L     KPI    SRS    S-Ix   WRS       S    W    SOS
========================================================================================
 17 Guelph                           9-6    0.618   7.73   0.630  0.605     14   17   17   
 18 McGill                           7-5    0.561   0.70   0.527  0.595     28   18   15   
 19 Regina                           9-5    0.628   11.17  0.681  0.575     12   19   41   
 20 Bishop's                         7-8    0.596   7.32   0.624  0.568     15   20   6    
 21 UPEI                             7-8    0.584   6.36   0.610  0.558     17   21   5    
 22 Laurier                         11-8    0.554   4.05   0.576  0.531     22   22   33   
 23 Waterloo                        11-7    0.561   5.30   0.594  0.527     19   23   37   
 24 Cape Breton                      6-7    0.558   5.08   0.591  0.525     20   24   10   
 25 Windsor                          8-5    0.546   4.11   0.577  0.515     21   25   34   
 26 Mt Royal                        10-7    0.494   -0.64  0.507  0.481     29   26   42   
 27 Brock                            6-10   0.496   2.19   0.549  0.443     24   27   9    
 28 McMaster                         6-10   0.481   1.05   0.532  0.430     26   28   11   
 29 UBC-Okanagan                     6-7    0.478   0.87   0.529  0.427     27   29   36   
 30 St Fran Xavier                   3-6    0.458   -0.75  0.505  0.410     30   30   13   
 31 Univ Lethbridge                  7-10   0.423   -5.27  0.439  0.408     33   31   18   
 32 Victoria                         3-10   0.427   -3.16  0.470  0.385     31   32   1    

                                           -------Rating----------------  ----Rank----            
Rank Team                            W-L     KPI    SRS    S-Ix   WRS       S    W    SOS
========================================================================================
 33 Thompson Riv                     4-5    0.303   -15.62 0.287  0.319     39   33   48   
 34 Lakehead                         7-8    0.305   -13.92 0.312  0.298     38   34   47   
 35 Northern BC                      5-11   0.271   -18.15 0.249  0.292     43   35   29   
 36 Manitoba                         7-11   0.329   -8.13  0.397  0.262     34   36   46   
 37 Western ON                       4-10   0.342   -5.18  0.440  0.244     32   37   38   
 38 Laurentian                       3-15   0.284   -12.01 0.340  0.228     36   38   19   
 39 Nipissing                        3-12   0.248   -16.76 0.270  0.226     41   39   27   
 40 Dalhousie                        2-14   0.238   -16.56 0.273  0.204     40   40   7    
 41 Toronto                          4-13   0.267   -12.15 0.338  0.195     37   41   40   
 42 Winnipeg                         2-15   0.200   -20.79 0.211  0.189     44   42   8    
 43 UQAM                             0-12   0.284   -8.79  0.387  0.181     35   43   2    
 44 Grant MacEwan                    1-11   0.136   -26.79 0.122  0.150     45   44   20   
 45 York ON                          1-14   0.165   -17.08 0.265  0.066     42   45   28   
 46 Ontario Tech                     1-12   0.024   -35.11 0.000  0.049     48   46   43   
 47 Algoma                           1-12   0.068   -28.95 0.091  0.045     46   47   39   
 48 Brandon                          0-13   0.024   -31.84 0.048  0.000     47   48   31   
</div></pre>
</div>
<div class="tabbertab" title="BCS">
<pre><div id=data>

                                           -------Rating----------------  ----Rank----            
Rank Team                            W-L     KPI    SRS    S-Ix   WRS       S    W    SOS
========================================================================================
  1 Saskatchewan                    16-0    1.000   32.86  1.000  1.000     1    1    14   
  2 Carleton ON                     17-1    0.849   22.76  0.851  0.847     3    2    30   
  3 Alberta                         12-4    0.834   22.21  0.843  0.825     4    3    3    
  4 Calgary                         15-3    0.827   25.63  0.894  0.760     2    7    35   
  5 St Mary's NS                    14-3    0.793   18.68  0.791  0.795     6    4    21   
  6 New Brunswick                   14-3    0.784   17.72  0.777  0.790     7    5    25   
  7 Fraser Val                      10-4    0.762   19.04  0.797  0.728     5    9    12   
  8 Laval                           12-3    0.755   15.08  0.738  0.772     9    6    22   
  9 Queen's ON                      15-1    0.752   15.56  0.745  0.759     8    8    45   
 10 Brit Columbia                   13-6    0.699   14.04  0.723  0.674     10   11   24   
 11 Acadia                          10-6    0.701   12.17  0.696  0.706     11   10   4    
 12 Ottawa ON                       10-4    0.661   9.03   0.649  0.674     13   12   23   
 13 Concordia QC                    11-4    0.641   6.43   0.611  0.672     16   13   32   
 14 Regina                           9-5    0.628   11.17  0.681  0.575     12   19   41   
 15 Guelph                           9-6    0.618   7.73   0.630  0.605     14   17   17   
 16 Toronto Met                     13-6    0.621   5.32   0.595  0.647     18   14   26   

                                           -------Rating----------------  ----Rank----            
Rank Team                            W-L     KPI    SRS    S-Ix   WRS       S    W    SOS
========================================================================================
 17 Bishop's                         7-8    0.596   7.32   0.624  0.568     15   20   6    
 18 UPEI                             7-8    0.584   6.36   0.610  0.558     17   21   5    
 19 Memorial                        12-8    0.592   3.75   0.572  0.612     23   15   16   
 20 Trinity Western                 11-3    0.574   1.42   0.537  0.612     25   16   44   
 21 Waterloo                        11-7    0.561   5.30   0.594  0.527     19   23   37   
 22 Cape Breton                      6-7    0.558   5.08   0.591  0.525     20   24   10   
 23 Laurier                         11-8    0.554   4.05   0.576  0.531     22   22   33   
 24 Windsor                          8-5    0.546   4.11   0.577  0.515     21   25   34   
 25 McGill                           7-5    0.561   0.70   0.527  0.595     28   18   15   
 26 Brock                            6-10   0.496   2.19   0.549  0.443     24   27   9    
 27 McMaster                         6-10   0.481   1.05   0.532  0.430     26   28   11   
 28 Mt Royal                        10-7    0.494   -0.64  0.507  0.481     29   26   42   
 29 UBC-Okanagan                     6-7    0.478   0.87   0.529  0.427     27   29   36   
 30 St Fran Xavier                   3-6    0.458   -0.75  0.505  0.410     30   30   13   
 31 Victoria                         3-10   0.427   -3.16  0.470  0.385     31   32   1    
 32 Univ Lethbridge                  7-10   0.423   -5.27  0.439  0.408     33   31   18   

                                           -------Rating----------------  ----Rank----            
Rank Team                            W-L     KPI    SRS    S-Ix   WRS       S    W    SOS
========================================================================================
 33 Western ON                       4-10   0.342   -5.18  0.440  0.244     32   37   38   
 34 Manitoba                         7-11   0.329   -8.13  0.397  0.262     34   36   46   
 35 Lakehead                         7-8    0.305   -13.92 0.312  0.298     38   34   47   
 36 Thompson Riv                     4-5    0.303   -15.62 0.287  0.319     39   33   48   
 37 Laurentian                       3-15   0.284   -12.01 0.340  0.228     36   38   19   
 38 UQAM                             0-12   0.284   -8.79  0.387  0.181     35   43   2    
 39 Toronto                          4-13   0.267   -12.15 0.338  0.195     37   41   40   
 40 Northern BC                      5-11   0.271   -18.15 0.249  0.292     43   35   29   
 41 Dalhousie                        2-14   0.238   -16.56 0.273  0.204     40   40   7    
 42 Nipissing                        3-12   0.248   -16.76 0.270  0.226     41   39   27   
 43 Winnipeg                         2-15   0.200   -20.79 0.211  0.189     44   42   8    
 44 York ON                          1-14   0.165   -17.08 0.265  0.066     42   45   28   
 45 Grant MacEwan                    1-11   0.136   -26.79 0.122  0.150     45   44   20   
 46 Algoma                           1-12   0.068   -28.95 0.091  0.045     46   47   39   
 47 Ontario Tech                     1-12   0.024   -35.11 0.000  0.049     48   46   43   
 48 Brandon                          0-13   0.024   -31.84 0.048  0.000     47   48   31   
</div></pre>
</div>
<div class="tabbertab" title="SOS">
<pre><div id=data>

                                           -------Rating----------------  ----Rank----            
Rank Team                            W-L     KPI    SRS    S-Ix   WRS       S    W    SOS
========================================================================================
  1 Victoria                         3-10   0.427   -3.16  0.470  0.385     31   32   1    
  2 UQAM                             0-12   0.284   -8.79  0.387  0.181     35   43   2    
  3 Alberta                         12-4    0.834   22.21  0.843  0.825     4    3    3    
  4 Acadia                          10-6    0.701   12.17  0.696  0.706     11   10   4    
  5 UPEI                             7-8    0.584   6.36   0.610  0.558     17   21   5    
  6 Bishop's                         7-8    0.596   7.32   0.624  0.568     15   20   6    
  7 Dalhousie                        2-14   0.238   -16.56 0.273  0.204     40   40   7    
  8 Winnipeg                         2-15   0.200   -20.79 0.211  0.189     44   42   8    
  9 Brock                            6-10   0.496   2.19   0.549  0.443     24   27   9    
 10 Cape Breton                      6-7    0.558   5.08   0.591  0.525     20   24   10   
 11 McMaster                         6-10   0.481   1.05   0.532  0.430     26   28   11   
 12 Fraser Val                      10-4    0.762   19.04  0.797  0.728     5    9    12   
 13 St Fran Xavier                   3-6    0.458   -0.75  0.505  0.410     30   30   13   
 14 Saskatchewan                    16-0    1.000   32.86  1.000  1.000     1    1    14   
 15 McGill                           7-5    0.561   0.70   0.527  0.595     28   18   15   
 16 Memorial                        12-8    0.592   3.75   0.572  0.612     23   15   16   

                                           -------Rating----------------  ----Rank----            
Rank Team                            W-L     KPI    SRS    S-Ix   WRS       S    W    SOS
========================================================================================
 17 Guelph                           9-6    0.618   7.73   0.630  0.605     14   17   17   
 18 Univ Lethbridge                  7-10   0.423   -5.27  0.439  0.408     33   31   18   
 19 Laurentian                       3-15   0.284   -12.01 0.340  0.228     36   38   19   
 20 Grant MacEwan                    1-11   0.136   -26.79 0.122  0.150     45   44   20   
 21 St Mary's NS                    14-3    0.793   18.68  0.791  0.795     6    4    21   
 22 Laval                           12-3    0.755   15.08  0.738  0.772     9    6    22   
 23 Ottawa ON                       10-4    0.661   9.03   0.649  0.674     13   12   23   
 24 Brit Columbia                   13-6    0.699   14.04  0.723  0.674     10   11   24   
 25 New Brunswick                   14-3    0.784   17.72  0.777  0.790     7    5    25   
 26 Toronto Met                     13-6    0.621   5.32   0.595  0.647     18   14   26   
 27 Nipissing                        3-12   0.248   -16.76 0.270  0.226     41   39   27   
 28 York ON                          1-14   0.165   -17.08 0.265  0.066     42   45   28   
 29 Northern BC                      5-11   0.271   -18.15 0.249  0.292     43   35   29   
 30 Carleton ON                     17-1    0.849   22.76  0.851  0.847     3    2    30   
 31 Brandon                          0-13   0.024   -31.84 0.048  0.000     47   48   31   
 32 Concordia QC                    11-4    0.641   6.43   0.611  0.672     16   13   32   

                                           -------Rating----------------  ----Rank----            
Rank Team                            W-L     KPI    SRS    S-Ix   WRS       S    W    SOS
========================================================================================
 33 Laurier                         11-8    0.554   4.05   0.576  0.531     22   22   33   
 34 Windsor                          8-5    0.546   4.11   0.577  0.515     21   25   34   
 35 Calgary                         15-3    0.827   25.63  0.894  0.760     2    7    35   
 36 UBC-Okanagan                     6-7    0.478   0.87   0.529  0.427     27   29   36   
 37 Waterloo                        11-7    0.561   5.30   0.594  0.527     19   23   37   
 38 Western ON                       4-10   0.342   -5.18  0.440  0.244     32   37   38   
 39 Algoma                           1-12   0.068   -28.95 0.091  0.045     46   47   39   
 40 Toronto                          4-13   0.267   -12.15 0.338  0.195     37   41   40   
 41 Regina                           9-5    0.628   11.17  0.681  0.575     12   19   41   
 42 Mt Royal                        10-7    0.494   -0.64  0.507  0.481     29   26   42   
 43 Ontario Tech                     1-12   0.024   -35.11 0.000  0.049     48   46   43   
 44 Trinity Western                 11-3    0.574   1.42   0.537  0.612     25   16   44   
 45 Queen's ON                      15-1    0.752   15.56  0.745  0.759     8    8    45   
 46 Manitoba                         7-11   0.329   -8.13  0.397  0.262     34   36   46   
 47 Lakehead                         7-8    0.305   -13.92 0.312  0.298     38   34   47   
 48 Thompson Riv                     4-5    0.303   -15.62 0.287  0.319     39   33   48   
</div></pre>
</div>
	</pre>
	</p>
	</span>
</body>
<body>
<h3>Other links</h3>
<h4>Home</h4>
	<ul>
			<li class="listyle"><a href="https://2skupz.github.io/index.html"> Index</a></li>
	</ul>
</body>
