<html>
<head>
<!-- Global Site Tag (gtag.js) - Google Analytics -->
<title>2024 U Sport Men's Basketball Rankings</title>
<script type="text/javascript" src="tabber.js">
</script>
<link href="https://fonts.googleapis.com/css?family=Roboto+Slab|Droid+Sans+Mono" rel="stylesheet">
<style>
 body {
			font-family: "Roboto Slab", serif;
			font-size: 12px;
			}
#data {
			font-family: "Droid Sans Mono", serif;
			font-size: 13px;
		}
</style>
<link rel="stylesheet" href="tabbedPage.css" TYPE="text/css" MEDIA="screen">
</head>
<body bgcolor=#fbeec1>
<hr>
<table width=100%>
<tr><td align=left>
<h1 align="center">2024 U Sport Men's Basketball Rankings</h1>
</td>
</tr></table>
<p>
Standings through 11.14.23
<hr>
<center>
<table width=100% border=1><tr>
<td valign=top>
<div class="tabber">
<div class="tabbertab" title="Ken Power Index">
<pre><div id=data>

                                           -------Rating----------------  ----Rank----            
Rank Team                            W-L     KRS    SRS    S-Ix   WRS       S    W    SOS
========================================================================================
  1 Ottawa ON                        7-0    1.000   20.01  1.000  0.999     1    2    26   
  2 Victoria                         9-1    0.988   19.01  0.976  1.000     2    1    7    
  3 Brit Columbia                    7-1    0.883   15.42  0.889  0.876     3    3    34   
  4 Queen's ON                       9-2    0.844   15.37  0.888  0.801     4    5    46   
  5 Winnipeg                         8-3    0.808   13.59  0.845  0.772     5    8    22   
  6 Toronto Met                      7-2    0.803   9.83   0.754  0.852     7    4    19   
  7 Laurier                          6-2    0.798   12.25  0.813  0.784     6    7    39   
  8 Western ON                       7-2    0.766   9.51   0.747  0.786     8    6    42   
  9 St Fran Xavier                   8-4    0.712   8.79   0.729  0.694     9    13   16   
 10 Dalhousie                       11-4    0.707   5.42   0.648  0.765     13   9    35   
 11 Lakehead                         7-4    0.703   6.19   0.667  0.740     12   11   27   
 12 Manitoba                         6-3    0.690   5.34   0.646  0.733     15   12   14   
 13 Carleton ON                      7-3    0.675   3.84   0.610  0.741     16   10   13   
 14 New Brunswick                    9-6    0.664   7.86   0.707  0.621     10   18   21   
 15 Brock                            7-5    0.656   5.39   0.647  0.664     14   16   10   
 16 Alberta                          6-5    0.647   7.17   0.690  0.604     11   19   33   
 17 Calgary                          5-5    0.640   3.59   0.604  0.676     17   14   1    
 18 Toronto                          5-3    0.603   2.72   0.583  0.622     18   17   37   
 19 Acadia                           8-5    0.581   -1.22  0.488  0.673     27   15   29   
 20 Concordia QC                     8-6    0.571   1.29   0.548  0.593     23   20   24   

                                           -------Rating----------------  ----Rank----            
Rank Team                            W-L     KRS    SRS    S-Ix   WRS       S    W    SOS
========================================================================================
 21 Windsor                          5-6    0.566   1.88   0.563  0.570     21   22   4    
 22 McMaster                         4-6    0.563   1.99   0.565  0.562     20   24   2    
 23 Bishop's                         5-5    0.537   -0.35  0.509  0.564     24   23   6    
 24 UQAM                             5-4    0.537   -1.44  0.483  0.591     29   21   17   
 25 Regina                           5-4    0.532   -0.45  0.506  0.557     25   26   32   
 26 Memorial                         6-6    0.528   1.36   0.550  0.506     22   28   11   
 27 Cape Breton                      6-7    0.507   -0.79  0.498  0.516     26   27   28   
 28 Trinity Western                  5-4    0.499   -3.23  0.439  0.558     31   25   38   
 29 UPEI                             4-8    0.493   2.53   0.578  0.408     19   35   3    
 30 Brandon                          4-5    0.489   -1.41  0.484  0.495     28   30   25   
 31 Laval                            3-5    0.454   -2.74  0.451  0.456     30   33   12   
 32 York ON                          4-5    0.435   -4.85  0.400  0.469     33   32   31   
 33 Thompson Riv                     5-5    0.433   -5.48  0.385  0.482     34   31   41   
 34 Mt Royal                         6-5    0.432   -6.32  0.365  0.500     38   29   36   
 35 Ontario Tech                     5-5    0.400   -7.04  0.348  0.451     39   34   48   
 36 Fraser Val                       4-7    0.381   -4.05  0.420  0.341     32   37   40   
 37 Saskatchewan                     5-5    0.380   -5.60  0.382  0.378     36   36   47   
 38 Univ Lethbridge                  2-7    0.316   -6.18  0.368  0.264     37   42   15   
 39 Northern BC                      2-8    0.284   -7.65  0.333  0.236     40   43   23   
 40 St Mary's NS                     3-10   0.276   -11.50 0.240  0.312     43   38   18   

                                           -------Rating----------------  ----Rank----            
Rank Team                            W-L     KRS    SRS    S-Ix   WRS       S    W    SOS
========================================================================================
 41 UBC-Okanagan                     2-8    0.267   -10.61 0.262  0.272     42   41   5    
 42 Guelph                           1-10   0.259   -5.52  0.384  0.133     35   47   20   
 43 Laurentian                       3-6    0.240   -13.18 0.200  0.281     44   39   45   
 44 Waterloo                         3-9    0.220   -10.06 0.275  0.165     41   46   43   
 45 Algoma                           2-9    0.191   -17.00 0.108  0.274     46   40   8    
 46 McGill                           1-9    0.187   -13.63 0.189  0.185     45   45   9    
 47 Nipissing                        1-6    0.137   -18.57 0.070  0.204     47   44   30   
 48 Grant MacEwan                    0-8    0.000   -21.46 0.000  0.000     48   48   44   
</div></pre>
</div>
<div class="tabbertab" title="Points Based">
<pre><div id=data>

                                           -------Rating----------------  ----Rank----            
Rank Team                            W-L     KRS    SRS    S-Ix   WRS       S    W    SOS
========================================================================================
  1 Ottawa ON                        7-0    1.000   20.01  1.000  0.999     1    2    26   
  2 Victoria                         9-1    0.988   19.01  0.976  1.000     2    1    7    
  3 Brit Columbia                    7-1    0.883   15.42  0.889  0.876     3    3    34   
  4 Queen's ON                       9-2    0.844   15.37  0.888  0.801     4    5    46   
  5 Winnipeg                         8-3    0.808   13.59  0.845  0.772     5    8    22   
  6 Laurier                          6-2    0.798   12.25  0.813  0.784     6    7    39   
  7 Toronto Met                      7-2    0.803   9.83   0.754  0.852     7    4    19   
  8 Western ON                       7-2    0.766   9.51   0.747  0.786     8    6    42   
  9 St Fran Xavier                   8-4    0.712   8.79   0.729  0.694     9    13   16   
 10 New Brunswick                    9-6    0.664   7.86   0.707  0.621     10   18   21   
 11 Alberta                          6-5    0.647   7.17   0.690  0.604     11   19   33   
 12 Lakehead                         7-4    0.703   6.19   0.667  0.740     12   11   27   
 13 Dalhousie                       11-4    0.707   5.42   0.648  0.765     13   9    35   
 14 Brock                            7-5    0.656   5.39   0.647  0.664     14   16   10   
 15 Manitoba                         6-3    0.690   5.34   0.646  0.733     15   12   14   
 16 Carleton ON                      7-3    0.675   3.84   0.610  0.741     16   10   13   
 17 Calgary                          5-5    0.640   3.59   0.604  0.676     17   14   1    
 18 Toronto                          5-3    0.603   2.72   0.583  0.622     18   17   37   
 19 UPEI                             4-8    0.493   2.53   0.578  0.408     19   35   3    
 20 McMaster                         4-6    0.563   1.99   0.565  0.562     20   24   2    

                                           -------Rating----------------  ----Rank----            
Rank Team                            W-L     KRS    SRS    S-Ix   WRS       S    W    SOS
========================================================================================
 21 Windsor                          5-6    0.566   1.88   0.563  0.570     21   22   4    
 22 Memorial                         6-6    0.528   1.36   0.550  0.506     22   28   11   
 23 Concordia QC                     8-6    0.571   1.29   0.548  0.593     23   20   24   
 24 Bishop's                         5-5    0.537   -0.35  0.509  0.564     24   23   6    
 25 Regina                           5-4    0.532   -0.45  0.506  0.557     25   26   32   
 26 Cape Breton                      6-7    0.507   -0.79  0.498  0.516     26   27   28   
 27 Acadia                           8-5    0.581   -1.22  0.488  0.673     27   15   29   
 28 Brandon                          4-5    0.489   -1.41  0.484  0.495     28   30   25   
 29 UQAM                             5-4    0.537   -1.44  0.483  0.591     29   21   17   
 30 Laval                            3-5    0.454   -2.74  0.451  0.456     30   33   12   
 31 Trinity Western                  5-4    0.499   -3.23  0.439  0.558     31   25   38   
 32 Fraser Val                       4-7    0.381   -4.05  0.420  0.341     32   37   40   
 33 York ON                          4-5    0.435   -4.85  0.400  0.469     33   32   31   
 34 Thompson Riv                     5-5    0.433   -5.48  0.385  0.482     34   31   41   
 35 Guelph                           1-10   0.259   -5.52  0.384  0.133     35   47   20   
 36 Saskatchewan                     5-5    0.380   -5.60  0.382  0.378     36   36   47   
 37 Univ Lethbridge                  2-7    0.316   -6.18  0.368  0.264     37   42   15   
 38 Mt Royal                         6-5    0.432   -6.32  0.365  0.500     38   29   36   
 39 Ontario Tech                     5-5    0.400   -7.04  0.348  0.451     39   34   48   
 40 Northern BC                      2-8    0.284   -7.65  0.333  0.236     40   43   23   

                                           -------Rating----------------  ----Rank----            
Rank Team                            W-L     KRS    SRS    S-Ix   WRS       S    W    SOS
========================================================================================
 41 Waterloo                         3-9    0.220   -10.06 0.275  0.165     41   46   43   
 42 UBC-Okanagan                     2-8    0.267   -10.61 0.262  0.272     42   41   5    
 43 St Mary's NS                     3-10   0.276   -11.50 0.240  0.312     43   38   18   
 44 Laurentian                       3-6    0.240   -13.18 0.200  0.281     44   39   45   
 45 McGill                           1-9    0.187   -13.63 0.189  0.185     45   45   9    
 46 Algoma                           2-9    0.191   -17.00 0.108  0.274     46   40   8    
 47 Nipissing                        1-6    0.137   -18.57 0.070  0.204     47   44   30   
 48 Grant MacEwan                    0-8    0.000   -21.46 0.000  0.000     48   48   44   
</div></pre>
</div>
<div class="tabbertab" title="Wins Based">
<pre><div id=data>

                                           -------Rating----------------  ----Rank----            
Rank Team                            W-L     KRS    SRS    S-Ix   WRS       S    W    SOS
========================================================================================
  1 Victoria                         9-1    0.988   19.01  0.976  1.000     2    1    7    
  2 Ottawa ON                        7-0    1.000   20.01  1.000  0.999     1    2    26   
  3 Brit Columbia                    7-1    0.883   15.42  0.889  0.876     3    3    34   
  4 Toronto Met                      7-2    0.803   9.83   0.754  0.852     7    4    19   
  5 Queen's ON                       9-2    0.844   15.37  0.888  0.801     4    5    46   
  6 Western ON                       7-2    0.766   9.51   0.747  0.786     8    6    42   
  7 Laurier                          6-2    0.798   12.25  0.813  0.784     6    7    39   
  8 Winnipeg                         8-3    0.808   13.59  0.845  0.772     5    8    22   
  9 Dalhousie                       11-4    0.707   5.42   0.648  0.765     13   9    35   
 10 Carleton ON                      7-3    0.675   3.84   0.610  0.741     16   10   13   
 11 Lakehead                         7-4    0.703   6.19   0.667  0.740     12   11   27   
 12 Manitoba                         6-3    0.690   5.34   0.646  0.733     15   12   14   
 13 St Fran Xavier                   8-4    0.712   8.79   0.729  0.694     9    13   16   
 14 Calgary                          5-5    0.640   3.59   0.604  0.676     17   14   1    
 15 Acadia                           8-5    0.581   -1.22  0.488  0.673     27   15   29   
 16 Brock                            7-5    0.656   5.39   0.647  0.664     14   16   10   
 17 Toronto                          5-3    0.603   2.72   0.583  0.622     18   17   37   
 18 New Brunswick                    9-6    0.664   7.86   0.707  0.621     10   18   21   
 19 Alberta                          6-5    0.647   7.17   0.690  0.604     11   19   33   
 20 Concordia QC                     8-6    0.571   1.29   0.548  0.593     23   20   24   

                                           -------Rating----------------  ----Rank----            
Rank Team                            W-L     KRS    SRS    S-Ix   WRS       S    W    SOS
========================================================================================
 21 UQAM                             5-4    0.537   -1.44  0.483  0.591     29   21   17   
 22 Windsor                          5-6    0.566   1.88   0.563  0.570     21   22   4    
 23 Bishop's                         5-5    0.537   -0.35  0.509  0.564     24   23   6    
 24 McMaster                         4-6    0.563   1.99   0.565  0.562     20   24   2    
 25 Trinity Western                  5-4    0.499   -3.23  0.439  0.558     31   25   38   
 26 Regina                           5-4    0.532   -0.45  0.506  0.557     25   26   32   
 27 Cape Breton                      6-7    0.507   -0.79  0.498  0.516     26   27   28   
 28 Memorial                         6-6    0.528   1.36   0.550  0.506     22   28   11   
 29 Mt Royal                         6-5    0.432   -6.32  0.365  0.500     38   29   36   
 30 Brandon                          4-5    0.489   -1.41  0.484  0.495     28   30   25   
 31 Thompson Riv                     5-5    0.433   -5.48  0.385  0.482     34   31   41   
 32 York ON                          4-5    0.435   -4.85  0.400  0.469     33   32   31   
 33 Laval                            3-5    0.454   -2.74  0.451  0.456     30   33   12   
 34 Ontario Tech                     5-5    0.400   -7.04  0.348  0.451     39   34   48   
 35 UPEI                             4-8    0.493   2.53   0.578  0.408     19   35   3    
 36 Saskatchewan                     5-5    0.380   -5.60  0.382  0.378     36   36   47   
 37 Fraser Val                       4-7    0.381   -4.05  0.420  0.341     32   37   40   
 38 St Mary's NS                     3-10   0.276   -11.50 0.240  0.312     43   38   18   
 39 Laurentian                       3-6    0.240   -13.18 0.200  0.281     44   39   45   
 40 Algoma                           2-9    0.191   -17.00 0.108  0.274     46   40   8    

                                           -------Rating----------------  ----Rank----            
Rank Team                            W-L     KRS    SRS    S-Ix   WRS       S    W    SOS
========================================================================================
 41 UBC-Okanagan                     2-8    0.267   -10.61 0.262  0.272     42   41   5    
 42 Univ Lethbridge                  2-7    0.316   -6.18  0.368  0.264     37   42   15   
 43 Northern BC                      2-8    0.284   -7.65  0.333  0.236     40   43   23   
 44 Nipissing                        1-6    0.137   -18.57 0.070  0.204     47   44   30   
 45 McGill                           1-9    0.187   -13.63 0.189  0.185     45   45   9    
 46 Waterloo                         3-9    0.220   -10.06 0.275  0.165     41   46   43   
 47 Guelph                           1-10   0.259   -5.52  0.384  0.133     35   47   20   
 48 Grant MacEwan                    0-8    0.000   -21.46 0.000  0.000     48   48   44   
</div></pre>
</div>
<div class="tabbertab" title="BCS">
<pre><div id=data>

                                           -------Rating----------------  ----Rank----            
Rank Team                            W-L     KRS    SRS    S-Ix   WRS       S    W    SOS
========================================================================================
  1 Ottawa ON                        7-0    1.000   20.01  1.000  0.999     1    2    26   
  2 Victoria                         9-1    0.988   19.01  0.976  1.000     2    1    7    
  3 Brit Columbia                    7-1    0.883   15.42  0.889  0.876     3    3    34   
  4 Queen's ON                       9-2    0.844   15.37  0.888  0.801     4    5    46   
  5 Winnipeg                         8-3    0.808   13.59  0.845  0.772     5    8    22   
  6 Toronto Met                      7-2    0.803   9.83   0.754  0.852     7    4    19   
  7 Laurier                          6-2    0.798   12.25  0.813  0.784     6    7    39   
  8 Western ON                       7-2    0.766   9.51   0.747  0.786     8    6    42   
  9 St Fran Xavier                   8-4    0.712   8.79   0.729  0.694     9    13   16   
 10 Dalhousie                       11-4    0.707   5.42   0.648  0.765     13   9    35   
 11 Lakehead                         7-4    0.703   6.19   0.667  0.740     12   11   27   
 12 Manitoba                         6-3    0.690   5.34   0.646  0.733     15   12   14   
 13 Carleton ON                      7-3    0.675   3.84   0.610  0.741     16   10   13   
 14 New Brunswick                    9-6    0.664   7.86   0.707  0.621     10   18   21   
 15 Brock                            7-5    0.656   5.39   0.647  0.664     14   16   10   
 16 Alberta                          6-5    0.647   7.17   0.690  0.604     11   19   33   
 17 Calgary                          5-5    0.640   3.59   0.604  0.676     17   14   1    
 18 Toronto                          5-3    0.603   2.72   0.583  0.622     18   17   37   
 19 Acadia                           8-5    0.581   -1.22  0.488  0.673     27   15   29   
 20 Concordia QC                     8-6    0.571   1.29   0.548  0.593     23   20   24   

                                           -------Rating----------------  ----Rank----            
Rank Team                            W-L     KRS    SRS    S-Ix   WRS       S    W    SOS
========================================================================================
 21 Windsor                          5-6    0.566   1.88   0.563  0.570     21   22   4    
 22 McMaster                         4-6    0.563   1.99   0.565  0.562     20   24   2    
 23 Bishop's                         5-5    0.537   -0.35  0.509  0.564     24   23   6    
 24 UQAM                             5-4    0.537   -1.44  0.483  0.591     29   21   17   
 25 Regina                           5-4    0.532   -0.45  0.506  0.557     25   26   32   
 26 Memorial                         6-6    0.528   1.36   0.550  0.506     22   28   11   
 27 Cape Breton                      6-7    0.507   -0.79  0.498  0.516     26   27   28   
 28 Trinity Western                  5-4    0.499   -3.23  0.439  0.558     31   25   38   
 29 UPEI                             4-8    0.493   2.53   0.578  0.408     19   35   3    
 30 Brandon                          4-5    0.489   -1.41  0.484  0.495     28   30   25   
 31 Laval                            3-5    0.454   -2.74  0.451  0.456     30   33   12   
 32 York ON                          4-5    0.435   -4.85  0.400  0.469     33   32   31   
 33 Thompson Riv                     5-5    0.433   -5.48  0.385  0.482     34   31   41   
 34 Mt Royal                         6-5    0.432   -6.32  0.365  0.500     38   29   36   
 35 Ontario Tech                     5-5    0.400   -7.04  0.348  0.451     39   34   48   
 36 Fraser Val                       4-7    0.381   -4.05  0.420  0.341     32   37   40   
 37 Saskatchewan                     5-5    0.380   -5.60  0.382  0.378     36   36   47   
 38 Univ Lethbridge                  2-7    0.316   -6.18  0.368  0.264     37   42   15   
 39 Northern BC                      2-8    0.284   -7.65  0.333  0.236     40   43   23   
 40 St Mary's NS                     3-10   0.276   -11.50 0.240  0.312     43   38   18   

                                           -------Rating----------------  ----Rank----            
Rank Team                            W-L     KRS    SRS    S-Ix   WRS       S    W    SOS
========================================================================================
 41 UBC-Okanagan                     2-8    0.267   -10.61 0.262  0.272     42   41   5    
 42 Guelph                           1-10   0.259   -5.52  0.384  0.133     35   47   20   
 43 Laurentian                       3-6    0.240   -13.18 0.200  0.281     44   39   45   
 44 Waterloo                         3-9    0.220   -10.06 0.275  0.165     41   46   43   
 45 Algoma                           2-9    0.191   -17.00 0.108  0.274     46   40   8    
 46 McGill                           1-9    0.187   -13.63 0.189  0.185     45   45   9    
 47 Nipissing                        1-6    0.137   -18.57 0.070  0.204     47   44   30   
 48 Grant MacEwan                    0-8    0.000   -21.46 0.000  0.000     48   48   44   
</div></pre>
</div>
<div class="tabbertab" title="SOS">
<pre><div id=data>

                                           -------Rating----------------  ----Rank----            
Rank Team                            W-L     KRS    SRS    S-Ix   WRS       S    W    SOS
========================================================================================
  1 Calgary                          5-5    0.640   3.59   0.604  0.676     17   14   1    
  2 McMaster                         4-6    0.563   1.99   0.565  0.562     20   24   2    
  3 UPEI                             4-8    0.493   2.53   0.578  0.408     19   35   3    
  4 Windsor                          5-6    0.566   1.88   0.563  0.570     21   22   4    
  5 UBC-Okanagan                     2-8    0.267   -10.61 0.262  0.272     42   41   5    
  6 Bishop's                         5-5    0.537   -0.35  0.509  0.564     24   23   6    
  7 Victoria                         9-1    0.988   19.01  0.976  1.000     2    1    7    
  8 Algoma                           2-9    0.191   -17.00 0.108  0.274     46   40   8    
  9 McGill                           1-9    0.187   -13.63 0.189  0.185     45   45   9    
 10 Brock                            7-5    0.656   5.39   0.647  0.664     14   16   10   
 11 Memorial                         6-6    0.528   1.36   0.550  0.506     22   28   11   
 12 Laval                            3-5    0.454   -2.74  0.451  0.456     30   33   12   
 13 Carleton ON                      7-3    0.675   3.84   0.610  0.741     16   10   13   
 14 Manitoba                         6-3    0.690   5.34   0.646  0.733     15   12   14   
 15 Univ Lethbridge                  2-7    0.316   -6.18  0.368  0.264     37   42   15   
 16 St Fran Xavier                   8-4    0.712   8.79   0.729  0.694     9    13   16   
 17 UQAM                             5-4    0.537   -1.44  0.483  0.591     29   21   17   
 18 St Mary's NS                     3-10   0.276   -11.50 0.240  0.312     43   38   18   
 19 Toronto Met                      7-2    0.803   9.83   0.754  0.852     7    4    19   
 20 Guelph                           1-10   0.259   -5.52  0.384  0.133     35   47   20   

                                           -------Rating----------------  ----Rank----            
Rank Team                            W-L     KRS    SRS    S-Ix   WRS       S    W    SOS
========================================================================================
 21 New Brunswick                    9-6    0.664   7.86   0.707  0.621     10   18   21   
 22 Winnipeg                         8-3    0.808   13.59  0.845  0.772     5    8    22   
 23 Northern BC                      2-8    0.284   -7.65  0.333  0.236     40   43   23   
 24 Concordia QC                     8-6    0.571   1.29   0.548  0.593     23   20   24   
 25 Brandon                          4-5    0.489   -1.41  0.484  0.495     28   30   25   
 26 Ottawa ON                        7-0    1.000   20.01  1.000  0.999     1    2    26   
 27 Lakehead                         7-4    0.703   6.19   0.667  0.740     12   11   27   
 28 Cape Breton                      6-7    0.507   -0.79  0.498  0.516     26   27   28   
 29 Acadia                           8-5    0.581   -1.22  0.488  0.673     27   15   29   
 30 Nipissing                        1-6    0.137   -18.57 0.070  0.204     47   44   30   
 31 York ON                          4-5    0.435   -4.85  0.400  0.469     33   32   31   
 32 Regina                           5-4    0.532   -0.45  0.506  0.557     25   26   32   
 33 Alberta                          6-5    0.647   7.17   0.690  0.604     11   19   33   
 34 Brit Columbia                    7-1    0.883   15.42  0.889  0.876     3    3    34   
 35 Dalhousie                       11-4    0.707   5.42   0.648  0.765     13   9    35   
 36 Mt Royal                         6-5    0.432   -6.32  0.365  0.500     38   29   36   
 37 Toronto                          5-3    0.603   2.72   0.583  0.622     18   17   37   
 38 Trinity Western                  5-4    0.499   -3.23  0.439  0.558     31   25   38   
 39 Laurier                          6-2    0.798   12.25  0.813  0.784     6    7    39   
 40 Fraser Val                       4-7    0.381   -4.05  0.420  0.341     32   37   40   

                                           -------Rating----------------  ----Rank----            
Rank Team                            W-L     KRS    SRS    S-Ix   WRS       S    W    SOS
========================================================================================
 41 Thompson Riv                     5-5    0.433   -5.48  0.385  0.482     34   31   41   
 42 Western ON                       7-2    0.766   9.51   0.747  0.786     8    6    42   
 43 Waterloo                         3-9    0.220   -10.06 0.275  0.165     41   46   43   
 44 Grant MacEwan                    0-8    0.000   -21.46 0.000  0.000     48   48   44   
 45 Laurentian                       3-6    0.240   -13.18 0.200  0.281     44   39   45   
 46 Queen's ON                       9-2    0.844   15.37  0.888  0.801     4    5    46   
 47 Saskatchewan                     5-5    0.380   -5.60  0.382  0.378     36   36   47   
 48 Ontario Tech                     5-5    0.400   -7.04  0.348  0.451     39   34   48   
</div></pre>
</div>
	</pre>
	</p>
	</span>
</body>
<body>
<h3>Other links</h3>
<h4>Home</h4>
	<ul>
			<li class="listyle"><a href="https://2skupz.github.io/index.html"> Index</a></li>
	</ul>
</body>
