<html>
<head>
<!-- Global Site Tag (gtag.js) - Google Analytics -->
<title>2023 U Sport Men's Basketball Rankings</title>
<script type="text/javascript" src="tabber.js">
</script>
<link href="https://fonts.googleapis.com/css?family=Roboto+Slab|Droid+Sans+Mono" rel="stylesheet">
<style>
 body {
			font-family: "Roboto Slab", serif;
			font-size: 12px;
			}
#data {
			font-family: "Droid Sans Mono", serif;
			font-size: 13px;
		}
</style>
<link rel="stylesheet" href="tabbedPage.css" TYPE="text/css" MEDIA="screen">
</head>
<body bgcolor=#fbeec1>
<hr>
<table width=100%>
<tr><td align=left>
<h1 align="center">2023 U Sport Men's Basketball Rankings</h1>
</td>
</tr></table>
<p>
Standings through 03.25.23
<hr>
<center>
<table width=100% border=1><tr>
<td valign=top>
<div class="tabber">
<div class="tabbertab" title="Ken Power Index">
<pre><div id=data>

                                           -------Rating----------------  ----Rank----            
Rank Team                            W-L     KRS    SRS    S-Ix   WRS       S    W    SOS
========================================================================================
  1 Ottawa ON                       30-7    0.984   15.8   1.000  0.968     1    2    8    
  2 Carleton ON                     28-5    0.960   12.9   0.920  1.000     6    1    2    
  3 Victoria                        24-6    0.958   14.7   0.970  0.946     2    3    12   
  4 Saskatchewan                    29-5    0.925   14.5   0.964  0.886     3    4    46   
  5 Alberta                         23-7    0.915   14.5   0.963  0.866     4    5    28   
  6 Queen's ON                      26-8    0.897   13.5   0.937  0.858     5    6    20   
  7 Manitoba                        24-8    0.837   9.7    0.832  0.842     9    7    31   
  8 Brit Columbia                   20-8    0.823   10.1   0.843  0.803     7    8    23   
  9 Brock                           19-11   0.794   9.9    0.837  0.751     8    11   7    
 10 Lakehead                        23-9    0.789   7.9    0.781  0.797     11   9    25   
 11 Winnipeg                        23-11   0.786   7.7    0.776  0.796     12   10   18   
 12 Toronto                         19-11   0.772   8.5    0.798  0.747     10   12   9    
 13 Windsor                         18-9    0.752   7.6    0.772  0.732     14   13   32   
 14 UQAM                            18-12   0.732   7.7    0.775  0.690     13   14   6    
 15 McMaster                        17-13   0.701   5.7    0.721  0.680     15   16   3    
 16 Brandon                         18-13   0.687   4.8    0.696  0.678     17   17   13   
 17 Thompson Riv                    16-12   0.672   4.9    0.698  0.647     16   19   17   
 18 Laurier                         20-12   0.668   3.2    0.649  0.687     18   15   33   
 19 UPEI                            21-11   0.632   1.1    0.593  0.670     22   18   41   
 20 Trinity Western                 15-10   0.613   0.8    0.586  0.640     25   20   35   

                                           -------Rating----------------  ----Rank----            
Rank Team                            W-L     KRS    SRS    S-Ix   WRS       S    W    SOS
========================================================================================
 21 Regina                          16-17   0.587   1.3    0.599  0.575     21   22   11   
 22 Guelph                          13-13   0.578   1.5    0.602  0.553     20   23   21   
 23 Laval                           16-11   0.572   -0.2   0.557  0.588     27   21   36   
 24 Western ON                      13-16   0.557   2.0    0.616  0.498     19   26   22   
 25 Dalhousie                       20-15   0.557   0.0    0.563  0.550     26   24   44   
 26 Calgary                         16-15   0.545   -0.3   0.555  0.535     28   25   38   
 27 Bishop's                        14-15   0.540   0.9    0.586  0.494     24   27   29   
 28 McGill                           9-15   0.508   1.1    0.592  0.424     23   29   10   
 29 Concordia QC                    10-19   0.463   -1.0   0.534  0.391     29   31   5    
 30 Northern BC                     11-16   0.428   -5.5   0.410  0.445     32   28   26   
 31 UBC-Okanagan                     6-15   0.409   -3.1   0.477  0.340     30   35   14   
 32 Fraser Val                      10-16   0.393   -6.8   0.375  0.411     35   30   30   
 33 Ryerson                          9-16   0.390   -4.8   0.430  0.350     31   33   40   
 34 Univ Lethbridge                  8-15   0.371   -6.0   0.397  0.345     33   34   37   
 35 Cape Breton                     13-20   0.370   -6.4   0.384  0.356     34   32   43   
 36 York ON                          6-18   0.345   -7.1   0.365  0.324     36   36   1    
 37 Mt Royal                         8-21   0.322   -7.5   0.356  0.289     37   39   24   
 38 Memorial                        10-16   0.310   -9.4   0.301  0.320     42   37   47   
 39 St Fran Xavier                  11-18   0.302   -10.0  0.286  0.318     43   38   45   
 40 St Mary's NS                     7-18   0.279   -9.3   0.305  0.253     40   40   39   

                                           -------Rating----------------  ----Rank----            
Rank Team                            W-L     KRS    SRS    S-Ix   WRS       S    W    SOS
========================================================================================
 41 Nipissing                        5-21   0.271   -9.4   0.303  0.238     41   41   4    
 42 New Brunswick                    8-19   0.268   -9.0   0.313  0.224     39   42   48   
 43 Ontario Tech                     4-22   0.251   -8.2   0.335  0.167     38   45   16   
 44 Waterloo                         6-25   0.216   -11.5  0.246  0.185     44   43   19   
 45 Laurentian                       5-24   0.194   -12.1  0.227  0.161     45   46   27   
 46 Acadia                           6-20   0.166   -14.7  0.157  0.176     46   44   42   
 47 Algoma                           3-27   0.048   -20.3  0.000  0.097     48   47   15   
 48 Grant MacEwan                    1-24   0.005   -20.0  0.010  0.000     47   48   34   
</div></pre>
</div>
<div class="tabbertab" title="Points Based">
<pre><div id=data>

                                           -------Rating----------------  ----Rank----            
Rank Team                            W-L     KRS    SRS    S-Ix   WRS       S    W    SOS
========================================================================================
  1 Ottawa ON                       30-7    0.984   15.8   1.000  0.968     1    2    8    
  2 Victoria                        24-6    0.958   14.7   0.970  0.946     2    3    12   
  3 Saskatchewan                    29-5    0.925   14.5   0.964  0.886     3    4    46   
  4 Alberta                         23-7    0.915   14.5   0.963  0.866     4    5    28   
  5 Queen's ON                      26-8    0.897   13.5   0.937  0.858     5    6    20   
  6 Carleton ON                     28-5    0.960   12.9   0.920  1.000     6    1    2    
  7 Brit Columbia                   20-8    0.823   10.1   0.843  0.803     7    8    23   
  8 Brock                           19-11   0.794   9.9    0.837  0.751     8    11   7    
  9 Manitoba                        24-8    0.837   9.7    0.832  0.842     9    7    31   
 10 Toronto                         19-11   0.772   8.5    0.798  0.747     10   12   9    
 11 Lakehead                        23-9    0.789   7.9    0.781  0.797     11   9    25   
 12 Winnipeg                        23-11   0.786   7.7    0.776  0.796     12   10   18   
 13 UQAM                            18-12   0.732   7.7    0.775  0.690     13   14   6    
 14 Windsor                         18-9    0.752   7.6    0.772  0.732     14   13   32   
 15 McMaster                        17-13   0.701   5.7    0.721  0.680     15   16   3    
 16 Thompson Riv                    16-12   0.672   4.9    0.698  0.647     16   19   17   
 17 Brandon                         18-13   0.687   4.8    0.696  0.678     17   17   13   
 18 Laurier                         20-12   0.668   3.2    0.649  0.687     18   15   33   
 19 Western ON                      13-16   0.557   2.0    0.616  0.498     19   26   22   
 20 Guelph                          13-13   0.578   1.5    0.602  0.553     20   23   21   

                                           -------Rating----------------  ----Rank----            
Rank Team                            W-L     KRS    SRS    S-Ix   WRS       S    W    SOS
========================================================================================
 21 Regina                          16-17   0.587   1.3    0.599  0.575     21   22   11   
 22 UPEI                            21-11   0.632   1.1    0.593  0.670     22   18   41   
 23 McGill                           9-15   0.508   1.1    0.592  0.424     23   29   10   
 24 Bishop's                        14-15   0.540   0.9    0.586  0.494     24   27   29   
 25 Trinity Western                 15-10   0.613   0.8    0.586  0.640     25   20   35   
 26 Dalhousie                       20-15   0.557   0.0    0.563  0.550     26   24   44   
 27 Laval                           16-11   0.572   -0.2   0.557  0.588     27   21   36   
 28 Calgary                         16-15   0.545   -0.3   0.555  0.535     28   25   38   
 29 Concordia QC                    10-19   0.463   -1.0   0.534  0.391     29   31   5    
 30 UBC-Okanagan                     6-15   0.409   -3.1   0.477  0.340     30   35   14   
 31 Ryerson                          9-16   0.390   -4.8   0.430  0.350     31   33   40   
 32 Northern BC                     11-16   0.428   -5.5   0.410  0.445     32   28   26   
 33 Univ Lethbridge                  8-15   0.371   -6.0   0.397  0.345     33   34   37   
 34 Cape Breton                     13-20   0.370   -6.4   0.384  0.356     34   32   43   
 35 Fraser Val                      10-16   0.393   -6.8   0.375  0.411     35   30   30   
 36 York ON                          6-18   0.345   -7.1   0.365  0.324     36   36   1    
 37 Mt Royal                         8-21   0.322   -7.5   0.356  0.289     37   39   24   
 38 Ontario Tech                     4-22   0.251   -8.2   0.335  0.167     38   45   16   
 39 New Brunswick                    8-19   0.268   -9.0   0.313  0.224     39   42   48   
 40 St Mary's NS                     7-18   0.279   -9.3   0.305  0.253     40   40   39   

                                           -------Rating----------------  ----Rank----            
Rank Team                            W-L     KRS    SRS    S-Ix   WRS       S    W    SOS
========================================================================================
 41 Nipissing                        5-21   0.271   -9.4   0.303  0.238     41   41   4    
 42 Memorial                        10-16   0.310   -9.4   0.301  0.320     42   37   47   
 43 St Fran Xavier                  11-18   0.302   -10.0  0.286  0.318     43   38   45   
 44 Waterloo                         6-25   0.216   -11.5  0.246  0.185     44   43   19   
 45 Laurentian                       5-24   0.194   -12.1  0.227  0.161     45   46   27   
 46 Acadia                           6-20   0.166   -14.7  0.157  0.176     46   44   42   
 47 Grant MacEwan                    1-24   0.005   -20.0  0.010  0.000     47   48   34   
 48 Algoma                           3-27   0.048   -20.3  0.000  0.097     48   47   15   
</div></pre>
</div>
<div class="tabbertab" title="Wins Based">
<pre><div id=data>

                                           -------Rating----------------  ----Rank----            
Rank Team                            W-L     KRS    SRS    S-Ix   WRS       S    W    SOS
========================================================================================
  1 Carleton ON                     28-5    0.960   12.9   0.920  1.000     6    1    2    
  2 Ottawa ON                       30-7    0.984   15.8   1.000  0.968     1    2    8    
  3 Victoria                        24-6    0.958   14.7   0.970  0.946     2    3    12   
  4 Saskatchewan                    29-5    0.925   14.5   0.964  0.886     3    4    46   
  5 Alberta                         23-7    0.915   14.5   0.963  0.866     4    5    28   
  6 Queen's ON                      26-8    0.897   13.5   0.937  0.858     5    6    20   
  7 Manitoba                        24-8    0.837   9.7    0.832  0.842     9    7    31   
  8 Brit Columbia                   20-8    0.823   10.1   0.843  0.803     7    8    23   
  9 Lakehead                        23-9    0.789   7.9    0.781  0.797     11   9    25   
 10 Winnipeg                        23-11   0.786   7.7    0.776  0.796     12   10   18   
 11 Brock                           19-11   0.794   9.9    0.837  0.751     8    11   7    
 12 Toronto                         19-11   0.772   8.5    0.798  0.747     10   12   9    
 13 Windsor                         18-9    0.752   7.6    0.772  0.732     14   13   32   
 14 UQAM                            18-12   0.732   7.7    0.775  0.690     13   14   6    
 15 Laurier                         20-12   0.668   3.2    0.649  0.687     18   15   33   
 16 McMaster                        17-13   0.701   5.7    0.721  0.680     15   16   3    
 17 Brandon                         18-13   0.687   4.8    0.696  0.678     17   17   13   
 18 UPEI                            21-11   0.632   1.1    0.593  0.670     22   18   41   
 19 Thompson Riv                    16-12   0.672   4.9    0.698  0.647     16   19   17   
 20 Trinity Western                 15-10   0.613   0.8    0.586  0.640     25   20   35   

                                           -------Rating----------------  ----Rank----            
Rank Team                            W-L     KRS    SRS    S-Ix   WRS       S    W    SOS
========================================================================================
 21 Laval                           16-11   0.572   -0.2   0.557  0.588     27   21   36   
 22 Regina                          16-17   0.587   1.3    0.599  0.575     21   22   11   
 23 Guelph                          13-13   0.578   1.5    0.602  0.553     20   23   21   
 24 Dalhousie                       20-15   0.557   0.0    0.563  0.550     26   24   44   
 25 Calgary                         16-15   0.545   -0.3   0.555  0.535     28   25   38   
 26 Western ON                      13-16   0.557   2.0    0.616  0.498     19   26   22   
 27 Bishop's                        14-15   0.540   0.9    0.586  0.494     24   27   29   
 28 Northern BC                     11-16   0.428   -5.5   0.410  0.445     32   28   26   
 29 McGill                           9-15   0.508   1.1    0.592  0.424     23   29   10   
 30 Fraser Val                      10-16   0.393   -6.8   0.375  0.411     35   30   30   
 31 Concordia QC                    10-19   0.463   -1.0   0.534  0.391     29   31   5    
 32 Cape Breton                     13-20   0.370   -6.4   0.384  0.356     34   32   43   
 33 Ryerson                          9-16   0.390   -4.8   0.430  0.350     31   33   40   
 34 Univ Lethbridge                  8-15   0.371   -6.0   0.397  0.345     33   34   37   
 35 UBC-Okanagan                     6-15   0.409   -3.1   0.477  0.340     30   35   14   
 36 York ON                          6-18   0.345   -7.1   0.365  0.324     36   36   1    
 37 Memorial                        10-16   0.310   -9.4   0.301  0.320     42   37   47   
 38 St Fran Xavier                  11-18   0.302   -10.0  0.286  0.318     43   38   45   
 39 Mt Royal                         8-21   0.322   -7.5   0.356  0.289     37   39   24   
 40 St Mary's NS                     7-18   0.279   -9.3   0.305  0.253     40   40   39   

                                           -------Rating----------------  ----Rank----            
Rank Team                            W-L     KRS    SRS    S-Ix   WRS       S    W    SOS
========================================================================================
 41 Nipissing                        5-21   0.271   -9.4   0.303  0.238     41   41   4    
 42 New Brunswick                    8-19   0.268   -9.0   0.313  0.224     39   42   48   
 43 Waterloo                         6-25   0.216   -11.5  0.246  0.185     44   43   19   
 44 Acadia                           6-20   0.166   -14.7  0.157  0.176     46   44   42   
 45 Ontario Tech                     4-22   0.251   -8.2   0.335  0.167     38   45   16   
 46 Laurentian                       5-24   0.194   -12.1  0.227  0.161     45   46   27   
 47 Algoma                           3-27   0.048   -20.3  0.000  0.097     48   47   15   
 48 Grant MacEwan                    1-24   0.005   -20.0  0.010  0.000     47   48   34   
</div></pre>
</div>
<div class="tabbertab" title="BCS">
<pre><div id=data>

                                           -------Rating----------------  ----Rank----            
Rank Team                            W-L     KRS    SRS    S-Ix   WRS       S    W    SOS
========================================================================================
  1 Ottawa ON                       30-7    0.984   15.8   1.000  0.968     1    2    8    
  2 Carleton ON                     28-5    0.960   12.9   0.920  1.000     6    1    2    
  3 Victoria                        24-6    0.958   14.7   0.970  0.946     2    3    12   
  4 Saskatchewan                    29-5    0.925   14.5   0.964  0.886     3    4    46   
  5 Alberta                         23-7    0.915   14.5   0.963  0.866     4    5    28   
  6 Queen's ON                      26-8    0.897   13.5   0.937  0.858     5    6    20   
  7 Manitoba                        24-8    0.837   9.7    0.832  0.842     9    7    31   
  8 Brit Columbia                   20-8    0.823   10.1   0.843  0.803     7    8    23   
  9 Brock                           19-11   0.794   9.9    0.837  0.751     8    11   7    
 10 Lakehead                        23-9    0.789   7.9    0.781  0.797     11   9    25   
 11 Winnipeg                        23-11   0.786   7.7    0.776  0.796     12   10   18   
 12 Toronto                         19-11   0.772   8.5    0.798  0.747     10   12   9    
 13 Windsor                         18-9    0.752   7.6    0.772  0.732     14   13   32   
 14 UQAM                            18-12   0.732   7.7    0.775  0.690     13   14   6    
 15 McMaster                        17-13   0.701   5.7    0.721  0.680     15   16   3    
 16 Brandon                         18-13   0.687   4.8    0.696  0.678     17   17   13   
 17 Thompson Riv                    16-12   0.672   4.9    0.698  0.647     16   19   17   
 18 Laurier                         20-12   0.668   3.2    0.649  0.687     18   15   33   
 19 UPEI                            21-11   0.632   1.1    0.593  0.670     22   18   41   
 20 Trinity Western                 15-10   0.613   0.8    0.586  0.640     25   20   35   

                                           -------Rating----------------  ----Rank----            
Rank Team                            W-L     KRS    SRS    S-Ix   WRS       S    W    SOS
========================================================================================
 21 Regina                          16-17   0.587   1.3    0.599  0.575     21   22   11   
 22 Guelph                          13-13   0.578   1.5    0.602  0.553     20   23   21   
 23 Laval                           16-11   0.572   -0.2   0.557  0.588     27   21   36   
 24 Western ON                      13-16   0.557   2.0    0.616  0.498     19   26   22   
 25 Dalhousie                       20-15   0.557   0.0    0.563  0.550     26   24   44   
 26 Calgary                         16-15   0.545   -0.3   0.555  0.535     28   25   38   
 27 Bishop's                        14-15   0.540   0.9    0.586  0.494     24   27   29   
 28 McGill                           9-15   0.508   1.1    0.592  0.424     23   29   10   
 29 Concordia QC                    10-19   0.463   -1.0   0.534  0.391     29   31   5    
 30 Northern BC                     11-16   0.428   -5.5   0.410  0.445     32   28   26   
 31 UBC-Okanagan                     6-15   0.409   -3.1   0.477  0.340     30   35   14   
 32 Fraser Val                      10-16   0.393   -6.8   0.375  0.411     35   30   30   
 33 Ryerson                          9-16   0.390   -4.8   0.430  0.350     31   33   40   
 34 Univ Lethbridge                  8-15   0.371   -6.0   0.397  0.345     33   34   37   
 35 Cape Breton                     13-20   0.370   -6.4   0.384  0.356     34   32   43   
 36 York ON                          6-18   0.345   -7.1   0.365  0.324     36   36   1    
 37 Mt Royal                         8-21   0.322   -7.5   0.356  0.289     37   39   24   
 38 Memorial                        10-16   0.310   -9.4   0.301  0.320     42   37   47   
 39 St Fran Xavier                  11-18   0.302   -10.0  0.286  0.318     43   38   45   
 40 St Mary's NS                     7-18   0.279   -9.3   0.305  0.253     40   40   39   

                                           -------Rating----------------  ----Rank----            
Rank Team                            W-L     KRS    SRS    S-Ix   WRS       S    W    SOS
========================================================================================
 41 Nipissing                        5-21   0.271   -9.4   0.303  0.238     41   41   4    
 42 New Brunswick                    8-19   0.268   -9.0   0.313  0.224     39   42   48   
 43 Ontario Tech                     4-22   0.251   -8.2   0.335  0.167     38   45   16   
 44 Waterloo                         6-25   0.216   -11.5  0.246  0.185     44   43   19   
 45 Laurentian                       5-24   0.194   -12.1  0.227  0.161     45   46   27   
 46 Acadia                           6-20   0.166   -14.7  0.157  0.176     46   44   42   
 47 Algoma                           3-27   0.048   -20.3  0.000  0.097     48   47   15   
 48 Grant MacEwan                    1-24   0.005   -20.0  0.010  0.000     47   48   34   
</div></pre>
</div>
<div class="tabbertab" title="SOS">
<pre><div id=data>

                                           -------Rating----------------  ----Rank----            
Rank Team                            W-L     KRS    SRS    S-Ix   WRS       S    W    SOS
========================================================================================
  1 York ON                          6-18   0.345   -7.1   0.365  0.324     36   36   1    
  2 Carleton ON                     28-5    0.960   12.9   0.920  1.000     6    1    2    
  3 McMaster                        17-13   0.701   5.7    0.721  0.680     15   16   3    
  4 Nipissing                        5-21   0.271   -9.4   0.303  0.238     41   41   4    
  5 Concordia QC                    10-19   0.463   -1.0   0.534  0.391     29   31   5    
  6 UQAM                            18-12   0.732   7.7    0.775  0.690     13   14   6    
  7 Brock                           19-11   0.794   9.9    0.837  0.751     8    11   7    
  8 Ottawa ON                       30-7    0.984   15.8   1.000  0.968     1    2    8    
  9 Toronto                         19-11   0.772   8.5    0.798  0.747     10   12   9    
 10 McGill                           9-15   0.508   1.1    0.592  0.424     23   29   10   
 11 Regina                          16-17   0.587   1.3    0.599  0.575     21   22   11   
 12 Victoria                        24-6    0.958   14.7   0.970  0.946     2    3    12   
 13 Brandon                         18-13   0.687   4.8    0.696  0.678     17   17   13   
 14 UBC-Okanagan                     6-15   0.409   -3.1   0.477  0.340     30   35   14   
 15 Algoma                           3-27   0.048   -20.3  0.000  0.097     48   47   15   
 16 Ontario Tech                     4-22   0.251   -8.2   0.335  0.167     38   45   16   
 17 Thompson Riv                    16-12   0.672   4.9    0.698  0.647     16   19   17   
 18 Winnipeg                        23-11   0.786   7.7    0.776  0.796     12   10   18   
 19 Waterloo                         6-25   0.216   -11.5  0.246  0.185     44   43   19   
 20 Queen's ON                      26-8    0.897   13.5   0.937  0.858     5    6    20   

                                           -------Rating----------------  ----Rank----            
Rank Team                            W-L     KRS    SRS    S-Ix   WRS       S    W    SOS
========================================================================================
 21 Guelph                          13-13   0.578   1.5    0.602  0.553     20   23   21   
 22 Western ON                      13-16   0.557   2.0    0.616  0.498     19   26   22   
 23 Brit Columbia                   20-8    0.823   10.1   0.843  0.803     7    8    23   
 24 Mt Royal                         8-21   0.322   -7.5   0.356  0.289     37   39   24   
 25 Lakehead                        23-9    0.789   7.9    0.781  0.797     11   9    25   
 26 Northern BC                     11-16   0.428   -5.5   0.410  0.445     32   28   26   
 27 Laurentian                       5-24   0.194   -12.1  0.227  0.161     45   46   27   
 28 Alberta                         23-7    0.915   14.5   0.963  0.866     4    5    28   
 29 Bishop's                        14-15   0.540   0.9    0.586  0.494     24   27   29   
 30 Fraser Val                      10-16   0.393   -6.8   0.375  0.411     35   30   30   
 31 Manitoba                        24-8    0.837   9.7    0.832  0.842     9    7    31   
 32 Windsor                         18-9    0.752   7.6    0.772  0.732     14   13   32   
 33 Laurier                         20-12   0.668   3.2    0.649  0.687     18   15   33   
 34 Grant MacEwan                    1-24   0.005   -20.0  0.010  0.000     47   48   34   
 35 Trinity Western                 15-10   0.613   0.8    0.586  0.640     25   20   35   
 36 Laval                           16-11   0.572   -0.2   0.557  0.588     27   21   36   
 37 Univ Lethbridge                  8-15   0.371   -6.0   0.397  0.345     33   34   37   
 38 Calgary                         16-15   0.545   -0.3   0.555  0.535     28   25   38   
 39 St Mary's NS                     7-18   0.279   -9.3   0.305  0.253     40   40   39   
 40 Ryerson                          9-16   0.390   -4.8   0.430  0.350     31   33   40   

                                           -------Rating----------------  ----Rank----            
Rank Team                            W-L     KRS    SRS    S-Ix   WRS       S    W    SOS
========================================================================================
 41 UPEI                            21-11   0.632   1.1    0.593  0.670     22   18   41   
 42 Acadia                           6-20   0.166   -14.7  0.157  0.176     46   44   42   
 43 Cape Breton                     13-20   0.370   -6.4   0.384  0.356     34   32   43   
 44 Dalhousie                       20-15   0.557   0.0    0.563  0.550     26   24   44   
 45 St Fran Xavier                  11-18   0.302   -10.0  0.286  0.318     43   38   45   
 46 Saskatchewan                    29-5    0.925   14.5   0.964  0.886     3    4    46   
 47 Memorial                        10-16   0.310   -9.4   0.301  0.320     42   37   47   
 48 New Brunswick                    8-19   0.268   -9.0   0.313  0.224     39   42   48   
</div></pre>
</div>
	</pre>
	</p>
	</span>
</body>
<body>
<h3>Other links</h3>
<h4>Home</h4>
	<ul>
			<li class="listyle"><a href="https://2skupz.github.io/index.html"> Index</a></li>
	</ul>
</body>
