<html>
<head>
<!-- Global Site Tag (gtag.js) - Google Analytics -->
<title>2023 U Sport Women's Baskeball Rankings</title>
<script type="text/javascript" src="tabber.js">
</script>
<link href="https://fonts.googleapis.com/css?family=Roboto+Slab|Droid+Sans+Mono" rel="stylesheet">
<style>
 body {
			font-family: "Roboto Slab", serif;
			font-size: 12px;
			}
#data {
			font-family: "Droid Sans Mono", serif;
			font-size: 13px;
		}
</style>
<link rel="stylesheet" href="tabbedPage.css" TYPE="text/css" MEDIA="screen">
</head>
<body bgcolor=#fbeec1>
<hr>
<table width=100%>
<tr><td align=left>
<h1 align="center">2023 U Sport Women's Baskeball Rankings</h1>
</td>
</tr></table>
<p>
Standings through 03.06.23
<hr>
<center>
<table width=100% border=1><tr>
<td valign=top>
<div class="tabber">
<div class="tabbertab" title="Ken Power Index">
<pre><div id=data>

                                           -------Rating----------------  ----Rank----            
Rank Team                            W-L     KRS    SRS    S-Ix   WRS       S    W    SOS
========================================================================================
  1 Ryerson                         18-4    0.941   22.5   1.000  0.882     1    3    14   
  2 Queen's ON                      23-2    0.916   12.8   0.833  1.000     8    1    31   
  3 Carleton ON                     22-3    0.890   11.9   0.818  0.962     9    2    29   
  4 Regina                          18-4    0.877   16.3   0.893  0.860     4    4    11   
  5 Ottawa ON                       19-5    0.876   16.9   0.904  0.848     3    5    39   
  6 Alberta                         18-5    0.876   17.7   0.918  0.834     2    7    9    
  7 Calgary                         15-8    0.820   14.5   0.863  0.778     6    12   1    
  8 Bishop's                        15-3    0.813   13.0   0.837  0.790     7    10   21   
  9 Fraser Val                      16-8    0.788   15.5   0.880  0.697     5    15   13   
 10 Acadia                          15-4    0.777   6.2    0.720  0.834     18   6    44   
 11 McMaster                        19-6    0.776   9.1    0.770  0.782     13   11   41   
 12 Winnipeg                        18-6    0.768   11.7   0.815  0.722     10   14   22   
 13 Waterloo                        18-6    0.761   6.5    0.725  0.796     17   9    35   
 14 St Fran Xavier                  16-4    0.751   4.5    0.690  0.812     21   8    47   
 15 Trinity Western                 14-9    0.739   11.5   0.811  0.668     11   16   3    
 16 Guelph                          17-7    0.706   4.0    0.682  0.730     22   13   40   

                                           -------Rating----------------  ----Rank----            
Rank Team                            W-L     KRS    SRS    S-Ix   WRS       S    W    SOS
========================================================================================
 17 Toronto                         15-9    0.689   6.8    0.730  0.648     16   17   36   
 18 Brit Columbia                   12-10   0.682   10.0   0.785  0.579     12   21   17   
 19 UQAM                            10-7    0.673   7.9    0.748  0.598     14   20   12   
 20 New Brunswick                   11-9    0.634   2.9    0.664  0.605     23   19   43   
 21 Laval                            9-8    0.629   7.0    0.733  0.525     15   25   16   
 22 UPEI                            12-8    0.618   -0.6   0.603  0.633     28   18   46   
 23 Victoria                        10-13   0.596   5.0    0.700  0.493     19   29   6    
 24 UBC-Okanagan                    10-11   0.589   2.1    0.649  0.530     24   24   10   
 25 Windsor                         13-11   0.577   -0.3   0.609  0.545     27   23   42   
 26 Brock                           13-11   0.575   -1.7   0.583  0.566     30   22   32   
 27 Mt Royal                        11-10   0.558   0.3    0.618  0.498     25   27   18   
 28 Univ Lethbridge                  7-13   0.533   4.8    0.696  0.369     20   34   15   
 29 Western ON                      11-12   0.524   -3.5   0.553  0.494     33   28   38   
 30 Cape Breton                      9-10   0.524   -3.9   0.546  0.501     34   26   45   
 31 Memorial                         9-9    0.506   -4.9   0.529  0.483     35   30   48   
 32 York ON                          9-14   0.501   -0.8   0.599  0.402     29   32   34   

                                           -------Rating----------------  ----Rank----            
Rank Team                            W-L     KRS    SRS    S-Ix   WRS       S    W    SOS
========================================================================================
 33 Northern BC                      8-13   0.495   0.1    0.616  0.373     26   33   19   
 34 Laurentian                       9-14   0.471   -6.8   0.496  0.445     37   31   25   
 35 Concordia QC                     5-12   0.442   -3.1   0.559  0.326     31   36   7    
 36 Manitoba                         7-15   0.432   -3.2   0.558  0.306     32   38   20   
 37 Laurier                          7-15   0.392   -9.2   0.456  0.328     39   35   37   
 38 McGill                           3-13   0.372   -5.3   0.523  0.221     36   39   8    
 39 Nipissing                        6-16   0.363   -11.7  0.412  0.315     40   37   27   
 40 Grant MacEwan                    2-18   0.309   -7.9   0.477  0.141     38   43   4    
 41 Thompson Riv                     4-18   0.289   -12.7  0.395  0.183     41   41   30   
 42 Saskatchewan                     3-15   0.249   -18.8  0.292  0.206     42   40   33   
 43 Ontario Tech                     3-19   0.224   -20.0  0.271  0.177     43   42   23   
 44 Lakehead                         3-19   0.194   -21.1  0.251  0.137     45   44   28   
 45 Brandon                          1-19   0.180   -20.6  0.260  0.100     44   46   2    
 46 Dalhousie                        1-18   0.151   -24.9  0.186  0.115     46   45   26   
 47 St Mary's NS                     2-19   0.130   -25.0  0.184  0.076     47   47   5    
 48 Algoma                           0-24   0.000   -35.7  0.000  0.000     48   48   24   
</div></pre>
</div>
<div class="tabbertab" title="Points Based">
<pre><div id=data>

                                           -------Rating----------------  ----Rank----            
Rank Team                            W-L     KRS    SRS    S-Ix   WRS       S    W    SOS
========================================================================================
  1 Ryerson                         18-4    0.941   22.5   1.000  0.882     1    3    14   
  2 Alberta                         18-5    0.876   17.7   0.918  0.834     2    7    9    
  3 Ottawa ON                       19-5    0.876   16.9   0.904  0.848     3    5    39   
  4 Regina                          18-4    0.877   16.3   0.893  0.860     4    4    11   
  5 Fraser Val                      16-8    0.788   15.5   0.880  0.697     5    15   13   
  6 Calgary                         15-8    0.820   14.5   0.863  0.778     6    12   1    
  7 Bishop's                        15-3    0.813   13.0   0.837  0.790     7    10   21   
  8 Queen's ON                      23-2    0.916   12.8   0.833  1.000     8    1    31   
  9 Carleton ON                     22-3    0.890   11.9   0.818  0.962     9    2    29   
 10 Winnipeg                        18-6    0.768   11.7   0.815  0.722     10   14   22   
 11 Trinity Western                 14-9    0.739   11.5   0.811  0.668     11   16   3    
 12 Brit Columbia                   12-10   0.682   10.0   0.785  0.579     12   21   17   
 13 McMaster                        19-6    0.776   9.1    0.770  0.782     13   11   41   
 14 UQAM                            10-7    0.673   7.9    0.748  0.598     14   20   12   
 15 Laval                            9-8    0.629   7.0    0.733  0.525     15   25   16   
 16 Toronto                         15-9    0.689   6.8    0.730  0.648     16   17   36   

                                           -------Rating----------------  ----Rank----            
Rank Team                            W-L     KRS    SRS    S-Ix   WRS       S    W    SOS
========================================================================================
 17 Waterloo                        18-6    0.761   6.5    0.725  0.796     17   9    35   
 18 Acadia                          15-4    0.777   6.2    0.720  0.834     18   6    44   
 19 Victoria                        10-13   0.596   5.0    0.700  0.493     19   29   6    
 20 Univ Lethbridge                  7-13   0.533   4.8    0.696  0.369     20   34   15   
 21 St Fran Xavier                  16-4    0.751   4.5    0.690  0.812     21   8    47   
 22 Guelph                          17-7    0.706   4.0    0.682  0.730     22   13   40   
 23 New Brunswick                   11-9    0.634   2.9    0.664  0.605     23   19   43   
 24 UBC-Okanagan                    10-11   0.589   2.1    0.649  0.530     24   24   10   
 25 Mt Royal                        11-10   0.558   0.3    0.618  0.498     25   27   18   
 26 Northern BC                      8-13   0.495   0.1    0.616  0.373     26   33   19   
 27 Windsor                         13-11   0.577   -0.3   0.609  0.545     27   23   42   
 28 UPEI                            12-8    0.618   -0.6   0.603  0.633     28   18   46   
 29 York ON                          9-14   0.501   -0.8   0.599  0.402     29   32   34   
 30 Brock                           13-11   0.575   -1.7   0.583  0.566     30   22   32   
 31 Concordia QC                     5-12   0.442   -3.1   0.559  0.326     31   36   7    
 32 Manitoba                         7-15   0.432   -3.2   0.558  0.306     32   38   20   

                                           -------Rating----------------  ----Rank----            
Rank Team                            W-L     KRS    SRS    S-Ix   WRS       S    W    SOS
========================================================================================
 33 Western ON                      11-12   0.524   -3.5   0.553  0.494     33   28   38   
 34 Cape Breton                      9-10   0.524   -3.9   0.546  0.501     34   26   45   
 35 Memorial                         9-9    0.506   -4.9   0.529  0.483     35   30   48   
 36 McGill                           3-13   0.372   -5.3   0.523  0.221     36   39   8    
 37 Laurentian                       9-14   0.471   -6.8   0.496  0.445     37   31   25   
 38 Grant MacEwan                    2-18   0.309   -7.9   0.477  0.141     38   43   4    
 39 Laurier                          7-15   0.392   -9.2   0.456  0.328     39   35   37   
 40 Nipissing                        6-16   0.363   -11.7  0.412  0.315     40   37   27   
 41 Thompson Riv                     4-18   0.289   -12.7  0.395  0.183     41   41   30   
 42 Saskatchewan                     3-15   0.249   -18.8  0.292  0.206     42   40   33   
 43 Ontario Tech                     3-19   0.224   -20.0  0.271  0.177     43   42   23   
 44 Brandon                          1-19   0.180   -20.6  0.260  0.100     44   46   2    
 45 Lakehead                         3-19   0.194   -21.1  0.251  0.137     45   44   28   
 46 Dalhousie                        1-18   0.151   -24.9  0.186  0.115     46   45   26   
 47 St Mary's NS                     2-19   0.130   -25.0  0.184  0.076     47   47   5    
 48 Algoma                           0-24   0.000   -35.7  0.000  0.000     48   48   24   
</div></pre>
</div>
<div class="tabbertab" title="Wins Based">
<pre><div id=data>

                                           -------Rating----------------  ----Rank----            
Rank Team                            W-L     KRS    SRS    S-Ix   WRS       S    W    SOS
========================================================================================
  1 Queen's ON                      23-2    0.916   12.8   0.833  1.000     8    1    31   
  2 Carleton ON                     22-3    0.890   11.9   0.818  0.962     9    2    29   
  3 Ryerson                         18-4    0.941   22.5   1.000  0.882     1    3    14   
  4 Regina                          18-4    0.877   16.3   0.893  0.860     4    4    11   
  5 Ottawa ON                       19-5    0.876   16.9   0.904  0.848     3    5    39   
  6 Acadia                          15-4    0.777   6.2    0.720  0.834     18   6    44   
  7 Alberta                         18-5    0.876   17.7   0.918  0.834     2    7    9    
  8 St Fran Xavier                  16-4    0.751   4.5    0.690  0.812     21   8    47   
  9 Waterloo                        18-6    0.761   6.5    0.725  0.796     17   9    35   
 10 Bishop's                        15-3    0.813   13.0   0.837  0.790     7    10   21   
 11 McMaster                        19-6    0.776   9.1    0.770  0.782     13   11   41   
 12 Calgary                         15-8    0.820   14.5   0.863  0.778     6    12   1    
 13 Guelph                          17-7    0.706   4.0    0.682  0.730     22   13   40   
 14 Winnipeg                        18-6    0.768   11.7   0.815  0.722     10   14   22   
 15 Fraser Val                      16-8    0.788   15.5   0.880  0.697     5    15   13   
 16 Trinity Western                 14-9    0.739   11.5   0.811  0.668     11   16   3    

                                           -------Rating----------------  ----Rank----            
Rank Team                            W-L     KRS    SRS    S-Ix   WRS       S    W    SOS
========================================================================================
 17 Toronto                         15-9    0.689   6.8    0.730  0.648     16   17   36   
 18 UPEI                            12-8    0.618   -0.6   0.603  0.633     28   18   46   
 19 New Brunswick                   11-9    0.634   2.9    0.664  0.605     23   19   43   
 20 UQAM                            10-7    0.673   7.9    0.748  0.598     14   20   12   
 21 Brit Columbia                   12-10   0.682   10.0   0.785  0.579     12   21   17   
 22 Brock                           13-11   0.575   -1.7   0.583  0.566     30   22   32   
 23 Windsor                         13-11   0.577   -0.3   0.609  0.545     27   23   42   
 24 UBC-Okanagan                    10-11   0.589   2.1    0.649  0.530     24   24   10   
 25 Laval                            9-8    0.629   7.0    0.733  0.525     15   25   16   
 26 Cape Breton                      9-10   0.524   -3.9   0.546  0.501     34   26   45   
 27 Mt Royal                        11-10   0.558   0.3    0.618  0.498     25   27   18   
 28 Western ON                      11-12   0.524   -3.5   0.553  0.494     33   28   38   
 29 Victoria                        10-13   0.596   5.0    0.700  0.493     19   29   6    
 30 Memorial                         9-9    0.506   -4.9   0.529  0.483     35   30   48   
 31 Laurentian                       9-14   0.471   -6.8   0.496  0.445     37   31   25   
 32 York ON                          9-14   0.501   -0.8   0.599  0.402     29   32   34   

                                           -------Rating----------------  ----Rank----            
Rank Team                            W-L     KRS    SRS    S-Ix   WRS       S    W    SOS
========================================================================================
 33 Northern BC                      8-13   0.495   0.1    0.616  0.373     26   33   19   
 34 Univ Lethbridge                  7-13   0.533   4.8    0.696  0.369     20   34   15   
 35 Laurier                          7-15   0.392   -9.2   0.456  0.328     39   35   37   
 36 Concordia QC                     5-12   0.442   -3.1   0.559  0.326     31   36   7    
 37 Nipissing                        6-16   0.363   -11.7  0.412  0.315     40   37   27   
 38 Manitoba                         7-15   0.432   -3.2   0.558  0.306     32   38   20   
 39 McGill                           3-13   0.372   -5.3   0.523  0.221     36   39   8    
 40 Saskatchewan                     3-15   0.249   -18.8  0.292  0.206     42   40   33   
 41 Thompson Riv                     4-18   0.289   -12.7  0.395  0.183     41   41   30   
 42 Ontario Tech                     3-19   0.224   -20.0  0.271  0.177     43   42   23   
 43 Grant MacEwan                    2-18   0.309   -7.9   0.477  0.141     38   43   4    
 44 Lakehead                         3-19   0.194   -21.1  0.251  0.137     45   44   28   
 45 Dalhousie                        1-18   0.151   -24.9  0.186  0.115     46   45   26   
 46 Brandon                          1-19   0.180   -20.6  0.260  0.100     44   46   2    
 47 St Mary's NS                     2-19   0.130   -25.0  0.184  0.076     47   47   5    
 48 Algoma                           0-24   0.000   -35.7  0.000  0.000     48   48   24   
</div></pre>
</div>
<div class="tabbertab" title="BCS">
<pre><div id=data>

                                           -------Rating----------------  ----Rank----            
Rank Team                            W-L     KRS    SRS    S-Ix   WRS       S    W    SOS
========================================================================================
  1 Ryerson                         18-4    0.941   22.5   1.000  0.882     1    3    14   
  2 Queen's ON                      23-2    0.916   12.8   0.833  1.000     8    1    31   
  3 Carleton ON                     22-3    0.890   11.9   0.818  0.962     9    2    29   
  4 Regina                          18-4    0.877   16.3   0.893  0.860     4    4    11   
  5 Ottawa ON                       19-5    0.876   16.9   0.904  0.848     3    5    39   
  6 Alberta                         18-5    0.876   17.7   0.918  0.834     2    7    9    
  7 Calgary                         15-8    0.820   14.5   0.863  0.778     6    12   1    
  8 Bishop's                        15-3    0.813   13.0   0.837  0.790     7    10   21   
  9 Fraser Val                      16-8    0.788   15.5   0.880  0.697     5    15   13   
 10 Acadia                          15-4    0.777   6.2    0.720  0.834     18   6    44   
 11 McMaster                        19-6    0.776   9.1    0.770  0.782     13   11   41   
 12 Winnipeg                        18-6    0.768   11.7   0.815  0.722     10   14   22   
 13 Waterloo                        18-6    0.761   6.5    0.725  0.796     17   9    35   
 14 St Fran Xavier                  16-4    0.751   4.5    0.690  0.812     21   8    47   
 15 Trinity Western                 14-9    0.739   11.5   0.811  0.668     11   16   3    
 16 Guelph                          17-7    0.706   4.0    0.682  0.730     22   13   40   

                                           -------Rating----------------  ----Rank----            
Rank Team                            W-L     KRS    SRS    S-Ix   WRS       S    W    SOS
========================================================================================
 17 Toronto                         15-9    0.689   6.8    0.730  0.648     16   17   36   
 18 Brit Columbia                   12-10   0.682   10.0   0.785  0.579     12   21   17   
 19 UQAM                            10-7    0.673   7.9    0.748  0.598     14   20   12   
 20 New Brunswick                   11-9    0.634   2.9    0.664  0.605     23   19   43   
 21 Laval                            9-8    0.629   7.0    0.733  0.525     15   25   16   
 22 UPEI                            12-8    0.618   -0.6   0.603  0.633     28   18   46   
 23 Victoria                        10-13   0.596   5.0    0.700  0.493     19   29   6    
 24 UBC-Okanagan                    10-11   0.589   2.1    0.649  0.530     24   24   10   
 25 Windsor                         13-11   0.577   -0.3   0.609  0.545     27   23   42   
 26 Brock                           13-11   0.575   -1.7   0.583  0.566     30   22   32   
 27 Mt Royal                        11-10   0.558   0.3    0.618  0.498     25   27   18   
 28 Univ Lethbridge                  7-13   0.533   4.8    0.696  0.369     20   34   15   
 29 Western ON                      11-12   0.524   -3.5   0.553  0.494     33   28   38   
 30 Cape Breton                      9-10   0.524   -3.9   0.546  0.501     34   26   45   
 31 Memorial                         9-9    0.506   -4.9   0.529  0.483     35   30   48   
 32 York ON                          9-14   0.501   -0.8   0.599  0.402     29   32   34   

                                           -------Rating----------------  ----Rank----            
Rank Team                            W-L     KRS    SRS    S-Ix   WRS       S    W    SOS
========================================================================================
 33 Northern BC                      8-13   0.495   0.1    0.616  0.373     26   33   19   
 34 Laurentian                       9-14   0.471   -6.8   0.496  0.445     37   31   25   
 35 Concordia QC                     5-12   0.442   -3.1   0.559  0.326     31   36   7    
 36 Manitoba                         7-15   0.432   -3.2   0.558  0.306     32   38   20   
 37 Laurier                          7-15   0.392   -9.2   0.456  0.328     39   35   37   
 38 McGill                           3-13   0.372   -5.3   0.523  0.221     36   39   8    
 39 Nipissing                        6-16   0.363   -11.7  0.412  0.315     40   37   27   
 40 Grant MacEwan                    2-18   0.309   -7.9   0.477  0.141     38   43   4    
 41 Thompson Riv                     4-18   0.289   -12.7  0.395  0.183     41   41   30   
 42 Saskatchewan                     3-15   0.249   -18.8  0.292  0.206     42   40   33   
 43 Ontario Tech                     3-19   0.224   -20.0  0.271  0.177     43   42   23   
 44 Lakehead                         3-19   0.194   -21.1  0.251  0.137     45   44   28   
 45 Brandon                          1-19   0.180   -20.6  0.260  0.100     44   46   2    
 46 Dalhousie                        1-18   0.151   -24.9  0.186  0.115     46   45   26   
 47 St Mary's NS                     2-19   0.130   -25.0  0.184  0.076     47   47   5    
 48 Algoma                           0-24   0.000   -35.7  0.000  0.000     48   48   24   
</div></pre>
</div>
<div class="tabbertab" title="SOS">
<pre><div id=data>

                                           -------Rating----------------  ----Rank----            
Rank Team                            W-L     KRS    SRS    S-Ix   WRS       S    W    SOS
========================================================================================
  1 Calgary                         15-8    0.820   14.5   0.863  0.778     6    12   1    
  2 Brandon                          1-19   0.180   -20.6  0.260  0.100     44   46   2    
  3 Trinity Western                 14-9    0.739   11.5   0.811  0.668     11   16   3    
  4 Grant MacEwan                    2-18   0.309   -7.9   0.477  0.141     38   43   4    
  5 St Mary's NS                     2-19   0.130   -25.0  0.184  0.076     47   47   5    
  6 Victoria                        10-13   0.596   5.0    0.700  0.493     19   29   6    
  7 Concordia QC                     5-12   0.442   -3.1   0.559  0.326     31   36   7    
  8 McGill                           3-13   0.372   -5.3   0.523  0.221     36   39   8    
  9 Alberta                         18-5    0.876   17.7   0.918  0.834     2    7    9    
 10 UBC-Okanagan                    10-11   0.589   2.1    0.649  0.530     24   24   10   
 11 Regina                          18-4    0.877   16.3   0.893  0.860     4    4    11   
 12 UQAM                            10-7    0.673   7.9    0.748  0.598     14   20   12   
 13 Fraser Val                      16-8    0.788   15.5   0.880  0.697     5    15   13   
 14 Ryerson                         18-4    0.941   22.5   1.000  0.882     1    3    14   
 15 Univ Lethbridge                  7-13   0.533   4.8    0.696  0.369     20   34   15   
 16 Laval                            9-8    0.629   7.0    0.733  0.525     15   25   16   

                                           -------Rating----------------  ----Rank----            
Rank Team                            W-L     KRS    SRS    S-Ix   WRS       S    W    SOS
========================================================================================
 17 Brit Columbia                   12-10   0.682   10.0   0.785  0.579     12   21   17   
 18 Mt Royal                        11-10   0.558   0.3    0.618  0.498     25   27   18   
 19 Northern BC                      8-13   0.495   0.1    0.616  0.373     26   33   19   
 20 Manitoba                         7-15   0.432   -3.2   0.558  0.306     32   38   20   
 21 Bishop's                        15-3    0.813   13.0   0.837  0.790     7    10   21   
 22 Winnipeg                        18-6    0.768   11.7   0.815  0.722     10   14   22   
 23 Ontario Tech                     3-19   0.224   -20.0  0.271  0.177     43   42   23   
 24 Algoma                           0-24   0.000   -35.7  0.000  0.000     48   48   24   
 25 Laurentian                       9-14   0.471   -6.8   0.496  0.445     37   31   25   
 26 Dalhousie                        1-18   0.151   -24.9  0.186  0.115     46   45   26   
 27 Nipissing                        6-16   0.363   -11.7  0.412  0.315     40   37   27   
 28 Lakehead                         3-19   0.194   -21.1  0.251  0.137     45   44   28   
 29 Carleton ON                     22-3    0.890   11.9   0.818  0.962     9    2    29   
 30 Thompson Riv                     4-18   0.289   -12.7  0.395  0.183     41   41   30   
 31 Queen's ON                      23-2    0.916   12.8   0.833  1.000     8    1    31   
 32 Brock                           13-11   0.575   -1.7   0.583  0.566     30   22   32   

                                           -------Rating----------------  ----Rank----            
Rank Team                            W-L     KRS    SRS    S-Ix   WRS       S    W    SOS
========================================================================================
 33 Saskatchewan                     3-15   0.249   -18.8  0.292  0.206     42   40   33   
 34 York ON                          9-14   0.501   -0.8   0.599  0.402     29   32   34   
 35 Waterloo                        18-6    0.761   6.5    0.725  0.796     17   9    35   
 36 Toronto                         15-9    0.689   6.8    0.730  0.648     16   17   36   
 37 Laurier                          7-15   0.392   -9.2   0.456  0.328     39   35   37   
 38 Western ON                      11-12   0.524   -3.5   0.553  0.494     33   28   38   
 39 Ottawa ON                       19-5    0.876   16.9   0.904  0.848     3    5    39   
 40 Guelph                          17-7    0.706   4.0    0.682  0.730     22   13   40   
 41 McMaster                        19-6    0.776   9.1    0.770  0.782     13   11   41   
 42 Windsor                         13-11   0.577   -0.3   0.609  0.545     27   23   42   
 43 New Brunswick                   11-9    0.634   2.9    0.664  0.605     23   19   43   
 44 Acadia                          15-4    0.777   6.2    0.720  0.834     18   6    44   
 45 Cape Breton                      9-10   0.524   -3.9   0.546  0.501     34   26   45   
 46 UPEI                            12-8    0.618   -0.6   0.603  0.633     28   18   46   
 47 St Fran Xavier                  16-4    0.751   4.5    0.690  0.812     21   8    47   
 48 Memorial                         9-9    0.506   -4.9   0.529  0.483     35   30   48   
</div></pre>
</div>
	</pre>
	</p>
	</span>
</body>
<body>
<h3>Other links</h3>
<h4>Home</h4>
	<ul>
			<li class="listyle"><a href="https://2skupz.github.io/index.html"> Index</a></li>
	</ul>
</body>
