<html>
<head>
<!-- Global Site Tag (gtag.js) - Google Analytics -->
<title>2023 U Sport Women's Baskeball Rankings</title>
<script type="text/javascript" src="tabber.js">
</script>
<link href="https://fonts.googleapis.com/css?family=Roboto+Slab|Droid+Sans+Mono" rel="stylesheet">
<style>
 body {
			font-family: "Roboto Slab", serif;
			font-size: 12px;
			}
#data {
			font-family: "Droid Sans Mono", serif;
			font-size: 13px;
		}
</style>
<link rel="stylesheet" href="tabbedPage.css" TYPE="text/css" MEDIA="screen">
</head>
<body bgcolor=#fbeec1>
<hr>
<table width=100%>
<tr><td align=left>
<h1 align="center">2023 U Sport Women's Baskeball Rankings</h1>
</td>
</tr></table>
<p>
Standings through 03.02.23
<hr>
<center>
<table width=100% border=1><tr>
<td valign=top>
<div class="tabber">
<div class="tabbertab" title="Ken Power Index">
<pre><div id=data>

                                           -------Rating----------------  ----Rank----            
Rank Team                            W-L     KRS    SRS    S-Ix   WRS       S    W    SOS
========================================================================================
  1 Ryerson                         18-4    0.937   22.4   1.000  0.875     1    3    13   
  2 Queen's ON                      22-1    0.921   13.2   0.842  1.000     8    1    37   
  3 Regina                          18-4    0.875   16.3   0.894  0.856     4    5    11   
  4 Ottawa ON                       19-5    0.872   16.8   0.904  0.840     3    6    38   
  5 Alberta                         17-5    0.859   17.3   0.912  0.806     2    8    9    
  6 Carleton ON                     20-3    0.858   10.8   0.801  0.915     11   2    32   
  7 Bishop's                        14-2    0.836   14.1   0.858  0.814     7    7    21   
  8 Calgary                         15-7    0.831   14.8   0.869  0.793     6    10   1    
  9 Acadia                          15-3    0.799   7.4    0.741  0.857     14   4    45   
 10 Fraser Val                      16-8    0.786   15.4   0.880  0.692     5    15   12   
 11 McMaster                        19-5    0.785   9.5    0.778  0.792     13   11   46   
 12 Winnipeg                        18-6    0.767   11.7   0.816  0.719     9    14   22   
 13 Waterloo                        18-5    0.766   6.4    0.726  0.805     18   9    41   
 14 Trinity Western                 14-9    0.736   11.4   0.811  0.661     10   16   3    
 15 St Fran Xavier                  15-4    0.734   4.3    0.689  0.780     21   12   48   
 16 Guelph                          17-7    0.704   3.9    0.682  0.726     22   13   40   

                                           -------Rating----------------  ----Rank----            
Rank Team                            W-L     KRS    SRS    S-Ix   WRS       S    W    SOS
========================================================================================
 17 Toronto                         15-9    0.686   6.7    0.730  0.642     17   17   34   
 18 Brit Columbia                   12-10   0.679   9.9    0.784  0.573     12   20   17   
 19 Laval                            9-7    0.640   7.0    0.735  0.544     15   22   18   
 20 New Brunswick                   11-9    0.636   3.4    0.673  0.600     23   19   39   
 21 UQAM                             8-7    0.632   6.9    0.733  0.531     16   24   14   
 22 UPEI                            12-8    0.622   -0.1   0.613  0.631     27   18   44   
 23 Victoria                        10-13   0.594   4.9    0.700  0.488     19   29   6    
 24 UBC-Okanagan                    10-11   0.587   2.0    0.649  0.526     24   25   10   
 25 Windsor                         13-11   0.576   -0.3   0.609  0.542     28   23   42   
 26 Brock                           13-11   0.573   -1.8   0.584  0.563     30   21   31   
 27 Mt Royal                        11-10   0.557   0.2    0.618  0.496     25   27   16   
 28 Univ Lethbridge                  7-13   0.531   4.7    0.697  0.366     20   34   15   
 29 Cape Breton                      9-10   0.529   -3.4   0.557  0.501     32   26   43   
 30 Western ON                      11-12   0.522   -3.6   0.553  0.491     33   28   36   
 31 Memorial                         9-9    0.508   -4.5   0.538  0.478     35   30   47   
 32 York ON                          9-14   0.500   -0.9   0.600  0.400     29   32   33   

                                           -------Rating----------------  ----Rank----            
Rank Team                            W-L     KRS    SRS    S-Ix   WRS       S    W    SOS
========================================================================================
 33 Northern BC                      8-13   0.494   0.1    0.616  0.372     26   33   19   
 34 Laurentian                       9-14   0.468   -6.9   0.496  0.440     37   31   26   
 35 Concordia QC                     5-11   0.439   -3.8   0.550  0.329     34   35   7    
 36 Manitoba                         7-15   0.430   -3.3   0.558  0.303     31   38   20   
 37 Laurier                          7-15   0.391   -9.2   0.456  0.325     39   36   35   
 38 McGill                           3-13   0.372   -5.3   0.523  0.221     36   39   8    
 39 Nipissing                        6-16   0.361   -11.8  0.412  0.310     40   37   27   
 40 Grant MacEwan                    2-18   0.309   -8.0   0.478  0.140     38   43   4    
 41 Thompson Riv                     4-18   0.289   -12.8  0.396  0.182     41   41   30   
 42 Saskatchewan                     3-15   0.253   -18.3  0.301  0.205     42   40   29   
 43 Ontario Tech                     3-19   0.222   -20.1  0.270  0.173     43   42   24   
 44 Lakehead                         3-19   0.194   -21.2  0.251  0.136     45   44   28   
 45 Brandon                          1-19   0.178   -20.7  0.259  0.098     44   46   2    
 46 Dalhousie                        1-18   0.153   -24.5  0.194  0.113     46   45   25   
 47 St Mary's NS                     2-19   0.130   -25.1  0.184  0.075     47   47   5    
 48 Algoma                           0-24   0.000   -35.8  0.000  0.000     48   48   23   
</div></pre>
</div>
<div class="tabbertab" title="Points Based">
<pre><div id=data>

                                           -------Rating----------------  ----Rank----            
Rank Team                            W-L     KRS    SRS    S-Ix   WRS       S    W    SOS
========================================================================================
  1 Ryerson                         18-4    0.937   22.4   1.000  0.875     1    3    13   
  2 Alberta                         17-5    0.859   17.3   0.912  0.806     2    8    9    
  3 Ottawa ON                       19-5    0.872   16.8   0.904  0.840     3    6    38   
  4 Regina                          18-4    0.875   16.3   0.894  0.856     4    5    11   
  5 Fraser Val                      16-8    0.786   15.4   0.880  0.692     5    15   12   
  6 Calgary                         15-7    0.831   14.8   0.869  0.793     6    10   1    
  7 Bishop's                        14-2    0.836   14.1   0.858  0.814     7    7    21   
  8 Queen's ON                      22-1    0.921   13.2   0.842  1.000     8    1    37   
  9 Winnipeg                        18-6    0.767   11.7   0.816  0.719     9    14   22   
 10 Trinity Western                 14-9    0.736   11.4   0.811  0.661     10   16   3    
 11 Carleton ON                     20-3    0.858   10.8   0.801  0.915     11   2    32   
 12 Brit Columbia                   12-10   0.679   9.9    0.784  0.573     12   20   17   
 13 McMaster                        19-5    0.785   9.5    0.778  0.792     13   11   46   
 14 Acadia                          15-3    0.799   7.4    0.741  0.857     14   4    45   
 15 Laval                            9-7    0.640   7.0    0.735  0.544     15   22   18   
 16 UQAM                             8-7    0.632   6.9    0.733  0.531     16   24   14   

                                           -------Rating----------------  ----Rank----            
Rank Team                            W-L     KRS    SRS    S-Ix   WRS       S    W    SOS
========================================================================================
 17 Toronto                         15-9    0.686   6.7    0.730  0.642     17   17   34   
 18 Waterloo                        18-5    0.766   6.4    0.726  0.805     18   9    41   
 19 Victoria                        10-13   0.594   4.9    0.700  0.488     19   29   6    
 20 Univ Lethbridge                  7-13   0.531   4.7    0.697  0.366     20   34   15   
 21 St Fran Xavier                  15-4    0.734   4.3    0.689  0.780     21   12   48   
 22 Guelph                          17-7    0.704   3.9    0.682  0.726     22   13   40   
 23 New Brunswick                   11-9    0.636   3.4    0.673  0.600     23   19   39   
 24 UBC-Okanagan                    10-11   0.587   2.0    0.649  0.526     24   25   10   
 25 Mt Royal                        11-10   0.557   0.2    0.618  0.496     25   27   16   
 26 Northern BC                      8-13   0.494   0.1    0.616  0.372     26   33   19   
 27 UPEI                            12-8    0.622   -0.1   0.613  0.631     27   18   44   
 28 Windsor                         13-11   0.576   -0.3   0.609  0.542     28   23   42   
 29 York ON                          9-14   0.500   -0.9   0.600  0.400     29   32   33   
 30 Brock                           13-11   0.573   -1.8   0.584  0.563     30   21   31   
 31 Manitoba                         7-15   0.430   -3.3   0.558  0.303     31   38   20   
 32 Cape Breton                      9-10   0.529   -3.4   0.557  0.501     32   26   43   

                                           -------Rating----------------  ----Rank----            
Rank Team                            W-L     KRS    SRS    S-Ix   WRS       S    W    SOS
========================================================================================
 33 Western ON                      11-12   0.522   -3.6   0.553  0.491     33   28   36   
 34 Concordia QC                     5-11   0.439   -3.8   0.550  0.329     34   35   7    
 35 Memorial                         9-9    0.508   -4.5   0.538  0.478     35   30   47   
 36 McGill                           3-13   0.372   -5.3   0.523  0.221     36   39   8    
 37 Laurentian                       9-14   0.468   -6.9   0.496  0.440     37   31   26   
 38 Grant MacEwan                    2-18   0.309   -8.0   0.478  0.140     38   43   4    
 39 Laurier                          7-15   0.391   -9.2   0.456  0.325     39   36   35   
 40 Nipissing                        6-16   0.361   -11.8  0.412  0.310     40   37   27   
 41 Thompson Riv                     4-18   0.289   -12.8  0.396  0.182     41   41   30   
 42 Saskatchewan                     3-15   0.253   -18.3  0.301  0.205     42   40   29   
 43 Ontario Tech                     3-19   0.222   -20.1  0.270  0.173     43   42   24   
 44 Brandon                          1-19   0.178   -20.7  0.259  0.098     44   46   2    
 45 Lakehead                         3-19   0.194   -21.2  0.251  0.136     45   44   28   
 46 Dalhousie                        1-18   0.153   -24.5  0.194  0.113     46   45   25   
 47 St Mary's NS                     2-19   0.130   -25.1  0.184  0.075     47   47   5    
 48 Algoma                           0-24   0.000   -35.8  0.000  0.000     48   48   23   
</div></pre>
</div>
<div class="tabbertab" title="Wins Based">
<pre><div id=data>

                                           -------Rating----------------  ----Rank----            
Rank Team                            W-L     KRS    SRS    S-Ix   WRS       S    W    SOS
========================================================================================
  1 Queen's ON                      22-1    0.921   13.2   0.842  1.000     8    1    37   
  2 Carleton ON                     20-3    0.858   10.8   0.801  0.915     11   2    32   
  3 Ryerson                         18-4    0.937   22.4   1.000  0.875     1    3    13   
  4 Acadia                          15-3    0.799   7.4    0.741  0.857     14   4    45   
  5 Regina                          18-4    0.875   16.3   0.894  0.856     4    5    11   
  6 Ottawa ON                       19-5    0.872   16.8   0.904  0.840     3    6    38   
  7 Bishop's                        14-2    0.836   14.1   0.858  0.814     7    7    21   
  8 Alberta                         17-5    0.859   17.3   0.912  0.806     2    8    9    
  9 Waterloo                        18-5    0.766   6.4    0.726  0.805     18   9    41   
 10 Calgary                         15-7    0.831   14.8   0.869  0.793     6    10   1    
 11 McMaster                        19-5    0.785   9.5    0.778  0.792     13   11   46   
 12 St Fran Xavier                  15-4    0.734   4.3    0.689  0.780     21   12   48   
 13 Guelph                          17-7    0.704   3.9    0.682  0.726     22   13   40   
 14 Winnipeg                        18-6    0.767   11.7   0.816  0.719     9    14   22   
 15 Fraser Val                      16-8    0.786   15.4   0.880  0.692     5    15   12   
 16 Trinity Western                 14-9    0.736   11.4   0.811  0.661     10   16   3    

                                           -------Rating----------------  ----Rank----            
Rank Team                            W-L     KRS    SRS    S-Ix   WRS       S    W    SOS
========================================================================================
 17 Toronto                         15-9    0.686   6.7    0.730  0.642     17   17   34   
 18 UPEI                            12-8    0.622   -0.1   0.613  0.631     27   18   44   
 19 New Brunswick                   11-9    0.636   3.4    0.673  0.600     23   19   39   
 20 Brit Columbia                   12-10   0.679   9.9    0.784  0.573     12   20   17   
 21 Brock                           13-11   0.573   -1.8   0.584  0.563     30   21   31   
 22 Laval                            9-7    0.640   7.0    0.735  0.544     15   22   18   
 23 Windsor                         13-11   0.576   -0.3   0.609  0.542     28   23   42   
 24 UQAM                             8-7    0.632   6.9    0.733  0.531     16   24   14   
 25 UBC-Okanagan                    10-11   0.587   2.0    0.649  0.526     24   25   10   
 26 Cape Breton                      9-10   0.529   -3.4   0.557  0.501     32   26   43   
 27 Mt Royal                        11-10   0.557   0.2    0.618  0.496     25   27   16   
 28 Western ON                      11-12   0.522   -3.6   0.553  0.491     33   28   36   
 29 Victoria                        10-13   0.594   4.9    0.700  0.488     19   29   6    
 30 Memorial                         9-9    0.508   -4.5   0.538  0.478     35   30   47   
 31 Laurentian                       9-14   0.468   -6.9   0.496  0.440     37   31   26   
 32 York ON                          9-14   0.500   -0.9   0.600  0.400     29   32   33   

                                           -------Rating----------------  ----Rank----            
Rank Team                            W-L     KRS    SRS    S-Ix   WRS       S    W    SOS
========================================================================================
 33 Northern BC                      8-13   0.494   0.1    0.616  0.372     26   33   19   
 34 Univ Lethbridge                  7-13   0.531   4.7    0.697  0.366     20   34   15   
 35 Concordia QC                     5-11   0.439   -3.8   0.550  0.329     34   35   7    
 36 Laurier                          7-15   0.391   -9.2   0.456  0.325     39   36   35   
 37 Nipissing                        6-16   0.361   -11.8  0.412  0.310     40   37   27   
 38 Manitoba                         7-15   0.430   -3.3   0.558  0.303     31   38   20   
 39 McGill                           3-13   0.372   -5.3   0.523  0.221     36   39   8    
 40 Saskatchewan                     3-15   0.253   -18.3  0.301  0.205     42   40   29   
 41 Thompson Riv                     4-18   0.289   -12.8  0.396  0.182     41   41   30   
 42 Ontario Tech                     3-19   0.222   -20.1  0.270  0.173     43   42   24   
 43 Grant MacEwan                    2-18   0.309   -8.0   0.478  0.140     38   43   4    
 44 Lakehead                         3-19   0.194   -21.2  0.251  0.136     45   44   28   
 45 Dalhousie                        1-18   0.153   -24.5  0.194  0.113     46   45   25   
 46 Brandon                          1-19   0.178   -20.7  0.259  0.098     44   46   2    
 47 St Mary's NS                     2-19   0.130   -25.1  0.184  0.075     47   47   5    
 48 Algoma                           0-24   0.000   -35.8  0.000  0.000     48   48   23   
</div></pre>
</div>
<div class="tabbertab" title="BCS">
<pre><div id=data>

                                           -------Rating----------------  ----Rank----            
Rank Team                            W-L     KRS    SRS    S-Ix   WRS       S    W    SOS
========================================================================================
  1 Ryerson                         18-4    0.937   22.4   1.000  0.875     1    3    13   
  2 Queen's ON                      22-1    0.921   13.2   0.842  1.000     8    1    37   
  3 Regina                          18-4    0.875   16.3   0.894  0.856     4    5    11   
  4 Ottawa ON                       19-5    0.872   16.8   0.904  0.840     3    6    38   
  5 Alberta                         17-5    0.859   17.3   0.912  0.806     2    8    9    
  6 Carleton ON                     20-3    0.858   10.8   0.801  0.915     11   2    32   
  7 Bishop's                        14-2    0.836   14.1   0.858  0.814     7    7    21   
  8 Calgary                         15-7    0.831   14.8   0.869  0.793     6    10   1    
  9 Acadia                          15-3    0.799   7.4    0.741  0.857     14   4    45   
 10 Fraser Val                      16-8    0.786   15.4   0.880  0.692     5    15   12   
 11 McMaster                        19-5    0.785   9.5    0.778  0.792     13   11   46   
 12 Winnipeg                        18-6    0.767   11.7   0.816  0.719     9    14   22   
 13 Waterloo                        18-5    0.766   6.4    0.726  0.805     18   9    41   
 14 Trinity Western                 14-9    0.736   11.4   0.811  0.661     10   16   3    
 15 St Fran Xavier                  15-4    0.734   4.3    0.689  0.780     21   12   48   
 16 Guelph                          17-7    0.704   3.9    0.682  0.726     22   13   40   

                                           -------Rating----------------  ----Rank----            
Rank Team                            W-L     KRS    SRS    S-Ix   WRS       S    W    SOS
========================================================================================
 17 Toronto                         15-9    0.686   6.7    0.730  0.642     17   17   34   
 18 Brit Columbia                   12-10   0.679   9.9    0.784  0.573     12   20   17   
 19 Laval                            9-7    0.640   7.0    0.735  0.544     15   22   18   
 20 New Brunswick                   11-9    0.636   3.4    0.673  0.600     23   19   39   
 21 UQAM                             8-7    0.632   6.9    0.733  0.531     16   24   14   
 22 UPEI                            12-8    0.622   -0.1   0.613  0.631     27   18   44   
 23 Victoria                        10-13   0.594   4.9    0.700  0.488     19   29   6    
 24 UBC-Okanagan                    10-11   0.587   2.0    0.649  0.526     24   25   10   
 25 Windsor                         13-11   0.576   -0.3   0.609  0.542     28   23   42   
 26 Brock                           13-11   0.573   -1.8   0.584  0.563     30   21   31   
 27 Mt Royal                        11-10   0.557   0.2    0.618  0.496     25   27   16   
 28 Univ Lethbridge                  7-13   0.531   4.7    0.697  0.366     20   34   15   
 29 Cape Breton                      9-10   0.529   -3.4   0.557  0.501     32   26   43   
 30 Western ON                      11-12   0.522   -3.6   0.553  0.491     33   28   36   
 31 Memorial                         9-9    0.508   -4.5   0.538  0.478     35   30   47   
 32 York ON                          9-14   0.500   -0.9   0.600  0.400     29   32   33   

                                           -------Rating----------------  ----Rank----            
Rank Team                            W-L     KRS    SRS    S-Ix   WRS       S    W    SOS
========================================================================================
 33 Northern BC                      8-13   0.494   0.1    0.616  0.372     26   33   19   
 34 Laurentian                       9-14   0.468   -6.9   0.496  0.440     37   31   26   
 35 Concordia QC                     5-11   0.439   -3.8   0.550  0.329     34   35   7    
 36 Manitoba                         7-15   0.430   -3.3   0.558  0.303     31   38   20   
 37 Laurier                          7-15   0.391   -9.2   0.456  0.325     39   36   35   
 38 McGill                           3-13   0.372   -5.3   0.523  0.221     36   39   8    
 39 Nipissing                        6-16   0.361   -11.8  0.412  0.310     40   37   27   
 40 Grant MacEwan                    2-18   0.309   -8.0   0.478  0.140     38   43   4    
 41 Thompson Riv                     4-18   0.289   -12.8  0.396  0.182     41   41   30   
 42 Saskatchewan                     3-15   0.253   -18.3  0.301  0.205     42   40   29   
 43 Ontario Tech                     3-19   0.222   -20.1  0.270  0.173     43   42   24   
 44 Lakehead                         3-19   0.194   -21.2  0.251  0.136     45   44   28   
 45 Brandon                          1-19   0.178   -20.7  0.259  0.098     44   46   2    
 46 Dalhousie                        1-18   0.153   -24.5  0.194  0.113     46   45   25   
 47 St Mary's NS                     2-19   0.130   -25.1  0.184  0.075     47   47   5    
 48 Algoma                           0-24   0.000   -35.8  0.000  0.000     48   48   23   
</div></pre>
</div>
<div class="tabbertab" title="SOS">
<pre><div id=data>

                                           -------Rating----------------  ----Rank----            
Rank Team                            W-L     KRS    SRS    S-Ix   WRS       S    W    SOS
========================================================================================
  1 Calgary                         15-7    0.831   14.8   0.869  0.793     6    10   1    
  2 Brandon                          1-19   0.178   -20.7  0.259  0.098     44   46   2    
  3 Trinity Western                 14-9    0.736   11.4   0.811  0.661     10   16   3    
  4 Grant MacEwan                    2-18   0.309   -8.0   0.478  0.140     38   43   4    
  5 St Mary's NS                     2-19   0.130   -25.1  0.184  0.075     47   47   5    
  6 Victoria                        10-13   0.594   4.9    0.700  0.488     19   29   6    
  7 Concordia QC                     5-11   0.439   -3.8   0.550  0.329     34   35   7    
  8 McGill                           3-13   0.372   -5.3   0.523  0.221     36   39   8    
  9 Alberta                         17-5    0.859   17.3   0.912  0.806     2    8    9    
 10 UBC-Okanagan                    10-11   0.587   2.0    0.649  0.526     24   25   10   
 11 Regina                          18-4    0.875   16.3   0.894  0.856     4    5    11   
 12 Fraser Val                      16-8    0.786   15.4   0.880  0.692     5    15   12   
 13 Ryerson                         18-4    0.937   22.4   1.000  0.875     1    3    13   
 14 UQAM                             8-7    0.632   6.9    0.733  0.531     16   24   14   
 15 Univ Lethbridge                  7-13   0.531   4.7    0.697  0.366     20   34   15   
 16 Mt Royal                        11-10   0.557   0.2    0.618  0.496     25   27   16   

                                           -------Rating----------------  ----Rank----            
Rank Team                            W-L     KRS    SRS    S-Ix   WRS       S    W    SOS
========================================================================================
 17 Brit Columbia                   12-10   0.679   9.9    0.784  0.573     12   20   17   
 18 Laval                            9-7    0.640   7.0    0.735  0.544     15   22   18   
 19 Northern BC                      8-13   0.494   0.1    0.616  0.372     26   33   19   
 20 Manitoba                         7-15   0.430   -3.3   0.558  0.303     31   38   20   
 21 Bishop's                        14-2    0.836   14.1   0.858  0.814     7    7    21   
 22 Winnipeg                        18-6    0.767   11.7   0.816  0.719     9    14   22   
 23 Algoma                           0-24   0.000   -35.8  0.000  0.000     48   48   23   
 24 Ontario Tech                     3-19   0.222   -20.1  0.270  0.173     43   42   24   
 25 Dalhousie                        1-18   0.153   -24.5  0.194  0.113     46   45   25   
 26 Laurentian                       9-14   0.468   -6.9   0.496  0.440     37   31   26   
 27 Nipissing                        6-16   0.361   -11.8  0.412  0.310     40   37   27   
 28 Lakehead                         3-19   0.194   -21.2  0.251  0.136     45   44   28   
 29 Saskatchewan                     3-15   0.253   -18.3  0.301  0.205     42   40   29   
 30 Thompson Riv                     4-18   0.289   -12.8  0.396  0.182     41   41   30   
 31 Brock                           13-11   0.573   -1.8   0.584  0.563     30   21   31   
 32 Carleton ON                     20-3    0.858   10.8   0.801  0.915     11   2    32   

                                           -------Rating----------------  ----Rank----            
Rank Team                            W-L     KRS    SRS    S-Ix   WRS       S    W    SOS
========================================================================================
 33 York ON                          9-14   0.500   -0.9   0.600  0.400     29   32   33   
 34 Toronto                         15-9    0.686   6.7    0.730  0.642     17   17   34   
 35 Laurier                          7-15   0.391   -9.2   0.456  0.325     39   36   35   
 36 Western ON                      11-12   0.522   -3.6   0.553  0.491     33   28   36   
 37 Queen's ON                      22-1    0.921   13.2   0.842  1.000     8    1    37   
 38 Ottawa ON                       19-5    0.872   16.8   0.904  0.840     3    6    38   
 39 New Brunswick                   11-9    0.636   3.4    0.673  0.600     23   19   39   
 40 Guelph                          17-7    0.704   3.9    0.682  0.726     22   13   40   
 41 Waterloo                        18-5    0.766   6.4    0.726  0.805     18   9    41   
 42 Windsor                         13-11   0.576   -0.3   0.609  0.542     28   23   42   
 43 Cape Breton                      9-10   0.529   -3.4   0.557  0.501     32   26   43   
 44 UPEI                            12-8    0.622   -0.1   0.613  0.631     27   18   44   
 45 Acadia                          15-3    0.799   7.4    0.741  0.857     14   4    45   
 46 McMaster                        19-5    0.785   9.5    0.778  0.792     13   11   46   
 47 Memorial                         9-9    0.508   -4.5   0.538  0.478     35   30   47   
 48 St Fran Xavier                  15-4    0.734   4.3    0.689  0.780     21   12   48   
</div></pre>
</div>
	</pre>
	</p>
	</span>
</body>
<body>
<h3>Other links</h3>
<h4>Home</h4>
	<ul>
			<li class="listyle"><a href="https://2skupz.github.io/index.html"> Index</a></li>
	</ul>
</body>
