<html>
<head>
<!-- Global Site Tag (gtag.js) - Google Analytics -->
<title>2023 U Sport Men's Basketball Rankings</title>
<script type="text/javascript" src="tabber.js">
</script>
<link href="https://fonts.googleapis.com/css?family=Roboto+Slab|Droid+Sans+Mono" rel="stylesheet">
<style>
 body {
			font-family: "Roboto Slab", serif;
			font-size: 12px;
			}
#data {
			font-family: "Droid Sans Mono", serif;
			font-size: 13px;
		}
</style>
<link rel="stylesheet" href="tabbedPage.css" TYPE="text/css" MEDIA="screen">
</head>
<body bgcolor=#fbeec1>
<hr>
<table width=100%>
<tr><td align=left>
<h1 align="center">2023 U Sport Men's Basketball Rankings</h1>
</td>
</tr></table>
<p>
Standings through 03.14.23
<hr>
<center>
<table width=100% border=1><tr>
<td valign=top>
<div class="tabber">
<div class="tabbertab" title="Ken Power Index">
<pre><div id=data>

                                           -------Rating----------------  ----Rank----            
Rank Team                            W-L     KRS    SRS    S-Ix   WRS       S    W    SOS
========================================================================================
  1 Victoria                        23-5    0.992   16.3   1.000  0.984     1    2    11   
  2 Ottawa ON                       28-7    0.962   14.8   0.961  0.963     3    3    13   
  3 Carleton ON                     26-5    0.950   12.6   0.901  1.000     6    1    9    
  4 Alberta                         23-7    0.928   14.9   0.963  0.893     2    6    22   
  5 Saskatchewan                    28-4    0.927   14.1   0.942  0.912     4    5    48   
  6 Queen's ON                      26-6    0.926   13.8   0.933  0.918     5    4    33   
  7 Manitoba                        24-8    0.848   10.0   0.829  0.867     8    7    27   
  8 Brit Columbia                   20-8    0.839   10.7   0.848  0.829     7    9    17   
  9 Winnipeg                        23-10   0.810   8.5    0.788  0.832     10   8    19   
 10 Brock                           19-11   0.797   9.8    0.824  0.770     9    11   7    
 11 Lakehead                        23-9    0.792   7.7    0.768  0.817     12   10   28   
 12 Toronto                         19-11   0.774   8.3    0.783  0.764     11   12   10   
 13 Windsor                         18-9    0.752   7.3    0.756  0.747     13   13   35   
 14 UQAM                            17-11   0.721   7.1    0.752  0.690     14   18   14   
 15 McMaster                        17-13   0.703   5.6    0.709  0.696     15   17   3    
 16 Brandon                         18-13   0.700   5.3    0.700  0.699     16   16   5    
 17 Thompson Riv                    16-12   0.675   4.8    0.688  0.662     17   19   18   
 18 Laurier                         20-12   0.669   2.9    0.636  0.703     18   14   36   
 19 UPEI                            21-10   0.635   0.4    0.567  0.702     25   15   42   
 20 Trinity Western                 15-10   0.627   1.3    0.593  0.661     21   20   29   

                                           -------Rating----------------  ----Rank----            
Rank Team                            W-L     KRS    SRS    S-Ix   WRS       S    W    SOS
========================================================================================
 21 Regina                          16-17   0.600   1.8    0.607  0.593     20   22   2    
 22 Guelph                          13-13   0.578   1.3    0.592  0.565     22   24   25   
 23 Laval                           16-11   0.572   -0.4   0.546  0.598     28   21   38   
 24 Western ON                      13-16   0.558   1.8    0.607  0.509     19   26   26   
 25 Dalhousie                       20-15   0.557   -0.3   0.548  0.566     27   23   44   
 26 Calgary                         16-15   0.555   0.0    0.559  0.551     26   25   37   
 27 Bishop's                        14-15   0.537   0.6    0.574  0.500     24   27   32   
 28 McGill                           9-15   0.504   0.8    0.579  0.429     23   29   12   
 29 Concordia QC                    10-19   0.460   -1.2   0.524  0.396     29   31   6    
 30 Northern BC                     11-16   0.441   -5.0   0.421  0.460     32   28   21   
 31 UBC-Okanagan                     6-15   0.420   -2.5   0.489  0.352     30   35   8    
 32 Fraser Val                      10-16   0.406   -6.3   0.386  0.425     34   30   23   
 33 Ryerson                          9-16   0.398   -4.5   0.436  0.360     31   33   40   
 34 Univ Lethbridge                  8-15   0.380   -5.6   0.406  0.354     33   34   34   
 35 Cape Breton                     13-20   0.369   -6.8   0.371  0.367     35   32   43   
 36 York ON                          6-18   0.344   -7.3   0.358  0.330     37   36   1    
 37 Mt Royal                         8-21   0.332   -7.0   0.367  0.298     36   39   20   
 38 Memorial                        10-16   0.311   -9.8   0.292  0.330     42   37   46   
 39 St Fran Xavier                  11-18   0.301   -10.4  0.275  0.327     43   38   45   
 40 St Mary's NS                     7-18   0.290   -8.8   0.318  0.262     39   40   39   

                                           -------Rating----------------  ----Rank----            
Rank Team                            W-L     KRS    SRS    S-Ix   WRS       S    W    SOS
========================================================================================
 41 Nipissing                        5-21   0.268   -9.6   0.297  0.239     41   41   4    
 42 New Brunswick                    8-19   0.267   -9.4   0.302  0.232     40   42   47   
 43 Ontario Tech                     4-22   0.248   -8.4   0.330  0.166     38   45   16   
 44 Waterloo                         6-25   0.213   -11.7  0.239  0.187     44   43   24   
 45 Laurentian                       5-24   0.190   -12.4  0.221  0.159     45   46   31   
 46 Acadia                           6-20   0.164   -15.1  0.147  0.182     46   44   41   
 47 Algoma                           3-27   0.047   -20.5  0.000  0.094     48   47   15   
 48 Grant MacEwan                    1-24   0.013   -19.6  0.025  0.000     47   48   30   
</div></pre>
</div>
<div class="tabbertab" title="Points Based">
<pre><div id=data>

                                           -------Rating----------------  ----Rank----            
Rank Team                            W-L     KRS    SRS    S-Ix   WRS       S    W    SOS
========================================================================================
  1 Victoria                        23-5    0.992   16.3   1.000  0.984     1    2    11   
  2 Alberta                         23-7    0.928   14.9   0.963  0.893     2    6    22   
  3 Ottawa ON                       28-7    0.962   14.8   0.961  0.963     3    3    13   
  4 Saskatchewan                    28-4    0.927   14.1   0.942  0.912     4    5    48   
  5 Queen's ON                      26-6    0.926   13.8   0.933  0.918     5    4    33   
  6 Carleton ON                     26-5    0.950   12.6   0.901  1.000     6    1    9    
  7 Brit Columbia                   20-8    0.839   10.7   0.848  0.829     7    9    17   
  8 Manitoba                        24-8    0.848   10.0   0.829  0.867     8    7    27   
  9 Brock                           19-11   0.797   9.8    0.824  0.770     9    11   7    
 10 Winnipeg                        23-10   0.810   8.5    0.788  0.832     10   8    19   
 11 Toronto                         19-11   0.774   8.3    0.783  0.764     11   12   10   
 12 Lakehead                        23-9    0.792   7.7    0.768  0.817     12   10   28   
 13 Windsor                         18-9    0.752   7.3    0.756  0.747     13   13   35   
 14 UQAM                            17-11   0.721   7.1    0.752  0.690     14   18   14   
 15 McMaster                        17-13   0.703   5.6    0.709  0.696     15   17   3    
 16 Brandon                         18-13   0.700   5.3    0.700  0.699     16   16   5    
 17 Thompson Riv                    16-12   0.675   4.8    0.688  0.662     17   19   18   
 18 Laurier                         20-12   0.669   2.9    0.636  0.703     18   14   36   
 19 Western ON                      13-16   0.558   1.8    0.607  0.509     19   26   26   
 20 Regina                          16-17   0.600   1.8    0.607  0.593     20   22   2    

                                           -------Rating----------------  ----Rank----            
Rank Team                            W-L     KRS    SRS    S-Ix   WRS       S    W    SOS
========================================================================================
 21 Trinity Western                 15-10   0.627   1.3    0.593  0.661     21   20   29   
 22 Guelph                          13-13   0.578   1.3    0.592  0.565     22   24   25   
 23 McGill                           9-15   0.504   0.8    0.579  0.429     23   29   12   
 24 Bishop's                        14-15   0.537   0.6    0.574  0.500     24   27   32   
 25 UPEI                            21-10   0.635   0.4    0.567  0.702     25   15   42   
 26 Calgary                         16-15   0.555   0.0    0.559  0.551     26   25   37   
 27 Dalhousie                       20-15   0.557   -0.3   0.548  0.566     27   23   44   
 28 Laval                           16-11   0.572   -0.4   0.546  0.598     28   21   38   
 29 Concordia QC                    10-19   0.460   -1.2   0.524  0.396     29   31   6    
 30 UBC-Okanagan                     6-15   0.420   -2.5   0.489  0.352     30   35   8    
 31 Ryerson                          9-16   0.398   -4.5   0.436  0.360     31   33   40   
 32 Northern BC                     11-16   0.441   -5.0   0.421  0.460     32   28   21   
 33 Univ Lethbridge                  8-15   0.380   -5.6   0.406  0.354     33   34   34   
 34 Fraser Val                      10-16   0.406   -6.3   0.386  0.425     34   30   23   
 35 Cape Breton                     13-20   0.369   -6.8   0.371  0.367     35   32   43   
 36 Mt Royal                         8-21   0.332   -7.0   0.367  0.298     36   39   20   
 37 York ON                          6-18   0.344   -7.3   0.358  0.330     37   36   1    
 38 Ontario Tech                     4-22   0.248   -8.4   0.330  0.166     38   45   16   
 39 St Mary's NS                     7-18   0.290   -8.8   0.318  0.262     39   40   39   
 40 New Brunswick                    8-19   0.267   -9.4   0.302  0.232     40   42   47   

                                           -------Rating----------------  ----Rank----            
Rank Team                            W-L     KRS    SRS    S-Ix   WRS       S    W    SOS
========================================================================================
 41 Nipissing                        5-21   0.268   -9.6   0.297  0.239     41   41   4    
 42 Memorial                        10-16   0.311   -9.8   0.292  0.330     42   37   46   
 43 St Fran Xavier                  11-18   0.301   -10.4  0.275  0.327     43   38   45   
 44 Waterloo                         6-25   0.213   -11.7  0.239  0.187     44   43   24   
 45 Laurentian                       5-24   0.190   -12.4  0.221  0.159     45   46   31   
 46 Acadia                           6-20   0.164   -15.1  0.147  0.182     46   44   41   
 47 Grant MacEwan                    1-24   0.013   -19.6  0.025  0.000     47   48   30   
 48 Algoma                           3-27   0.047   -20.5  0.000  0.094     48   47   15   
</div></pre>
</div>
<div class="tabbertab" title="Wins Based">
<pre><div id=data>

                                           -------Rating----------------  ----Rank----            
Rank Team                            W-L     KRS    SRS    S-Ix   WRS       S    W    SOS
========================================================================================
  1 Carleton ON                     26-5    0.950   12.6   0.901  1.000     6    1    9    
  2 Victoria                        23-5    0.992   16.3   1.000  0.984     1    2    11   
  3 Ottawa ON                       28-7    0.962   14.8   0.961  0.963     3    3    13   
  4 Queen's ON                      26-6    0.926   13.8   0.933  0.918     5    4    33   
  5 Saskatchewan                    28-4    0.927   14.1   0.942  0.912     4    5    48   
  6 Alberta                         23-7    0.928   14.9   0.963  0.893     2    6    22   
  7 Manitoba                        24-8    0.848   10.0   0.829  0.867     8    7    27   
  8 Winnipeg                        23-10   0.810   8.5    0.788  0.832     10   8    19   
  9 Brit Columbia                   20-8    0.839   10.7   0.848  0.829     7    9    17   
 10 Lakehead                        23-9    0.792   7.7    0.768  0.817     12   10   28   
 11 Brock                           19-11   0.797   9.8    0.824  0.770     9    11   7    
 12 Toronto                         19-11   0.774   8.3    0.783  0.764     11   12   10   
 13 Windsor                         18-9    0.752   7.3    0.756  0.747     13   13   35   
 14 Laurier                         20-12   0.669   2.9    0.636  0.703     18   14   36   
 15 UPEI                            21-10   0.635   0.4    0.567  0.702     25   15   42   
 16 Brandon                         18-13   0.700   5.3    0.700  0.699     16   16   5    
 17 McMaster                        17-13   0.703   5.6    0.709  0.696     15   17   3    
 18 UQAM                            17-11   0.721   7.1    0.752  0.690     14   18   14   
 19 Thompson Riv                    16-12   0.675   4.8    0.688  0.662     17   19   18   
 20 Trinity Western                 15-10   0.627   1.3    0.593  0.661     21   20   29   

                                           -------Rating----------------  ----Rank----            
Rank Team                            W-L     KRS    SRS    S-Ix   WRS       S    W    SOS
========================================================================================
 21 Laval                           16-11   0.572   -0.4   0.546  0.598     28   21   38   
 22 Regina                          16-17   0.600   1.8    0.607  0.593     20   22   2    
 23 Dalhousie                       20-15   0.557   -0.3   0.548  0.566     27   23   44   
 24 Guelph                          13-13   0.578   1.3    0.592  0.565     22   24   25   
 25 Calgary                         16-15   0.555   0.0    0.559  0.551     26   25   37   
 26 Western ON                      13-16   0.558   1.8    0.607  0.509     19   26   26   
 27 Bishop's                        14-15   0.537   0.6    0.574  0.500     24   27   32   
 28 Northern BC                     11-16   0.441   -5.0   0.421  0.460     32   28   21   
 29 McGill                           9-15   0.504   0.8    0.579  0.429     23   29   12   
 30 Fraser Val                      10-16   0.406   -6.3   0.386  0.425     34   30   23   
 31 Concordia QC                    10-19   0.460   -1.2   0.524  0.396     29   31   6    
 32 Cape Breton                     13-20   0.369   -6.8   0.371  0.367     35   32   43   
 33 Ryerson                          9-16   0.398   -4.5   0.436  0.360     31   33   40   
 34 Univ Lethbridge                  8-15   0.380   -5.6   0.406  0.354     33   34   34   
 35 UBC-Okanagan                     6-15   0.420   -2.5   0.489  0.352     30   35   8    
 36 York ON                          6-18   0.344   -7.3   0.358  0.330     37   36   1    
 37 Memorial                        10-16   0.311   -9.8   0.292  0.330     42   37   46   
 38 St Fran Xavier                  11-18   0.301   -10.4  0.275  0.327     43   38   45   
 39 Mt Royal                         8-21   0.332   -7.0   0.367  0.298     36   39   20   
 40 St Mary's NS                     7-18   0.290   -8.8   0.318  0.262     39   40   39   

                                           -------Rating----------------  ----Rank----            
Rank Team                            W-L     KRS    SRS    S-Ix   WRS       S    W    SOS
========================================================================================
 41 Nipissing                        5-21   0.268   -9.6   0.297  0.239     41   41   4    
 42 New Brunswick                    8-19   0.267   -9.4   0.302  0.232     40   42   47   
 43 Waterloo                         6-25   0.213   -11.7  0.239  0.187     44   43   24   
 44 Acadia                           6-20   0.164   -15.1  0.147  0.182     46   44   41   
 45 Ontario Tech                     4-22   0.248   -8.4   0.330  0.166     38   45   16   
 46 Laurentian                       5-24   0.190   -12.4  0.221  0.159     45   46   31   
 47 Algoma                           3-27   0.047   -20.5  0.000  0.094     48   47   15   
 48 Grant MacEwan                    1-24   0.013   -19.6  0.025  0.000     47   48   30   
</div></pre>
</div>
<div class="tabbertab" title="BCS">
<pre><div id=data>

                                           -------Rating----------------  ----Rank----            
Rank Team                            W-L     KRS    SRS    S-Ix   WRS       S    W    SOS
========================================================================================
  1 Victoria                        23-5    0.992   16.3   1.000  0.984     1    2    11   
  2 Ottawa ON                       28-7    0.962   14.8   0.961  0.963     3    3    13   
  3 Carleton ON                     26-5    0.950   12.6   0.901  1.000     6    1    9    
  4 Alberta                         23-7    0.928   14.9   0.963  0.893     2    6    22   
  5 Saskatchewan                    28-4    0.927   14.1   0.942  0.912     4    5    48   
  6 Queen's ON                      26-6    0.926   13.8   0.933  0.918     5    4    33   
  7 Manitoba                        24-8    0.848   10.0   0.829  0.867     8    7    27   
  8 Brit Columbia                   20-8    0.839   10.7   0.848  0.829     7    9    17   
  9 Winnipeg                        23-10   0.810   8.5    0.788  0.832     10   8    19   
 10 Brock                           19-11   0.797   9.8    0.824  0.770     9    11   7    
 11 Lakehead                        23-9    0.792   7.7    0.768  0.817     12   10   28   
 12 Toronto                         19-11   0.774   8.3    0.783  0.764     11   12   10   
 13 Windsor                         18-9    0.752   7.3    0.756  0.747     13   13   35   
 14 UQAM                            17-11   0.721   7.1    0.752  0.690     14   18   14   
 15 McMaster                        17-13   0.703   5.6    0.709  0.696     15   17   3    
 16 Brandon                         18-13   0.700   5.3    0.700  0.699     16   16   5    
 17 Thompson Riv                    16-12   0.675   4.8    0.688  0.662     17   19   18   
 18 Laurier                         20-12   0.669   2.9    0.636  0.703     18   14   36   
 19 UPEI                            21-10   0.635   0.4    0.567  0.702     25   15   42   
 20 Trinity Western                 15-10   0.627   1.3    0.593  0.661     21   20   29   

                                           -------Rating----------------  ----Rank----            
Rank Team                            W-L     KRS    SRS    S-Ix   WRS       S    W    SOS
========================================================================================
 21 Regina                          16-17   0.600   1.8    0.607  0.593     20   22   2    
 22 Guelph                          13-13   0.578   1.3    0.592  0.565     22   24   25   
 23 Laval                           16-11   0.572   -0.4   0.546  0.598     28   21   38   
 24 Western ON                      13-16   0.558   1.8    0.607  0.509     19   26   26   
 25 Dalhousie                       20-15   0.557   -0.3   0.548  0.566     27   23   44   
 26 Calgary                         16-15   0.555   0.0    0.559  0.551     26   25   37   
 27 Bishop's                        14-15   0.537   0.6    0.574  0.500     24   27   32   
 28 McGill                           9-15   0.504   0.8    0.579  0.429     23   29   12   
 29 Concordia QC                    10-19   0.460   -1.2   0.524  0.396     29   31   6    
 30 Northern BC                     11-16   0.441   -5.0   0.421  0.460     32   28   21   
 31 UBC-Okanagan                     6-15   0.420   -2.5   0.489  0.352     30   35   8    
 32 Fraser Val                      10-16   0.406   -6.3   0.386  0.425     34   30   23   
 33 Ryerson                          9-16   0.398   -4.5   0.436  0.360     31   33   40   
 34 Univ Lethbridge                  8-15   0.380   -5.6   0.406  0.354     33   34   34   
 35 Cape Breton                     13-20   0.369   -6.8   0.371  0.367     35   32   43   
 36 York ON                          6-18   0.344   -7.3   0.358  0.330     37   36   1    
 37 Mt Royal                         8-21   0.332   -7.0   0.367  0.298     36   39   20   
 38 Memorial                        10-16   0.311   -9.8   0.292  0.330     42   37   46   
 39 St Fran Xavier                  11-18   0.301   -10.4  0.275  0.327     43   38   45   
 40 St Mary's NS                     7-18   0.290   -8.8   0.318  0.262     39   40   39   

                                           -------Rating----------------  ----Rank----            
Rank Team                            W-L     KRS    SRS    S-Ix   WRS       S    W    SOS
========================================================================================
 41 Nipissing                        5-21   0.268   -9.6   0.297  0.239     41   41   4    
 42 New Brunswick                    8-19   0.267   -9.4   0.302  0.232     40   42   47   
 43 Ontario Tech                     4-22   0.248   -8.4   0.330  0.166     38   45   16   
 44 Waterloo                         6-25   0.213   -11.7  0.239  0.187     44   43   24   
 45 Laurentian                       5-24   0.190   -12.4  0.221  0.159     45   46   31   
 46 Acadia                           6-20   0.164   -15.1  0.147  0.182     46   44   41   
 47 Algoma                           3-27   0.047   -20.5  0.000  0.094     48   47   15   
 48 Grant MacEwan                    1-24   0.013   -19.6  0.025  0.000     47   48   30   
</div></pre>
</div>
<div class="tabbertab" title="SOS">
<pre><div id=data>

                                           -------Rating----------------  ----Rank----            
Rank Team                            W-L     KRS    SRS    S-Ix   WRS       S    W    SOS
========================================================================================
  1 York ON                          6-18   0.344   -7.3   0.358  0.330     37   36   1    
  2 Regina                          16-17   0.600   1.8    0.607  0.593     20   22   2    
  3 McMaster                        17-13   0.703   5.6    0.709  0.696     15   17   3    
  4 Nipissing                        5-21   0.268   -9.6   0.297  0.239     41   41   4    
  5 Brandon                         18-13   0.700   5.3    0.700  0.699     16   16   5    
  6 Concordia QC                    10-19   0.460   -1.2   0.524  0.396     29   31   6    
  7 Brock                           19-11   0.797   9.8    0.824  0.770     9    11   7    
  8 UBC-Okanagan                     6-15   0.420   -2.5   0.489  0.352     30   35   8    
  9 Carleton ON                     26-5    0.950   12.6   0.901  1.000     6    1    9    
 10 Toronto                         19-11   0.774   8.3    0.783  0.764     11   12   10   
 11 Victoria                        23-5    0.992   16.3   1.000  0.984     1    2    11   
 12 McGill                           9-15   0.504   0.8    0.579  0.429     23   29   12   
 13 Ottawa ON                       28-7    0.962   14.8   0.961  0.963     3    3    13   
 14 UQAM                            17-11   0.721   7.1    0.752  0.690     14   18   14   
 15 Algoma                           3-27   0.047   -20.5  0.000  0.094     48   47   15   
 16 Ontario Tech                     4-22   0.248   -8.4   0.330  0.166     38   45   16   
 17 Brit Columbia                   20-8    0.839   10.7   0.848  0.829     7    9    17   
 18 Thompson Riv                    16-12   0.675   4.8    0.688  0.662     17   19   18   
 19 Winnipeg                        23-10   0.810   8.5    0.788  0.832     10   8    19   
 20 Mt Royal                         8-21   0.332   -7.0   0.367  0.298     36   39   20   

                                           -------Rating----------------  ----Rank----            
Rank Team                            W-L     KRS    SRS    S-Ix   WRS       S    W    SOS
========================================================================================
 21 Northern BC                     11-16   0.441   -5.0   0.421  0.460     32   28   21   
 22 Alberta                         23-7    0.928   14.9   0.963  0.893     2    6    22   
 23 Fraser Val                      10-16   0.406   -6.3   0.386  0.425     34   30   23   
 24 Waterloo                         6-25   0.213   -11.7  0.239  0.187     44   43   24   
 25 Guelph                          13-13   0.578   1.3    0.592  0.565     22   24   25   
 26 Western ON                      13-16   0.558   1.8    0.607  0.509     19   26   26   
 27 Manitoba                        24-8    0.848   10.0   0.829  0.867     8    7    27   
 28 Lakehead                        23-9    0.792   7.7    0.768  0.817     12   10   28   
 29 Trinity Western                 15-10   0.627   1.3    0.593  0.661     21   20   29   
 30 Grant MacEwan                    1-24   0.013   -19.6  0.025  0.000     47   48   30   
 31 Laurentian                       5-24   0.190   -12.4  0.221  0.159     45   46   31   
 32 Bishop's                        14-15   0.537   0.6    0.574  0.500     24   27   32   
 33 Queen's ON                      26-6    0.926   13.8   0.933  0.918     5    4    33   
 34 Univ Lethbridge                  8-15   0.380   -5.6   0.406  0.354     33   34   34   
 35 Windsor                         18-9    0.752   7.3    0.756  0.747     13   13   35   
 36 Laurier                         20-12   0.669   2.9    0.636  0.703     18   14   36   
 37 Calgary                         16-15   0.555   0.0    0.559  0.551     26   25   37   
 38 Laval                           16-11   0.572   -0.4   0.546  0.598     28   21   38   
 39 St Mary's NS                     7-18   0.290   -8.8   0.318  0.262     39   40   39   
 40 Ryerson                          9-16   0.398   -4.5   0.436  0.360     31   33   40   

                                           -------Rating----------------  ----Rank----            
Rank Team                            W-L     KRS    SRS    S-Ix   WRS       S    W    SOS
========================================================================================
 41 Acadia                           6-20   0.164   -15.1  0.147  0.182     46   44   41   
 42 UPEI                            21-10   0.635   0.4    0.567  0.702     25   15   42   
 43 Cape Breton                     13-20   0.369   -6.8   0.371  0.367     35   32   43   
 44 Dalhousie                       20-15   0.557   -0.3   0.548  0.566     27   23   44   
 45 St Fran Xavier                  11-18   0.301   -10.4  0.275  0.327     43   38   45   
 46 Memorial                        10-16   0.311   -9.8   0.292  0.330     42   37   46   
 47 New Brunswick                    8-19   0.267   -9.4   0.302  0.232     40   42   47   
 48 Saskatchewan                    28-4    0.927   14.1   0.942  0.912     4    5    48   
</div></pre>
</div>
	</pre>
	</p>
	</span>
</body>
<body>
<h3>Other links</h3>
<h4>Home</h4>
	<ul>
			<li class="listyle"><a href="https://2skupz.github.io/index.html"> Index</a></li>
	</ul>
</body>
