<html>
<head>
<!-- Global Site Tag (gtag.js) - Google Analytics -->
<title>2023 U Sport Men's Basketball Rankings</title>
<script type="text/javascript" src="tabber.js">
</script>
<link href="https://fonts.googleapis.com/css?family=Roboto+Slab|Droid+Sans+Mono" rel="stylesheet">
<style>
 body {
			font-family: "Roboto Slab", serif;
			font-size: 12px;
			}
#data {
			font-family: "Droid Sans Mono", serif;
			font-size: 13px;
		}
</style>
<link rel="stylesheet" href="tabbedPage.css" TYPE="text/css" MEDIA="screen">
</head>
<body bgcolor=#fbeec1>
<hr>
<table width=100%>
<tr><td align=left>
<h1 align="center">2023 U Sport Men's Basketball Rankings</h1>
</td>
</tr></table>
<p>
Standings through 03.08.23
<hr>
<center>
<table width=100% border=1><tr>
<td valign=top>
<div class="tabber">
<div class="tabbertab" title="Ken Power Index">
<pre><div id=data>

                                           -------Rating----------------  ----Rank----            
Rank Team                            W-L     KRS    SRS    S-Ix   WRS       S    W    SOS
========================================================================================
  1 Victoria                        23-4    1.000   17.0   1.000  1.000     1    1    10   
  2 Ottawa ON                       28-6    0.951   14.9   0.945  0.957     3    3    15   
  3 Alberta                         23-7    0.917   15.1   0.950  0.884     2    4    22   
  4 Carleton ON                     25-5    0.915   12.2   0.872  0.958     6    2    12   
  5 Queen's ON                      25-6    0.890   13.3   0.901  0.880     5    5    34   
  6 Saskatchewan                    27-4    0.888   13.6   0.909  0.867     4    6    48   
  7 Manitoba                        24-8    0.838   10.2   0.818  0.857     8    7    24   
  8 Brit Columbia                   20-8    0.831   11.0   0.839  0.823     7    9    13   
  9 Winnipeg                        23-9    0.816   8.9    0.785  0.847     10   8    19   
 10 Brock                           19-11   0.778   9.7    0.806  0.751     9    11   7    
 11 Lakehead                        23-9    0.772   7.6    0.750  0.795     12   10   30   
 12 Toronto                         19-11   0.755   8.2    0.766  0.743     11   12   9    
 13 Windsor                         18-9    0.731   7.2    0.738  0.725     13   13   36   
 14 Brandon                         18-13   0.694   5.5    0.693  0.694     15   14   4    
 15 McMaster                        17-13   0.684   5.5    0.693  0.675     16   17   5    
 16 UQAM                            16-11   0.684   6.8    0.728  0.640     14   20   18   
 17 Thompson Riv                    16-12   0.658   4.7    0.672  0.643     17   19   21   
 18 Laurier                         20-12   0.650   2.7    0.620  0.679     18   16   37   
 19 UPEI                            21-9    0.626   0.6    0.562  0.690     24   15   44   
 20 Trinity Western                 15-10   0.623   1.6    0.589  0.656     21   18   26   

                                           -------Rating----------------  ----Rank----            
Rank Team                            W-L     KRS    SRS    S-Ix   WRS       S    W    SOS
========================================================================================
 21 Regina                          16-17   0.597   2.1    0.603  0.591     19   21   2    
 22 Guelph                          13-13   0.561   1.1    0.577  0.544     22   24   28   
 23 Laval                           16-11   0.552   -0.6   0.533  0.572     28   22   39   
 24 Calgary                         16-15   0.548   0.2    0.553  0.543     26   25   35   
 25 Western ON                      13-16   0.541   1.7    0.593  0.490     20   26   27   
 26 Dalhousie                       20-15   0.541   -0.4   0.536  0.546     27   23   43   
 27 Bishop's                        14-15   0.516   0.4    0.559  0.473     25   27   33   
 28 McGill                           9-15   0.482   0.6    0.563  0.402     23   30   11   
 29 Concordia QC                    10-19   0.440   -1.4   0.510  0.370     29   31   8    
 30 Northern BC                     11-16   0.440   -4.7   0.422  0.458     32   28   17   
 31 UBC-Okanagan                     6-15   0.420   -2.2   0.489  0.350     30   34   3    
 32 Fraser Val                      10-16   0.405   -6.0   0.388  0.423     34   29   23   
 33 Ryerson                          9-16   0.394   -4.3   0.434  0.354     31   32   40   
 34 Univ Lethbridge                  8-15   0.378   -5.3   0.406  0.351     33   33   31   
 35 Cape Breton                     13-20   0.354   -7.0   0.362  0.346     36   35   42   
 36 Mt Royal                         8-21   0.332   -6.8   0.368  0.295     35   39   14   
 37 York ON                          6-18   0.330   -7.5   0.349  0.311     37   36   1    
 38 Memorial                        10-16   0.298   -9.9   0.285  0.311     42   37   46   
 39 St Mary's NS                     7-18   0.292   -8.5   0.322  0.262     39   40   38   
 40 St Fran Xavier                  11-18   0.289   -10.5  0.269  0.309     43   38   45   

                                           -------Rating----------------  ----Rank----            
Rank Team                            W-L     KRS    SRS    S-Ix   WRS       S    W    SOS
========================================================================================
 41 Nipissing                        5-21   0.254   -9.8   0.288  0.220     41   41   6    
 42 New Brunswick                    8-19   0.254   -9.5   0.294  0.213     40   42   47   
 43 Ontario Tech                     4-22   0.236   -8.5   0.322  0.150     38   45   20   
 44 Waterloo                         6-25   0.200   -11.9  0.233  0.168     44   43   25   
 45 Laurentian                       5-24   0.178   -12.5  0.215  0.141     45   46   32   
 46 Acadia                           6-20   0.153   -15.2  0.143  0.163     46   44   41   
 47 Algoma                           3-27   0.040   -20.6  0.000  0.079     48   47   16   
 48 Grant MacEwan                    1-24   0.017   -19.3  0.034  0.000     47   48   29   
</div></pre>
</div>
<div class="tabbertab" title="Points Based">
<pre><div id=data>

                                           -------Rating----------------  ----Rank----            
Rank Team                            W-L     KRS    SRS    S-Ix   WRS       S    W    SOS
========================================================================================
  1 Victoria                        23-4    1.000   17.0   1.000  1.000     1    1    10   
  2 Alberta                         23-7    0.917   15.1   0.950  0.884     2    4    22   
  3 Ottawa ON                       28-6    0.951   14.9   0.945  0.957     3    3    15   
  4 Saskatchewan                    27-4    0.888   13.6   0.909  0.867     4    6    48   
  5 Queen's ON                      25-6    0.890   13.3   0.901  0.880     5    5    34   
  6 Carleton ON                     25-5    0.915   12.2   0.872  0.958     6    2    12   
  7 Brit Columbia                   20-8    0.831   11.0   0.839  0.823     7    9    13   
  8 Manitoba                        24-8    0.838   10.2   0.818  0.857     8    7    24   
  9 Brock                           19-11   0.778   9.7    0.806  0.751     9    11   7    
 10 Winnipeg                        23-9    0.816   8.9    0.785  0.847     10   8    19   
 11 Toronto                         19-11   0.755   8.2    0.766  0.743     11   12   9    
 12 Lakehead                        23-9    0.772   7.6    0.750  0.795     12   10   30   
 13 Windsor                         18-9    0.731   7.2    0.738  0.725     13   13   36   
 14 UQAM                            16-11   0.684   6.8    0.728  0.640     14   20   18   
 15 Brandon                         18-13   0.694   5.5    0.693  0.694     15   14   4    
 16 McMaster                        17-13   0.684   5.5    0.693  0.675     16   17   5    
 17 Thompson Riv                    16-12   0.658   4.7    0.672  0.643     17   19   21   
 18 Laurier                         20-12   0.650   2.7    0.620  0.679     18   16   37   
 19 Regina                          16-17   0.597   2.1    0.603  0.591     19   21   2    
 20 Western ON                      13-16   0.541   1.7    0.593  0.490     20   26   27   

                                           -------Rating----------------  ----Rank----            
Rank Team                            W-L     KRS    SRS    S-Ix   WRS       S    W    SOS
========================================================================================
 21 Trinity Western                 15-10   0.623   1.6    0.589  0.656     21   18   26   
 22 Guelph                          13-13   0.561   1.1    0.577  0.544     22   24   28   
 23 McGill                           9-15   0.482   0.6    0.563  0.402     23   30   11   
 24 UPEI                            21-9    0.626   0.6    0.562  0.690     24   15   44   
 25 Bishop's                        14-15   0.516   0.4    0.559  0.473     25   27   33   
 26 Calgary                         16-15   0.548   0.2    0.553  0.543     26   25   35   
 27 Dalhousie                       20-15   0.541   -0.4   0.536  0.546     27   23   43   
 28 Laval                           16-11   0.552   -0.6   0.533  0.572     28   22   39   
 29 Concordia QC                    10-19   0.440   -1.4   0.510  0.370     29   31   8    
 30 UBC-Okanagan                     6-15   0.420   -2.2   0.489  0.350     30   34   3    
 31 Ryerson                          9-16   0.394   -4.3   0.434  0.354     31   32   40   
 32 Northern BC                     11-16   0.440   -4.7   0.422  0.458     32   28   17   
 33 Univ Lethbridge                  8-15   0.378   -5.3   0.406  0.351     33   33   31   
 34 Fraser Val                      10-16   0.405   -6.0   0.388  0.423     34   29   23   
 35 Mt Royal                         8-21   0.332   -6.8   0.368  0.295     35   39   14   
 36 Cape Breton                     13-20   0.354   -7.0   0.362  0.346     36   35   42   
 37 York ON                          6-18   0.330   -7.5   0.349  0.311     37   36   1    
 38 Ontario Tech                     4-22   0.236   -8.5   0.322  0.150     38   45   20   
 39 St Mary's NS                     7-18   0.292   -8.5   0.322  0.262     39   40   38   
 40 New Brunswick                    8-19   0.254   -9.5   0.294  0.213     40   42   47   

                                           -------Rating----------------  ----Rank----            
Rank Team                            W-L     KRS    SRS    S-Ix   WRS       S    W    SOS
========================================================================================
 41 Nipissing                        5-21   0.254   -9.8   0.288  0.220     41   41   6    
 42 Memorial                        10-16   0.298   -9.9   0.285  0.311     42   37   46   
 43 St Fran Xavier                  11-18   0.289   -10.5  0.269  0.309     43   38   45   
 44 Waterloo                         6-25   0.200   -11.9  0.233  0.168     44   43   25   
 45 Laurentian                       5-24   0.178   -12.5  0.215  0.141     45   46   32   
 46 Acadia                           6-20   0.153   -15.2  0.143  0.163     46   44   41   
 47 Grant MacEwan                    1-24   0.017   -19.3  0.034  0.000     47   48   29   
 48 Algoma                           3-27   0.040   -20.6  0.000  0.079     48   47   16   
</div></pre>
</div>
<div class="tabbertab" title="Wins Based">
<pre><div id=data>

                                           -------Rating----------------  ----Rank----            
Rank Team                            W-L     KRS    SRS    S-Ix   WRS       S    W    SOS
========================================================================================
  1 Victoria                        23-4    1.000   17.0   1.000  1.000     1    1    10   
  2 Carleton ON                     25-5    0.915   12.2   0.872  0.958     6    2    12   
  3 Ottawa ON                       28-6    0.951   14.9   0.945  0.957     3    3    15   
  4 Alberta                         23-7    0.917   15.1   0.950  0.884     2    4    22   
  5 Queen's ON                      25-6    0.890   13.3   0.901  0.880     5    5    34   
  6 Saskatchewan                    27-4    0.888   13.6   0.909  0.867     4    6    48   
  7 Manitoba                        24-8    0.838   10.2   0.818  0.857     8    7    24   
  8 Winnipeg                        23-9    0.816   8.9    0.785  0.847     10   8    19   
  9 Brit Columbia                   20-8    0.831   11.0   0.839  0.823     7    9    13   
 10 Lakehead                        23-9    0.772   7.6    0.750  0.795     12   10   30   
 11 Brock                           19-11   0.778   9.7    0.806  0.751     9    11   7    
 12 Toronto                         19-11   0.755   8.2    0.766  0.743     11   12   9    
 13 Windsor                         18-9    0.731   7.2    0.738  0.725     13   13   36   
 14 Brandon                         18-13   0.694   5.5    0.693  0.694     15   14   4    
 15 UPEI                            21-9    0.626   0.6    0.562  0.690     24   15   44   
 16 Laurier                         20-12   0.650   2.7    0.620  0.679     18   16   37   
 17 McMaster                        17-13   0.684   5.5    0.693  0.675     16   17   5    
 18 Trinity Western                 15-10   0.623   1.6    0.589  0.656     21   18   26   
 19 Thompson Riv                    16-12   0.658   4.7    0.672  0.643     17   19   21   
 20 UQAM                            16-11   0.684   6.8    0.728  0.640     14   20   18   

                                           -------Rating----------------  ----Rank----            
Rank Team                            W-L     KRS    SRS    S-Ix   WRS       S    W    SOS
========================================================================================
 21 Regina                          16-17   0.597   2.1    0.603  0.591     19   21   2    
 22 Laval                           16-11   0.552   -0.6   0.533  0.572     28   22   39   
 23 Dalhousie                       20-15   0.541   -0.4   0.536  0.546     27   23   43   
 24 Guelph                          13-13   0.561   1.1    0.577  0.544     22   24   28   
 25 Calgary                         16-15   0.548   0.2    0.553  0.543     26   25   35   
 26 Western ON                      13-16   0.541   1.7    0.593  0.490     20   26   27   
 27 Bishop's                        14-15   0.516   0.4    0.559  0.473     25   27   33   
 28 Northern BC                     11-16   0.440   -4.7   0.422  0.458     32   28   17   
 29 Fraser Val                      10-16   0.405   -6.0   0.388  0.423     34   29   23   
 30 McGill                           9-15   0.482   0.6    0.563  0.402     23   30   11   
 31 Concordia QC                    10-19   0.440   -1.4   0.510  0.370     29   31   8    
 32 Ryerson                          9-16   0.394   -4.3   0.434  0.354     31   32   40   
 33 Univ Lethbridge                  8-15   0.378   -5.3   0.406  0.351     33   33   31   
 34 UBC-Okanagan                     6-15   0.420   -2.2   0.489  0.350     30   34   3    
 35 Cape Breton                     13-20   0.354   -7.0   0.362  0.346     36   35   42   
 36 York ON                          6-18   0.330   -7.5   0.349  0.311     37   36   1    
 37 Memorial                        10-16   0.298   -9.9   0.285  0.311     42   37   46   
 38 St Fran Xavier                  11-18   0.289   -10.5  0.269  0.309     43   38   45   
 39 Mt Royal                         8-21   0.332   -6.8   0.368  0.295     35   39   14   
 40 St Mary's NS                     7-18   0.292   -8.5   0.322  0.262     39   40   38   

                                           -------Rating----------------  ----Rank----            
Rank Team                            W-L     KRS    SRS    S-Ix   WRS       S    W    SOS
========================================================================================
 41 Nipissing                        5-21   0.254   -9.8   0.288  0.220     41   41   6    
 42 New Brunswick                    8-19   0.254   -9.5   0.294  0.213     40   42   47   
 43 Waterloo                         6-25   0.200   -11.9  0.233  0.168     44   43   25   
 44 Acadia                           6-20   0.153   -15.2  0.143  0.163     46   44   41   
 45 Ontario Tech                     4-22   0.236   -8.5   0.322  0.150     38   45   20   
 46 Laurentian                       5-24   0.178   -12.5  0.215  0.141     45   46   32   
 47 Algoma                           3-27   0.040   -20.6  0.000  0.079     48   47   16   
 48 Grant MacEwan                    1-24   0.017   -19.3  0.034  0.000     47   48   29   
</div></pre>
</div>
<div class="tabbertab" title="BCS">
<pre><div id=data>

                                           -------Rating----------------  ----Rank----            
Rank Team                            W-L     KRS    SRS    S-Ix   WRS       S    W    SOS
========================================================================================
  1 Victoria                        23-4    1.000   17.0   1.000  1.000     1    1    10   
  2 Ottawa ON                       28-6    0.951   14.9   0.945  0.957     3    3    15   
  3 Alberta                         23-7    0.917   15.1   0.950  0.884     2    4    22   
  4 Carleton ON                     25-5    0.915   12.2   0.872  0.958     6    2    12   
  5 Queen's ON                      25-6    0.890   13.3   0.901  0.880     5    5    34   
  6 Saskatchewan                    27-4    0.888   13.6   0.909  0.867     4    6    48   
  7 Manitoba                        24-8    0.838   10.2   0.818  0.857     8    7    24   
  8 Brit Columbia                   20-8    0.831   11.0   0.839  0.823     7    9    13   
  9 Winnipeg                        23-9    0.816   8.9    0.785  0.847     10   8    19   
 10 Brock                           19-11   0.778   9.7    0.806  0.751     9    11   7    
 11 Lakehead                        23-9    0.772   7.6    0.750  0.795     12   10   30   
 12 Toronto                         19-11   0.755   8.2    0.766  0.743     11   12   9    
 13 Windsor                         18-9    0.731   7.2    0.738  0.725     13   13   36   
 14 Brandon                         18-13   0.694   5.5    0.693  0.694     15   14   4    
 15 McMaster                        17-13   0.684   5.5    0.693  0.675     16   17   5    
 16 UQAM                            16-11   0.684   6.8    0.728  0.640     14   20   18   
 17 Thompson Riv                    16-12   0.658   4.7    0.672  0.643     17   19   21   
 18 Laurier                         20-12   0.650   2.7    0.620  0.679     18   16   37   
 19 UPEI                            21-9    0.626   0.6    0.562  0.690     24   15   44   
 20 Trinity Western                 15-10   0.623   1.6    0.589  0.656     21   18   26   

                                           -------Rating----------------  ----Rank----            
Rank Team                            W-L     KRS    SRS    S-Ix   WRS       S    W    SOS
========================================================================================
 21 Regina                          16-17   0.597   2.1    0.603  0.591     19   21   2    
 22 Guelph                          13-13   0.561   1.1    0.577  0.544     22   24   28   
 23 Laval                           16-11   0.552   -0.6   0.533  0.572     28   22   39   
 24 Calgary                         16-15   0.548   0.2    0.553  0.543     26   25   35   
 25 Western ON                      13-16   0.541   1.7    0.593  0.490     20   26   27   
 26 Dalhousie                       20-15   0.541   -0.4   0.536  0.546     27   23   43   
 27 Bishop's                        14-15   0.516   0.4    0.559  0.473     25   27   33   
 28 McGill                           9-15   0.482   0.6    0.563  0.402     23   30   11   
 29 Concordia QC                    10-19   0.440   -1.4   0.510  0.370     29   31   8    
 30 Northern BC                     11-16   0.440   -4.7   0.422  0.458     32   28   17   
 31 UBC-Okanagan                     6-15   0.420   -2.2   0.489  0.350     30   34   3    
 32 Fraser Val                      10-16   0.405   -6.0   0.388  0.423     34   29   23   
 33 Ryerson                          9-16   0.394   -4.3   0.434  0.354     31   32   40   
 34 Univ Lethbridge                  8-15   0.378   -5.3   0.406  0.351     33   33   31   
 35 Cape Breton                     13-20   0.354   -7.0   0.362  0.346     36   35   42   
 36 Mt Royal                         8-21   0.332   -6.8   0.368  0.295     35   39   14   
 37 York ON                          6-18   0.330   -7.5   0.349  0.311     37   36   1    
 38 Memorial                        10-16   0.298   -9.9   0.285  0.311     42   37   46   
 39 St Mary's NS                     7-18   0.292   -8.5   0.322  0.262     39   40   38   
 40 St Fran Xavier                  11-18   0.289   -10.5  0.269  0.309     43   38   45   

                                           -------Rating----------------  ----Rank----            
Rank Team                            W-L     KRS    SRS    S-Ix   WRS       S    W    SOS
========================================================================================
 41 Nipissing                        5-21   0.254   -9.8   0.288  0.220     41   41   6    
 42 New Brunswick                    8-19   0.254   -9.5   0.294  0.213     40   42   47   
 43 Ontario Tech                     4-22   0.236   -8.5   0.322  0.150     38   45   20   
 44 Waterloo                         6-25   0.200   -11.9  0.233  0.168     44   43   25   
 45 Laurentian                       5-24   0.178   -12.5  0.215  0.141     45   46   32   
 46 Acadia                           6-20   0.153   -15.2  0.143  0.163     46   44   41   
 47 Algoma                           3-27   0.040   -20.6  0.000  0.079     48   47   16   
 48 Grant MacEwan                    1-24   0.017   -19.3  0.034  0.000     47   48   29   
</div></pre>
</div>
<div class="tabbertab" title="SOS">
<pre><div id=data>

                                           -------Rating----------------  ----Rank----            
Rank Team                            W-L     KRS    SRS    S-Ix   WRS       S    W    SOS
========================================================================================
  1 York ON                          6-18   0.330   -7.5   0.349  0.311     37   36   1    
  2 Regina                          16-17   0.597   2.1    0.603  0.591     19   21   2    
  3 UBC-Okanagan                     6-15   0.420   -2.2   0.489  0.350     30   34   3    
  4 Brandon                         18-13   0.694   5.5    0.693  0.694     15   14   4    
  5 McMaster                        17-13   0.684   5.5    0.693  0.675     16   17   5    
  6 Nipissing                        5-21   0.254   -9.8   0.288  0.220     41   41   6    
  7 Brock                           19-11   0.778   9.7    0.806  0.751     9    11   7    
  8 Concordia QC                    10-19   0.440   -1.4   0.510  0.370     29   31   8    
  9 Toronto                         19-11   0.755   8.2    0.766  0.743     11   12   9    
 10 Victoria                        23-4    1.000   17.0   1.000  1.000     1    1    10   
 11 McGill                           9-15   0.482   0.6    0.563  0.402     23   30   11   
 12 Carleton ON                     25-5    0.915   12.2   0.872  0.958     6    2    12   
 13 Brit Columbia                   20-8    0.831   11.0   0.839  0.823     7    9    13   
 14 Mt Royal                         8-21   0.332   -6.8   0.368  0.295     35   39   14   
 15 Ottawa ON                       28-6    0.951   14.9   0.945  0.957     3    3    15   
 16 Algoma                           3-27   0.040   -20.6  0.000  0.079     48   47   16   
 17 Northern BC                     11-16   0.440   -4.7   0.422  0.458     32   28   17   
 18 UQAM                            16-11   0.684   6.8    0.728  0.640     14   20   18   
 19 Winnipeg                        23-9    0.816   8.9    0.785  0.847     10   8    19   
 20 Ontario Tech                     4-22   0.236   -8.5   0.322  0.150     38   45   20   

                                           -------Rating----------------  ----Rank----            
Rank Team                            W-L     KRS    SRS    S-Ix   WRS       S    W    SOS
========================================================================================
 21 Thompson Riv                    16-12   0.658   4.7    0.672  0.643     17   19   21   
 22 Alberta                         23-7    0.917   15.1   0.950  0.884     2    4    22   
 23 Fraser Val                      10-16   0.405   -6.0   0.388  0.423     34   29   23   
 24 Manitoba                        24-8    0.838   10.2   0.818  0.857     8    7    24   
 25 Waterloo                         6-25   0.200   -11.9  0.233  0.168     44   43   25   
 26 Trinity Western                 15-10   0.623   1.6    0.589  0.656     21   18   26   
 27 Western ON                      13-16   0.541   1.7    0.593  0.490     20   26   27   
 28 Guelph                          13-13   0.561   1.1    0.577  0.544     22   24   28   
 29 Grant MacEwan                    1-24   0.017   -19.3  0.034  0.000     47   48   29   
 30 Lakehead                        23-9    0.772   7.6    0.750  0.795     12   10   30   
 31 Univ Lethbridge                  8-15   0.378   -5.3   0.406  0.351     33   33   31   
 32 Laurentian                       5-24   0.178   -12.5  0.215  0.141     45   46   32   
 33 Bishop's                        14-15   0.516   0.4    0.559  0.473     25   27   33   
 34 Queen's ON                      25-6    0.890   13.3   0.901  0.880     5    5    34   
 35 Calgary                         16-15   0.548   0.2    0.553  0.543     26   25   35   
 36 Windsor                         18-9    0.731   7.2    0.738  0.725     13   13   36   
 37 Laurier                         20-12   0.650   2.7    0.620  0.679     18   16   37   
 38 St Mary's NS                     7-18   0.292   -8.5   0.322  0.262     39   40   38   
 39 Laval                           16-11   0.552   -0.6   0.533  0.572     28   22   39   
 40 Ryerson                          9-16   0.394   -4.3   0.434  0.354     31   32   40   

                                           -------Rating----------------  ----Rank----            
Rank Team                            W-L     KRS    SRS    S-Ix   WRS       S    W    SOS
========================================================================================
 41 Acadia                           6-20   0.153   -15.2  0.143  0.163     46   44   41   
 42 Cape Breton                     13-20   0.354   -7.0   0.362  0.346     36   35   42   
 43 Dalhousie                       20-15   0.541   -0.4   0.536  0.546     27   23   43   
 44 UPEI                            21-9    0.626   0.6    0.562  0.690     24   15   44   
 45 St Fran Xavier                  11-18   0.289   -10.5  0.269  0.309     43   38   45   
 46 Memorial                        10-16   0.298   -9.9   0.285  0.311     42   37   46   
 47 New Brunswick                    8-19   0.254   -9.5   0.294  0.213     40   42   47   
 48 Saskatchewan                    27-4    0.888   13.6   0.909  0.867     4    6    48   
</div></pre>
</div>
	</pre>
	</p>
	</span>
</body>
<body>
<h3>Other links</h3>
<h4>Home</h4>
	<ul>
			<li class="listyle"><a href="https://2skupz.github.io/index.html"> Index</a></li>
	</ul>
</body>
