<html>
<head>
<!-- Global Site Tag (gtag.js) - Google Analytics -->
<title>2023 U Sport Men's Basketball Rankings</title>
<script type="text/javascript" src="tabber.js">
</script>
<link href="https://fonts.googleapis.com/css?family=Roboto+Slab|Droid+Sans+Mono" rel="stylesheet">
<style>
 body {
			font-family: "Roboto Slab", serif;
			font-size: 12px;
			}
#data {
			font-family: "Droid Sans Mono", serif;
			font-size: 13px;
		}
</style>
<link rel="stylesheet" href="tabbedPage.css" TYPE="text/css" MEDIA="screen">
</head>
<body bgcolor=#fbeec1>
<hr>
<table width=100%>
<tr><td align=left>
<h1 align="center">2023 U Sport Men's Basketball Rankings</h1>
</td>
</tr></table>
<p>
Standings through 02.24.23
<hr>
<center>
<table width=100% border=1><tr>
<td valign=top>
<div class="tabber">
<div class="tabbertab" title="Ken Power Index">
<pre><div id=data>

                                           -------Rating----------------  ----Rank----            
Rank Team                            W-L     KRS    SRS    S-Ix   WRS       S    W    SOS
========================================================================================
  1 Victoria                        21-4    1.000   16.7   1.000  1.000     1    1    16   
  2 Ottawa ON                       25-6    0.945   14.6   0.945  0.946     3    3    22   
  3 Alberta                         23-7    0.940   15.2   0.961  0.920     2    4    17   
  4 Carleton ON                     23-4    0.933   12.4   0.886  0.979     5    2    21   
  5 Queen's ON                      23-5    0.908   13.5   0.915  0.902     4    6    40   
  6 Saskatchewan                    25-4    0.878   12.2   0.880  0.875     6    7    48   
  7 Manitoba                        24-7    0.869   10.3   0.829  0.909     8    5    26   
  8 Brit Columbia                   20-7    0.859   11.0   0.849  0.870     7    9    20   
  9 Winnipeg                        22-8    0.833   9.0    0.794  0.872     10   8    27   
 10 Lakehead                        23-8    0.809   7.9    0.765  0.853     11   10   28   
 11 Brock                           19-10   0.804   9.7    0.811  0.796     9    11   8    
 12 Toronto                         18-10   0.763   7.7    0.759  0.768     12   12   11   
 13 Windsor                         17-8    0.737   6.5    0.727  0.747     13   13   38   
 14 McMaster                        17-12   0.713   5.8    0.707  0.719     15   15   6    
 15 Brandon                         18-13   0.712   5.6    0.702  0.722     16   14   3    
 16 Thompson Riv                    16-11   0.687   4.9    0.683  0.690     17   18   18   
 17 UQAM                            13-10   0.684   6.3    0.721  0.647     14   20   10   
 18 Laurier                         19-11   0.660   2.7    0.624  0.695     18   17   39   
 19 UPEI                            20-8    0.646   1.2    0.583  0.710     24   16   47   
 20 Trinity Western                 15-10   0.634   1.5    0.592  0.677     21   19   24   

                                           -------Rating----------------  ----Rank----            
Rank Team                            W-L     KRS    SRS    S-Ix   WRS       S    W    SOS
========================================================================================
 21 Laval                           16-9    0.615   1.2    0.584  0.645     22   21   37   
 22 Regina                          16-17   0.609   2.1    0.608  0.610     19   22   2    
 23 Guelph                          12-12   0.564   1.2    0.583  0.546     23   25   33   
 24 Calgary                         16-15   0.560   0.2    0.557  0.563     26   24   32   
 25 Western ON                      13-15   0.559   1.8    0.600  0.517     20   26   31   
 26 Dalhousie                       19-14   0.546   -0.9   0.527  0.565     28   23   42   
 27 Bishop's                        13-13   0.536   0.9    0.575  0.497     25   27   35   
 28 McGill                           8-15   0.464   -0.1   0.550  0.379     27   30   9    
 29 Northern BC                     11-16   0.450   -4.7   0.425  0.474     32   28   14   
 30 UBC-Okanagan                     6-15   0.426   -2.2   0.492  0.361     29   33   4    
 31 Concordia QC                     9-18   0.421   -2.6   0.480  0.362     30   32   7    
 32 Fraser Val                      10-16   0.415   -6.0   0.390  0.439     34   29   19   
 33 Ryerson                          9-16   0.405   -4.1   0.440  0.370     31   31   36   
 34 Univ Lethbridge                  8-15   0.382   -5.4   0.407  0.357     33   34   29   
 35 Cape Breton                     12-19   0.350   -7.1   0.360  0.340     36   35   43   
 36 Mt Royal                         8-21   0.338   -6.7   0.371  0.306     35   39   12   
 37 York ON                          6-18   0.337   -7.5   0.350  0.324     37   37   1    
 38 Memorial                        10-15   0.323   -8.9   0.312  0.333     40   36   46   
 39 St Mary's NS                     7-18   0.297   -8.5   0.323  0.271     39   40   34   
 40 St Fran Xavier                  11-18   0.291   -10.5  0.268  0.314     43   38   44   

                                           -------Rating----------------  ----Rank----            
Rank Team                            W-L     KRS    SRS    S-Ix   WRS       S    W    SOS
========================================================================================
 41 New Brunswick                    8-18   0.266   -9.4   0.298  0.235     41   41   45   
 42 Nipissing                        5-21   0.260   -9.6   0.292  0.228     42   42   5    
 43 Ontario Tech                     4-22   0.238   -8.4   0.324  0.151     38   45   15   
 44 Waterloo                         6-25   0.199   -12.0  0.229  0.168     44   43   25   
 45 Laurentian                       5-24   0.180   -12.5  0.216  0.145     45   46   30   
 46 Acadia                           6-20   0.151   -15.3  0.139  0.162     46   44   41   
 47 Algoma                           3-27   0.042   -20.5  0.000  0.083     48   47   13   
 48 Grant MacEwan                    1-24   0.016   -19.3  0.032  0.000     47   48   23   
</div></pre>
</div>
<div class="tabbertab" title="Points Based">
<pre><div id=data>

                                           -------Rating----------------  ----Rank----            
Rank Team                            W-L     KRS    SRS    S-Ix   WRS       S    W    SOS
========================================================================================
  1 Victoria                        21-4    1.000   16.7   1.000  1.000     1    1    16   
  2 Alberta                         23-7    0.940   15.2   0.961  0.920     2    4    17   
  3 Ottawa ON                       25-6    0.945   14.6   0.945  0.946     3    3    22   
  4 Queen's ON                      23-5    0.908   13.5   0.915  0.902     4    6    40   
  5 Carleton ON                     23-4    0.933   12.4   0.886  0.979     5    2    21   
  6 Saskatchewan                    25-4    0.878   12.2   0.880  0.875     6    7    48   
  7 Brit Columbia                   20-7    0.859   11.0   0.849  0.870     7    9    20   
  8 Manitoba                        24-7    0.869   10.3   0.829  0.909     8    5    26   
  9 Brock                           19-10   0.804   9.7    0.811  0.796     9    11   8    
 10 Winnipeg                        22-8    0.833   9.0    0.794  0.872     10   8    27   
 11 Lakehead                        23-8    0.809   7.9    0.765  0.853     11   10   28   
 12 Toronto                         18-10   0.763   7.7    0.759  0.768     12   12   11   
 13 Windsor                         17-8    0.737   6.5    0.727  0.747     13   13   38   
 14 UQAM                            13-10   0.684   6.3    0.721  0.647     14   20   10   
 15 McMaster                        17-12   0.713   5.8    0.707  0.719     15   15   6    
 16 Brandon                         18-13   0.712   5.6    0.702  0.722     16   14   3    
 17 Thompson Riv                    16-11   0.687   4.9    0.683  0.690     17   18   18   
 18 Laurier                         19-11   0.660   2.7    0.624  0.695     18   17   39   
 19 Regina                          16-17   0.609   2.1    0.608  0.610     19   22   2    
 20 Western ON                      13-15   0.559   1.8    0.600  0.517     20   26   31   

                                           -------Rating----------------  ----Rank----            
Rank Team                            W-L     KRS    SRS    S-Ix   WRS       S    W    SOS
========================================================================================
 21 Trinity Western                 15-10   0.634   1.5    0.592  0.677     21   19   24   
 22 Laval                           16-9    0.615   1.2    0.584  0.645     22   21   37   
 23 Guelph                          12-12   0.564   1.2    0.583  0.546     23   25   33   
 24 UPEI                            20-8    0.646   1.2    0.583  0.710     24   16   47   
 25 Bishop's                        13-13   0.536   0.9    0.575  0.497     25   27   35   
 26 Calgary                         16-15   0.560   0.2    0.557  0.563     26   24   32   
 27 McGill                           8-15   0.464   -0.1   0.550  0.379     27   30   9    
 28 Dalhousie                       19-14   0.546   -0.9   0.527  0.565     28   23   42   
 29 UBC-Okanagan                     6-15   0.426   -2.2   0.492  0.361     29   33   4    
 30 Concordia QC                     9-18   0.421   -2.6   0.480  0.362     30   32   7    
 31 Ryerson                          9-16   0.405   -4.1   0.440  0.370     31   31   36   
 32 Northern BC                     11-16   0.450   -4.7   0.425  0.474     32   28   14   
 33 Univ Lethbridge                  8-15   0.382   -5.4   0.407  0.357     33   34   29   
 34 Fraser Val                      10-16   0.415   -6.0   0.390  0.439     34   29   19   
 35 Mt Royal                         8-21   0.338   -6.7   0.371  0.306     35   39   12   
 36 Cape Breton                     12-19   0.350   -7.1   0.360  0.340     36   35   43   
 37 York ON                          6-18   0.337   -7.5   0.350  0.324     37   37   1    
 38 Ontario Tech                     4-22   0.238   -8.4   0.324  0.151     38   45   15   
 39 St Mary's NS                     7-18   0.297   -8.5   0.323  0.271     39   40   34   
 40 Memorial                        10-15   0.323   -8.9   0.312  0.333     40   36   46   

                                           -------Rating----------------  ----Rank----            
Rank Team                            W-L     KRS    SRS    S-Ix   WRS       S    W    SOS
========================================================================================
 41 New Brunswick                    8-18   0.266   -9.4   0.298  0.235     41   41   45   
 42 Nipissing                        5-21   0.260   -9.6   0.292  0.228     42   42   5    
 43 St Fran Xavier                  11-18   0.291   -10.5  0.268  0.314     43   38   44   
 44 Waterloo                         6-25   0.199   -12.0  0.229  0.168     44   43   25   
 45 Laurentian                       5-24   0.180   -12.5  0.216  0.145     45   46   30   
 46 Acadia                           6-20   0.151   -15.3  0.139  0.162     46   44   41   
 47 Grant MacEwan                    1-24   0.016   -19.3  0.032  0.000     47   48   23   
 48 Algoma                           3-27   0.042   -20.5  0.000  0.083     48   47   13   
</div></pre>
</div>
<div class="tabbertab" title="Wins Based">
<pre><div id=data>

                                           -------Rating----------------  ----Rank----            
Rank Team                            W-L     KRS    SRS    S-Ix   WRS       S    W    SOS
========================================================================================
  1 Victoria                        21-4    1.000   16.7   1.000  1.000     1    1    16   
  2 Carleton ON                     23-4    0.933   12.4   0.886  0.979     5    2    21   
  3 Ottawa ON                       25-6    0.945   14.6   0.945  0.946     3    3    22   
  4 Alberta                         23-7    0.940   15.2   0.961  0.920     2    4    17   
  5 Manitoba                        24-7    0.869   10.3   0.829  0.909     8    5    26   
  6 Queen's ON                      23-5    0.908   13.5   0.915  0.902     4    6    40   
  7 Saskatchewan                    25-4    0.878   12.2   0.880  0.875     6    7    48   
  8 Winnipeg                        22-8    0.833   9.0    0.794  0.872     10   8    27   
  9 Brit Columbia                   20-7    0.859   11.0   0.849  0.870     7    9    20   
 10 Lakehead                        23-8    0.809   7.9    0.765  0.853     11   10   28   
 11 Brock                           19-10   0.804   9.7    0.811  0.796     9    11   8    
 12 Toronto                         18-10   0.763   7.7    0.759  0.768     12   12   11   
 13 Windsor                         17-8    0.737   6.5    0.727  0.747     13   13   38   
 14 Brandon                         18-13   0.712   5.6    0.702  0.722     16   14   3    
 15 McMaster                        17-12   0.713   5.8    0.707  0.719     15   15   6    
 16 UPEI                            20-8    0.646   1.2    0.583  0.710     24   16   47   
 17 Laurier                         19-11   0.660   2.7    0.624  0.695     18   17   39   
 18 Thompson Riv                    16-11   0.687   4.9    0.683  0.690     17   18   18   
 19 Trinity Western                 15-10   0.634   1.5    0.592  0.677     21   19   24   
 20 UQAM                            13-10   0.684   6.3    0.721  0.647     14   20   10   

                                           -------Rating----------------  ----Rank----            
Rank Team                            W-L     KRS    SRS    S-Ix   WRS       S    W    SOS
========================================================================================
 21 Laval                           16-9    0.615   1.2    0.584  0.645     22   21   37   
 22 Regina                          16-17   0.609   2.1    0.608  0.610     19   22   2    
 23 Dalhousie                       19-14   0.546   -0.9   0.527  0.565     28   23   42   
 24 Calgary                         16-15   0.560   0.2    0.557  0.563     26   24   32   
 25 Guelph                          12-12   0.564   1.2    0.583  0.546     23   25   33   
 26 Western ON                      13-15   0.559   1.8    0.600  0.517     20   26   31   
 27 Bishop's                        13-13   0.536   0.9    0.575  0.497     25   27   35   
 28 Northern BC                     11-16   0.450   -4.7   0.425  0.474     32   28   14   
 29 Fraser Val                      10-16   0.415   -6.0   0.390  0.439     34   29   19   
 30 McGill                           8-15   0.464   -0.1   0.550  0.379     27   30   9    
 31 Ryerson                          9-16   0.405   -4.1   0.440  0.370     31   31   36   
 32 Concordia QC                     9-18   0.421   -2.6   0.480  0.362     30   32   7    
 33 UBC-Okanagan                     6-15   0.426   -2.2   0.492  0.361     29   33   4    
 34 Univ Lethbridge                  8-15   0.382   -5.4   0.407  0.357     33   34   29   
 35 Cape Breton                     12-19   0.350   -7.1   0.360  0.340     36   35   43   
 36 Memorial                        10-15   0.323   -8.9   0.312  0.333     40   36   46   
 37 York ON                          6-18   0.337   -7.5   0.350  0.324     37   37   1    
 38 St Fran Xavier                  11-18   0.291   -10.5  0.268  0.314     43   38   44   
 39 Mt Royal                         8-21   0.338   -6.7   0.371  0.306     35   39   12   
 40 St Mary's NS                     7-18   0.297   -8.5   0.323  0.271     39   40   34   

                                           -------Rating----------------  ----Rank----            
Rank Team                            W-L     KRS    SRS    S-Ix   WRS       S    W    SOS
========================================================================================
 41 New Brunswick                    8-18   0.266   -9.4   0.298  0.235     41   41   45   
 42 Nipissing                        5-21   0.260   -9.6   0.292  0.228     42   42   5    
 43 Waterloo                         6-25   0.199   -12.0  0.229  0.168     44   43   25   
 44 Acadia                           6-20   0.151   -15.3  0.139  0.162     46   44   41   
 45 Ontario Tech                     4-22   0.238   -8.4   0.324  0.151     38   45   15   
 46 Laurentian                       5-24   0.180   -12.5  0.216  0.145     45   46   30   
 47 Algoma                           3-27   0.042   -20.5  0.000  0.083     48   47   13   
 48 Grant MacEwan                    1-24   0.016   -19.3  0.032  0.000     47   48   23   
</div></pre>
</div>
<div class="tabbertab" title="BCS">
<pre><div id=data>

                                           -------Rating----------------  ----Rank----            
Rank Team                            W-L     KRS    SRS    S-Ix   WRS       S    W    SOS
========================================================================================
  1 Victoria                        21-4    1.000   16.7   1.000  1.000     1    1    16   
  2 Ottawa ON                       25-6    0.945   14.6   0.945  0.946     3    3    22   
  3 Alberta                         23-7    0.940   15.2   0.961  0.920     2    4    17   
  4 Carleton ON                     23-4    0.933   12.4   0.886  0.979     5    2    21   
  5 Queen's ON                      23-5    0.908   13.5   0.915  0.902     4    6    40   
  6 Saskatchewan                    25-4    0.878   12.2   0.880  0.875     6    7    48   
  7 Manitoba                        24-7    0.869   10.3   0.829  0.909     8    5    26   
  8 Brit Columbia                   20-7    0.859   11.0   0.849  0.870     7    9    20   
  9 Winnipeg                        22-8    0.833   9.0    0.794  0.872     10   8    27   
 10 Lakehead                        23-8    0.809   7.9    0.765  0.853     11   10   28   
 11 Brock                           19-10   0.804   9.7    0.811  0.796     9    11   8    
 12 Toronto                         18-10   0.763   7.7    0.759  0.768     12   12   11   
 13 Windsor                         17-8    0.737   6.5    0.727  0.747     13   13   38   
 14 McMaster                        17-12   0.713   5.8    0.707  0.719     15   15   6    
 15 Brandon                         18-13   0.712   5.6    0.702  0.722     16   14   3    
 16 Thompson Riv                    16-11   0.687   4.9    0.683  0.690     17   18   18   
 17 UQAM                            13-10   0.684   6.3    0.721  0.647     14   20   10   
 18 Laurier                         19-11   0.660   2.7    0.624  0.695     18   17   39   
 19 UPEI                            20-8    0.646   1.2    0.583  0.710     24   16   47   
 20 Trinity Western                 15-10   0.634   1.5    0.592  0.677     21   19   24   

                                           -------Rating----------------  ----Rank----            
Rank Team                            W-L     KRS    SRS    S-Ix   WRS       S    W    SOS
========================================================================================
 21 Laval                           16-9    0.615   1.2    0.584  0.645     22   21   37   
 22 Regina                          16-17   0.609   2.1    0.608  0.610     19   22   2    
 23 Guelph                          12-12   0.564   1.2    0.583  0.546     23   25   33   
 24 Calgary                         16-15   0.560   0.2    0.557  0.563     26   24   32   
 25 Western ON                      13-15   0.559   1.8    0.600  0.517     20   26   31   
 26 Dalhousie                       19-14   0.546   -0.9   0.527  0.565     28   23   42   
 27 Bishop's                        13-13   0.536   0.9    0.575  0.497     25   27   35   
 28 McGill                           8-15   0.464   -0.1   0.550  0.379     27   30   9    
 29 Northern BC                     11-16   0.450   -4.7   0.425  0.474     32   28   14   
 30 UBC-Okanagan                     6-15   0.426   -2.2   0.492  0.361     29   33   4    
 31 Concordia QC                     9-18   0.421   -2.6   0.480  0.362     30   32   7    
 32 Fraser Val                      10-16   0.415   -6.0   0.390  0.439     34   29   19   
 33 Ryerson                          9-16   0.405   -4.1   0.440  0.370     31   31   36   
 34 Univ Lethbridge                  8-15   0.382   -5.4   0.407  0.357     33   34   29   
 35 Cape Breton                     12-19   0.350   -7.1   0.360  0.340     36   35   43   
 36 Mt Royal                         8-21   0.338   -6.7   0.371  0.306     35   39   12   
 37 York ON                          6-18   0.337   -7.5   0.350  0.324     37   37   1    
 38 Memorial                        10-15   0.323   -8.9   0.312  0.333     40   36   46   
 39 St Mary's NS                     7-18   0.297   -8.5   0.323  0.271     39   40   34   
 40 St Fran Xavier                  11-18   0.291   -10.5  0.268  0.314     43   38   44   

                                           -------Rating----------------  ----Rank----            
Rank Team                            W-L     KRS    SRS    S-Ix   WRS       S    W    SOS
========================================================================================
 41 New Brunswick                    8-18   0.266   -9.4   0.298  0.235     41   41   45   
 42 Nipissing                        5-21   0.260   -9.6   0.292  0.228     42   42   5    
 43 Ontario Tech                     4-22   0.238   -8.4   0.324  0.151     38   45   15   
 44 Waterloo                         6-25   0.199   -12.0  0.229  0.168     44   43   25   
 45 Laurentian                       5-24   0.180   -12.5  0.216  0.145     45   46   30   
 46 Acadia                           6-20   0.151   -15.3  0.139  0.162     46   44   41   
 47 Algoma                           3-27   0.042   -20.5  0.000  0.083     48   47   13   
 48 Grant MacEwan                    1-24   0.016   -19.3  0.032  0.000     47   48   23   
</div></pre>
</div>
<div class="tabbertab" title="SOS">
<pre><div id=data>

                                           -------Rating----------------  ----Rank----            
Rank Team                            W-L     KRS    SRS    S-Ix   WRS       S    W    SOS
========================================================================================
  1 York ON                          6-18   0.337   -7.5   0.350  0.324     37   37   1    
  2 Regina                          16-17   0.609   2.1    0.608  0.610     19   22   2    
  3 Brandon                         18-13   0.712   5.6    0.702  0.722     16   14   3    
  4 UBC-Okanagan                     6-15   0.426   -2.2   0.492  0.361     29   33   4    
  5 Nipissing                        5-21   0.260   -9.6   0.292  0.228     42   42   5    
  6 McMaster                        17-12   0.713   5.8    0.707  0.719     15   15   6    
  7 Concordia QC                     9-18   0.421   -2.6   0.480  0.362     30   32   7    
  8 Brock                           19-10   0.804   9.7    0.811  0.796     9    11   8    
  9 McGill                           8-15   0.464   -0.1   0.550  0.379     27   30   9    
 10 UQAM                            13-10   0.684   6.3    0.721  0.647     14   20   10   
 11 Toronto                         18-10   0.763   7.7    0.759  0.768     12   12   11   
 12 Mt Royal                         8-21   0.338   -6.7   0.371  0.306     35   39   12   
 13 Algoma                           3-27   0.042   -20.5  0.000  0.083     48   47   13   
 14 Northern BC                     11-16   0.450   -4.7   0.425  0.474     32   28   14   
 15 Ontario Tech                     4-22   0.238   -8.4   0.324  0.151     38   45   15   
 16 Victoria                        21-4    1.000   16.7   1.000  1.000     1    1    16   
 17 Alberta                         23-7    0.940   15.2   0.961  0.920     2    4    17   
 18 Thompson Riv                    16-11   0.687   4.9    0.683  0.690     17   18   18   
 19 Fraser Val                      10-16   0.415   -6.0   0.390  0.439     34   29   19   
 20 Brit Columbia                   20-7    0.859   11.0   0.849  0.870     7    9    20   

                                           -------Rating----------------  ----Rank----            
Rank Team                            W-L     KRS    SRS    S-Ix   WRS       S    W    SOS
========================================================================================
 21 Carleton ON                     23-4    0.933   12.4   0.886  0.979     5    2    21   
 22 Ottawa ON                       25-6    0.945   14.6   0.945  0.946     3    3    22   
 23 Grant MacEwan                    1-24   0.016   -19.3  0.032  0.000     47   48   23   
 24 Trinity Western                 15-10   0.634   1.5    0.592  0.677     21   19   24   
 25 Waterloo                         6-25   0.199   -12.0  0.229  0.168     44   43   25   
 26 Manitoba                        24-7    0.869   10.3   0.829  0.909     8    5    26   
 27 Winnipeg                        22-8    0.833   9.0    0.794  0.872     10   8    27   
 28 Lakehead                        23-8    0.809   7.9    0.765  0.853     11   10   28   
 29 Univ Lethbridge                  8-15   0.382   -5.4   0.407  0.357     33   34   29   
 30 Laurentian                       5-24   0.180   -12.5  0.216  0.145     45   46   30   
 31 Western ON                      13-15   0.559   1.8    0.600  0.517     20   26   31   
 32 Calgary                         16-15   0.560   0.2    0.557  0.563     26   24   32   
 33 Guelph                          12-12   0.564   1.2    0.583  0.546     23   25   33   
 34 St Mary's NS                     7-18   0.297   -8.5   0.323  0.271     39   40   34   
 35 Bishop's                        13-13   0.536   0.9    0.575  0.497     25   27   35   
 36 Ryerson                          9-16   0.405   -4.1   0.440  0.370     31   31   36   
 37 Laval                           16-9    0.615   1.2    0.584  0.645     22   21   37   
 38 Windsor                         17-8    0.737   6.5    0.727  0.747     13   13   38   
 39 Laurier                         19-11   0.660   2.7    0.624  0.695     18   17   39   
 40 Queen's ON                      23-5    0.908   13.5   0.915  0.902     4    6    40   

                                           -------Rating----------------  ----Rank----            
Rank Team                            W-L     KRS    SRS    S-Ix   WRS       S    W    SOS
========================================================================================
 41 Acadia                           6-20   0.151   -15.3  0.139  0.162     46   44   41   
 42 Dalhousie                       19-14   0.546   -0.9   0.527  0.565     28   23   42   
 43 Cape Breton                     12-19   0.350   -7.1   0.360  0.340     36   35   43   
 44 St Fran Xavier                  11-18   0.291   -10.5  0.268  0.314     43   38   44   
 45 New Brunswick                    8-18   0.266   -9.4   0.298  0.235     41   41   45   
 46 Memorial                        10-15   0.323   -8.9   0.312  0.333     40   36   46   
 47 UPEI                            20-8    0.646   1.2    0.583  0.710     24   16   47   
 48 Saskatchewan                    25-4    0.878   12.2   0.880  0.875     6    7    48   
</div></pre>
</div>
	</pre>
	</p>
	</span>
</body>
<body>
<h3>Other links</h3>
<h4>Home</h4>
	<ul>
			<li class="listyle"><a href="https://2skupz.github.io/index.html"> Index</a></li>
	</ul>
</body>
