<html>
<head>
<!-- Global Site Tag (gtag.js) - Google Analytics -->
<title>2023 NCAA Division I Men's Baskeball Rankings</title>
<script type="text/javascript" src="tabber.js">
</script>
<link href="https://fonts.googleapis.com/css?family=Roboto+Slab|Droid+Sans+Mono" rel="stylesheet">
<style>
 body {
			font-family: "Roboto Slab", serif;
			font-size: 12px;
			}
#data {
			font-family: "Droid Sans Mono", serif;
			font-size: 13px;
		}
</style>
<link rel="stylesheet" href="tabbedPage.css" TYPE="text/css" MEDIA="screen">
</head>
<body bgcolor=#fbeec1>
<hr>
<table width=100%>
<tr><td align=left>
<h1 align="center">2023 NCAA Division I Men's Baskeball Rankings</h1>
</td>
</tr></table>
<p>
Standings through 01.09.23
<hr>
<center>
<table width=100% border=1><tr>
<td valign=top>
<div class="tabber">
<div class="tabbertab" title="Ken Power Index">
<pre><div id=data>

                                           -------Rating----------------  ----Rank----            
Rank Team                            W-L     KRS    SRS    S-Ix   WRS       S    W    SOS
========================================================================================
  1 Regina                          18-2    0.966   18.2   0.959  0.974     2    2    17   
  2 Acadia                          13-2    0.957   15.4   0.913  1.000     5    1    19   
  3 Ottawa ON                       13-1    0.944   16.9   0.938  0.950     3    4    44   
  4 Bishop's                        15-2    0.936   15.5   0.914  0.957     4    3    33   
  5 Ryerson                         12-3    0.917   20.7   1.000  0.834     1    7    40   
  6 Queen's ON                      15-3    0.900   12.3   0.861  0.939     8    5    22   
  7 Fraser Val                      14-3    0.857   12.9   0.871  0.843     7    6    28   
  8 Calgary                         14-6    0.844   12.0   0.857  0.832     9    8    3    
  9 Alberta                         12-6    0.842   14.4   0.897  0.787     6    12   9    
 10 Winnipeg                        13-2    0.814   8.8    0.804  0.825     12   9    47   
 11 St Fran Xavier                  10-5    0.798   8.5    0.799  0.797     13   10   6    
 12 McMaster                        12-5    0.796   9.7    0.819  0.773     11   13   24   
 13 Carleton ON                     13-5    0.783   7.3    0.779  0.787     14   11   36   
 14 New Brunswick                   13-7    0.778   11.0   0.840  0.715     10   19   37   
 15 Guelph                          13-2    0.756   6.6    0.768  0.745     16   14   48   
 16 Waterloo                        12-6    0.743   5.9    0.755  0.730     18   15   26   

                                           -------Rating----------------  ----Rank----            
Rank Team                            W-L     KRS    SRS    S-Ix   WRS       S    W    SOS
========================================================================================
 17 Trinity Western                 11-6    0.741   6.5    0.765  0.717     17   18   14   
 18 UPEI                             9-8    0.740   5.8    0.753  0.726     19   16   4    
 19 Laval                           11-5    0.728   4.6    0.734  0.722     21   17   42   
 20 Memorial                        10-5    0.719   5.3    0.745  0.693     20   20   34   
 21 UQAM                             7-5    0.706   4.0    0.724  0.688     23   21   20   
 22 Brit Columbia                   10-9    0.692   6.9    0.772  0.613     15   24   13   
 23 Victoria                         8-11   0.680   4.2    0.728  0.631     22   23   1    
 24 Cape Breton                     10-8    0.642   -0.4   0.651  0.632     28   22   21   
 25 Western ON                      10-7    0.634   1.9    0.689  0.578     26   26   45   
 26 Mt Royal                         9-9    0.622   -0.7   0.646  0.597     29   25   10   
 27 Univ Lethbridge                  8-10   0.611   3.9    0.722  0.500     24   27   32   
 28 Toronto                          7-12   0.570   3.1    0.708  0.431     25   32   29   
 29 York ON                          5-8    0.566   0.6    0.667  0.465     27   31   16   
 30 UBC-Okanagan                     7-13   0.546   -2.3   0.619  0.473     31   29   7    
 31 Brock                            6-8    0.537   -3.6   0.599  0.475     32   28   27   
 32 Windsor                          8-10   0.526   -4.4   0.585  0.468     33   30   41   

                                           -------Rating----------------  ----Rank----            
Rank Team                            W-L     KRS    SRS    S-Ix   WRS       S    W    SOS
========================================================================================
 33 Northern BC                      5-13   0.519   -1.7   0.630  0.408     30   33   2    
 34 Laurentian                       8-10   0.481   -4.9   0.577  0.384     34   34   46   
 35 Grant MacEwan                    5-13   0.425   -7.4   0.535  0.316     36   35   30   
 36 Manitoba                         4-14   0.424   -7.0   0.542  0.306     35   37   11   
 37 Laurier                          6-14   0.403   -7.5   0.534  0.272     37   40   43   
 38 Concordia QC                     3-11   0.387   -11.7  0.464  0.310     39   36   15   
 39 Saskatchewan                     3-12   0.372   -13.0  0.442  0.302     41   38   18   
 40 Thompson Riv                     5-13   0.365   -11.1  0.473  0.257     38   42   39   
 41 Dalhousie                        2-13   0.350   -12.9  0.444  0.257     40   41   5    
 42 Nipissing                        3-10   0.346   -15.0  0.409  0.284     43   39   35   
 43 McGill                           2-13   0.306   -13.5  0.433  0.178     42   45   23   
 44 Ontario Tech                     3-14   0.268   -20.7  0.314  0.222     45   44   25   
 45 Brandon                          3-14   0.263   -21.9  0.295  0.230     46   43   12   
 46 St Mary's NS                     1-13   0.204   -23.1  0.274  0.134     47   46   8    
 47 Lakehead                         1-14   0.200   -20.6  0.316  0.084     44   47   38   
 48 Algoma                           0-17   0.000   -39.7  0.000  0.000     48   48   31   
</div></pre>
</div>
<div class="tabbertab" title="Points Based">
<pre><div id=data>

                                           -------Rating----------------  ----Rank----            
Rank Team                            W-L     KRS    SRS    S-Ix   WRS       S    W    SOS
========================================================================================
  1 Ryerson                         12-3    0.917   20.7   1.000  0.834     1    7    40   
  2 Regina                          18-2    0.966   18.2   0.959  0.974     2    2    17   
  3 Ottawa ON                       13-1    0.944   16.9   0.938  0.950     3    4    44   
  4 Bishop's                        15-2    0.936   15.5   0.914  0.957     4    3    33   
  5 Acadia                          13-2    0.957   15.4   0.913  1.000     5    1    19   
  6 Alberta                         12-6    0.842   14.4   0.897  0.787     6    12   9    
  7 Fraser Val                      14-3    0.857   12.9   0.871  0.843     7    6    28   
  8 Queen's ON                      15-3    0.900   12.3   0.861  0.939     8    5    22   
  9 Calgary                         14-6    0.844   12.0   0.857  0.832     9    8    3    
 10 New Brunswick                   13-7    0.778   11.0   0.840  0.715     10   19   37   
 11 McMaster                        12-5    0.796   9.7    0.819  0.773     11   13   24   
 12 Winnipeg                        13-2    0.814   8.8    0.804  0.825     12   9    47   
 13 St Fran Xavier                  10-5    0.798   8.5    0.799  0.797     13   10   6    
 14 Carleton ON                     13-5    0.783   7.3    0.779  0.787     14   11   36   
 15 Brit Columbia                   10-9    0.692   6.9    0.772  0.613     15   24   13   
 16 Guelph                          13-2    0.756   6.6    0.768  0.745     16   14   48   

                                           -------Rating----------------  ----Rank----            
Rank Team                            W-L     KRS    SRS    S-Ix   WRS       S    W    SOS
========================================================================================
 17 Trinity Western                 11-6    0.741   6.5    0.765  0.717     17   18   14   
 18 Waterloo                        12-6    0.743   5.9    0.755  0.730     18   15   26   
 19 UPEI                             9-8    0.740   5.8    0.753  0.726     19   16   4    
 20 Memorial                        10-5    0.719   5.3    0.745  0.693     20   20   34   
 21 Laval                           11-5    0.728   4.6    0.734  0.722     21   17   42   
 22 Victoria                         8-11   0.680   4.2    0.728  0.631     22   23   1    
 23 UQAM                             7-5    0.706   4.0    0.724  0.688     23   21   20   
 24 Univ Lethbridge                  8-10   0.611   3.9    0.722  0.500     24   27   32   
 25 Toronto                          7-12   0.570   3.1    0.708  0.431     25   32   29   
 26 Western ON                      10-7    0.634   1.9    0.689  0.578     26   26   45   
 27 York ON                          5-8    0.566   0.6    0.667  0.465     27   31   16   
 28 Cape Breton                     10-8    0.642   -0.4   0.651  0.632     28   22   21   
 29 Mt Royal                         9-9    0.622   -0.7   0.646  0.597     29   25   10   
 30 Northern BC                      5-13   0.519   -1.7   0.630  0.408     30   33   2    
 31 UBC-Okanagan                     7-13   0.546   -2.3   0.619  0.473     31   29   7    
 32 Brock                            6-8    0.537   -3.6   0.599  0.475     32   28   27   

                                           -------Rating----------------  ----Rank----            
Rank Team                            W-L     KRS    SRS    S-Ix   WRS       S    W    SOS
========================================================================================
 33 Windsor                          8-10   0.526   -4.4   0.585  0.468     33   30   41   
 34 Laurentian                       8-10   0.481   -4.9   0.577  0.384     34   34   46   
 35 Manitoba                         4-14   0.424   -7.0   0.542  0.306     35   37   11   
 36 Grant MacEwan                    5-13   0.425   -7.4   0.535  0.316     36   35   30   
 37 Laurier                          6-14   0.403   -7.5   0.534  0.272     37   40   43   
 38 Thompson Riv                     5-13   0.365   -11.1  0.473  0.257     38   42   39   
 39 Concordia QC                     3-11   0.387   -11.7  0.464  0.310     39   36   15   
 40 Dalhousie                        2-13   0.350   -12.9  0.444  0.257     40   41   5    
 41 Saskatchewan                     3-12   0.372   -13.0  0.442  0.302     41   38   18   
 42 McGill                           2-13   0.306   -13.5  0.433  0.178     42   45   23   
 43 Nipissing                        3-10   0.346   -15.0  0.409  0.284     43   39   35   
 44 Lakehead                         1-14   0.200   -20.6  0.316  0.084     44   47   38   
 45 Ontario Tech                     3-14   0.268   -20.7  0.314  0.222     45   44   25   
 46 Brandon                          3-14   0.263   -21.9  0.295  0.230     46   43   12   
 47 St Mary's NS                     1-13   0.204   -23.1  0.274  0.134     47   46   8    
 48 Algoma                           0-17   0.000   -39.7  0.000  0.000     48   48   31   
</div></pre>
</div>
<div class="tabbertab" title="Wins Based">
<pre><div id=data>

                                           -------Rating----------------  ----Rank----            
Rank Team                            W-L     KRS    SRS    S-Ix   WRS       S    W    SOS
========================================================================================
  1 Acadia                          13-2    0.957   15.4   0.913  1.000     5    1    19   
  2 Regina                          18-2    0.966   18.2   0.959  0.974     2    2    17   
  3 Bishop's                        15-2    0.936   15.5   0.914  0.957     4    3    33   
  4 Ottawa ON                       13-1    0.944   16.9   0.938  0.950     3    4    44   
  5 Queen's ON                      15-3    0.900   12.3   0.861  0.939     8    5    22   
  6 Fraser Val                      14-3    0.857   12.9   0.871  0.843     7    6    28   
  7 Ryerson                         12-3    0.917   20.7   1.000  0.834     1    7    40   
  8 Calgary                         14-6    0.844   12.0   0.857  0.832     9    8    3    
  9 Winnipeg                        13-2    0.814   8.8    0.804  0.825     12   9    47   
 10 St Fran Xavier                  10-5    0.798   8.5    0.799  0.797     13   10   6    
 11 Carleton ON                     13-5    0.783   7.3    0.779  0.787     14   11   36   
 12 Alberta                         12-6    0.842   14.4   0.897  0.787     6    12   9    
 13 McMaster                        12-5    0.796   9.7    0.819  0.773     11   13   24   
 14 Guelph                          13-2    0.756   6.6    0.768  0.745     16   14   48   
 15 Waterloo                        12-6    0.743   5.9    0.755  0.730     18   15   26   
 16 UPEI                             9-8    0.740   5.8    0.753  0.726     19   16   4    

                                           -------Rating----------------  ----Rank----            
Rank Team                            W-L     KRS    SRS    S-Ix   WRS       S    W    SOS
========================================================================================
 17 Laval                           11-5    0.728   4.6    0.734  0.722     21   17   42   
 18 Trinity Western                 11-6    0.741   6.5    0.765  0.717     17   18   14   
 19 New Brunswick                   13-7    0.778   11.0   0.840  0.715     10   19   37   
 20 Memorial                        10-5    0.719   5.3    0.745  0.693     20   20   34   
 21 UQAM                             7-5    0.706   4.0    0.724  0.688     23   21   20   
 22 Cape Breton                     10-8    0.642   -0.4   0.651  0.632     28   22   21   
 23 Victoria                         8-11   0.680   4.2    0.728  0.631     22   23   1    
 24 Brit Columbia                   10-9    0.692   6.9    0.772  0.613     15   24   13   
 25 Mt Royal                         9-9    0.622   -0.7   0.646  0.597     29   25   10   
 26 Western ON                      10-7    0.634   1.9    0.689  0.578     26   26   45   
 27 Univ Lethbridge                  8-10   0.611   3.9    0.722  0.500     24   27   32   
 28 Brock                            6-8    0.537   -3.6   0.599  0.475     32   28   27   
 29 UBC-Okanagan                     7-13   0.546   -2.3   0.619  0.473     31   29   7    
 30 Windsor                          8-10   0.526   -4.4   0.585  0.468     33   30   41   
 31 York ON                          5-8    0.566   0.6    0.667  0.465     27   31   16   
 32 Toronto                          7-12   0.570   3.1    0.708  0.431     25   32   29   

                                           -------Rating----------------  ----Rank----            
Rank Team                            W-L     KRS    SRS    S-Ix   WRS       S    W    SOS
========================================================================================
 33 Northern BC                      5-13   0.519   -1.7   0.630  0.408     30   33   2    
 34 Laurentian                       8-10   0.481   -4.9   0.577  0.384     34   34   46   
 35 Grant MacEwan                    5-13   0.425   -7.4   0.535  0.316     36   35   30   
 36 Concordia QC                     3-11   0.387   -11.7  0.464  0.310     39   36   15   
 37 Manitoba                         4-14   0.424   -7.0   0.542  0.306     35   37   11   
 38 Saskatchewan                     3-12   0.372   -13.0  0.442  0.302     41   38   18   
 39 Nipissing                        3-10   0.346   -15.0  0.409  0.284     43   39   35   
 40 Laurier                          6-14   0.403   -7.5   0.534  0.272     37   40   43   
 41 Dalhousie                        2-13   0.350   -12.9  0.444  0.257     40   41   5    
 42 Thompson Riv                     5-13   0.365   -11.1  0.473  0.257     38   42   39   
 43 Brandon                          3-14   0.263   -21.9  0.295  0.230     46   43   12   
 44 Ontario Tech                     3-14   0.268   -20.7  0.314  0.222     45   44   25   
 45 McGill                           2-13   0.306   -13.5  0.433  0.178     42   45   23   
 46 St Mary's NS                     1-13   0.204   -23.1  0.274  0.134     47   46   8    
 47 Lakehead                         1-14   0.200   -20.6  0.316  0.084     44   47   38   
 48 Algoma                           0-17   0.000   -39.7  0.000  0.000     48   48   31   
</div></pre>
</div>
<div class="tabbertab" title="BCS">
<pre><div id=data>

                                           -------Rating----------------  ----Rank----            
Rank Team                            W-L     KRS    SRS    S-Ix   WRS       S    W    SOS
========================================================================================
  1 Regina                          18-2    0.966   18.2   0.959  0.974     2    2    17   
  2 Acadia                          13-2    0.957   15.4   0.913  1.000     5    1    19   
  3 Ottawa ON                       13-1    0.944   16.9   0.938  0.950     3    4    44   
  4 Bishop's                        15-2    0.936   15.5   0.914  0.957     4    3    33   
  5 Ryerson                         12-3    0.917   20.7   1.000  0.834     1    7    40   
  6 Queen's ON                      15-3    0.900   12.3   0.861  0.939     8    5    22   
  7 Fraser Val                      14-3    0.857   12.9   0.871  0.843     7    6    28   
  8 Calgary                         14-6    0.844   12.0   0.857  0.832     9    8    3    
  9 Alberta                         12-6    0.842   14.4   0.897  0.787     6    12   9    
 10 Winnipeg                        13-2    0.814   8.8    0.804  0.825     12   9    47   
 11 St Fran Xavier                  10-5    0.798   8.5    0.799  0.797     13   10   6    
 12 McMaster                        12-5    0.796   9.7    0.819  0.773     11   13   24   
 13 Carleton ON                     13-5    0.783   7.3    0.779  0.787     14   11   36   
 14 New Brunswick                   13-7    0.778   11.0   0.840  0.715     10   19   37   
 15 Guelph                          13-2    0.756   6.6    0.768  0.745     16   14   48   
 16 Waterloo                        12-6    0.743   5.9    0.755  0.730     18   15   26   

                                           -------Rating----------------  ----Rank----            
Rank Team                            W-L     KRS    SRS    S-Ix   WRS       S    W    SOS
========================================================================================
 17 Trinity Western                 11-6    0.741   6.5    0.765  0.717     17   18   14   
 18 UPEI                             9-8    0.740   5.8    0.753  0.726     19   16   4    
 19 Laval                           11-5    0.728   4.6    0.734  0.722     21   17   42   
 20 Memorial                        10-5    0.719   5.3    0.745  0.693     20   20   34   
 21 UQAM                             7-5    0.706   4.0    0.724  0.688     23   21   20   
 22 Brit Columbia                   10-9    0.692   6.9    0.772  0.613     15   24   13   
 23 Victoria                         8-11   0.680   4.2    0.728  0.631     22   23   1    
 24 Cape Breton                     10-8    0.642   -0.4   0.651  0.632     28   22   21   
 25 Western ON                      10-7    0.634   1.9    0.689  0.578     26   26   45   
 26 Mt Royal                         9-9    0.622   -0.7   0.646  0.597     29   25   10   
 27 Univ Lethbridge                  8-10   0.611   3.9    0.722  0.500     24   27   32   
 28 Toronto                          7-12   0.570   3.1    0.708  0.431     25   32   29   
 29 York ON                          5-8    0.566   0.6    0.667  0.465     27   31   16   
 30 UBC-Okanagan                     7-13   0.546   -2.3   0.619  0.473     31   29   7    
 31 Brock                            6-8    0.537   -3.6   0.599  0.475     32   28   27   
 32 Windsor                          8-10   0.526   -4.4   0.585  0.468     33   30   41   

                                           -------Rating----------------  ----Rank----            
Rank Team                            W-L     KRS    SRS    S-Ix   WRS       S    W    SOS
========================================================================================
 33 Northern BC                      5-13   0.519   -1.7   0.630  0.408     30   33   2    
 34 Laurentian                       8-10   0.481   -4.9   0.577  0.384     34   34   46   
 35 Grant MacEwan                    5-13   0.425   -7.4   0.535  0.316     36   35   30   
 36 Manitoba                         4-14   0.424   -7.0   0.542  0.306     35   37   11   
 37 Laurier                          6-14   0.403   -7.5   0.534  0.272     37   40   43   
 38 Concordia QC                     3-11   0.387   -11.7  0.464  0.310     39   36   15   
 39 Saskatchewan                     3-12   0.372   -13.0  0.442  0.302     41   38   18   
 40 Thompson Riv                     5-13   0.365   -11.1  0.473  0.257     38   42   39   
 41 Dalhousie                        2-13   0.350   -12.9  0.444  0.257     40   41   5    
 42 Nipissing                        3-10   0.346   -15.0  0.409  0.284     43   39   35   
 43 McGill                           2-13   0.306   -13.5  0.433  0.178     42   45   23   
 44 Ontario Tech                     3-14   0.268   -20.7  0.314  0.222     45   44   25   
 45 Brandon                          3-14   0.263   -21.9  0.295  0.230     46   43   12   
 46 St Mary's NS                     1-13   0.204   -23.1  0.274  0.134     47   46   8    
 47 Lakehead                         1-14   0.200   -20.6  0.316  0.084     44   47   38   
 48 Algoma                           0-17   0.000   -39.7  0.000  0.000     48   48   31   
</div></pre>
</div>
<div class="tabbertab" title="SOS">
<pre><div id=data>

                                           -------Rating----------------  ----Rank----            
Rank Team                            W-L     KRS    SRS    S-Ix   WRS       S    W    SOS
========================================================================================
  1 Victoria                         8-11   0.680   4.2    0.728  0.631     22   23   1    
  2 Northern BC                      5-13   0.519   -1.7   0.630  0.408     30   33   2    
  3 Calgary                         14-6    0.844   12.0   0.857  0.832     9    8    3    
  4 UPEI                             9-8    0.740   5.8    0.753  0.726     19   16   4    
  5 Dalhousie                        2-13   0.350   -12.9  0.444  0.257     40   41   5    
  6 St Fran Xavier                  10-5    0.798   8.5    0.799  0.797     13   10   6    
  7 UBC-Okanagan                     7-13   0.546   -2.3   0.619  0.473     31   29   7    
  8 St Mary's NS                     1-13   0.204   -23.1  0.274  0.134     47   46   8    
  9 Alberta                         12-6    0.842   14.4   0.897  0.787     6    12   9    
 10 Mt Royal                         9-9    0.622   -0.7   0.646  0.597     29   25   10   
 11 Manitoba                         4-14   0.424   -7.0   0.542  0.306     35   37   11   
 12 Brandon                          3-14   0.263   -21.9  0.295  0.230     46   43   12   
 13 Brit Columbia                   10-9    0.692   6.9    0.772  0.613     15   24   13   
 14 Trinity Western                 11-6    0.741   6.5    0.765  0.717     17   18   14   
 15 Concordia QC                     3-11   0.387   -11.7  0.464  0.310     39   36   15   
 16 York ON                          5-8    0.566   0.6    0.667  0.465     27   31   16   

                                           -------Rating----------------  ----Rank----            
Rank Team                            W-L     KRS    SRS    S-Ix   WRS       S    W    SOS
========================================================================================
 17 Regina                          18-2    0.966   18.2   0.959  0.974     2    2    17   
 18 Saskatchewan                     3-12   0.372   -13.0  0.442  0.302     41   38   18   
 19 Acadia                          13-2    0.957   15.4   0.913  1.000     5    1    19   
 20 UQAM                             7-5    0.706   4.0    0.724  0.688     23   21   20   
 21 Cape Breton                     10-8    0.642   -0.4   0.651  0.632     28   22   21   
 22 Queen's ON                      15-3    0.900   12.3   0.861  0.939     8    5    22   
 23 McGill                           2-13   0.306   -13.5  0.433  0.178     42   45   23   
 24 McMaster                        12-5    0.796   9.7    0.819  0.773     11   13   24   
 25 Ontario Tech                     3-14   0.268   -20.7  0.314  0.222     45   44   25   
 26 Waterloo                        12-6    0.743   5.9    0.755  0.730     18   15   26   
 27 Brock                            6-8    0.537   -3.6   0.599  0.475     32   28   27   
 28 Fraser Val                      14-3    0.857   12.9   0.871  0.843     7    6    28   
 29 Toronto                          7-12   0.570   3.1    0.708  0.431     25   32   29   
 30 Grant MacEwan                    5-13   0.425   -7.4   0.535  0.316     36   35   30   
 31 Algoma                           0-17   0.000   -39.7  0.000  0.000     48   48   31   
 32 Univ Lethbridge                  8-10   0.611   3.9    0.722  0.500     24   27   32   

                                           -------Rating----------------  ----Rank----            
Rank Team                            W-L     KRS    SRS    S-Ix   WRS       S    W    SOS
========================================================================================
 33 Bishop's                        15-2    0.936   15.5   0.914  0.957     4    3    33   
 34 Memorial                        10-5    0.719   5.3    0.745  0.693     20   20   34   
 35 Nipissing                        3-10   0.346   -15.0  0.409  0.284     43   39   35   
 36 Carleton ON                     13-5    0.783   7.3    0.779  0.787     14   11   36   
 37 New Brunswick                   13-7    0.778   11.0   0.840  0.715     10   19   37   
 38 Lakehead                         1-14   0.200   -20.6  0.316  0.084     44   47   38   
 39 Thompson Riv                     5-13   0.365   -11.1  0.473  0.257     38   42   39   
 40 Ryerson                         12-3    0.917   20.7   1.000  0.834     1    7    40   
 41 Windsor                          8-10   0.526   -4.4   0.585  0.468     33   30   41   
 42 Laval                           11-5    0.728   4.6    0.734  0.722     21   17   42   
 43 Laurier                          6-14   0.403   -7.5   0.534  0.272     37   40   43   
 44 Ottawa ON                       13-1    0.944   16.9   0.938  0.950     3    4    44   
 45 Western ON                      10-7    0.634   1.9    0.689  0.578     26   26   45   
 46 Laurentian                       8-10   0.481   -4.9   0.577  0.384     34   34   46   
 47 Winnipeg                        13-2    0.814   8.8    0.804  0.825     12   9    47   
 48 Guelph                          13-2    0.756   6.6    0.768  0.745     16   14   48   
</div></pre>
</div>
	</pre>
	</p>
	</span>
</body>
<body>
<h3>Other links</h3>
<h4>Pro</h4>
	<ul>
			<li class="listyle"><a href="https://2skupz.github.io/nflKpi.html"> NFL</a></li>
			<li class="listyle"><a href="https://2skupz.github.io/nbaKpi.html"> NBA</a></li>
			<li class="listyle"><a href="https://2skupz.github.io/nhlKpi.html"> NHL</a></li>
	</ul>
<h4>Football</h4>
	<ul>
			<li class="listyle"><a href="https://2skupz.github.io/fbD1Rankings.html"> Division I</a></li>
			<li class="listyle"><a href="https://2skupz.github.io/fbFBSRankings.html"> Division I - FBS</a></li>
			<li class="listyle"><a href="https://2skupz.github.io/fbFCSRankings.html"> Division I - FCS</a></li>
			<li class="listyle"><a href="https://2skupz.github.io/fbD2Rankings.html"> Division II</a></li>
			<li class="listyle"><a href="https://2skupz.github.io/fbD3Rankings.html"> Division III</a></li>
	</ul>
<h4>Baseball</h4>
	<ul>
			<li class="listyle"><a href="https://2skupz.github.io/mlbPlayoffOdds.html"> MLB Playoff Odds</a></li>
			<li class="listyle"><a href="https://2skupz.github.io/baseD1Rankings.html"> Division 1</a></li>
			<li class="listyle"><a href="https://2skupz.github.io/baseD1Rankings.html"> Division 2</a></li>
			<li class="listyle"><a href="https://2skupz.github.io/baseD1Rankings.html"> Division 3</a></li>
	</ul>
<h4>Men's College Basketball</h4>
	<ul>
			<li class="listyle"><a href="https://2skupz.github.io/d1MbbRankings.html"> Division 1</a></li>
			<li class="listyle"><a href="https://2skupz.github.io/d2MbbRankings.html"> Division 2</a></li>
			<li class="listyle"><a href="https://2skupz.github.io/d3MbbRankings.html"> Division 3</a></li>
			<li class="listyle"><a href="https://2skupz.github.io/uSportMbbRankings.html"> U Sports</a></li>
	</ul>
<h4>Women's College Basketball</h4>
	<ul>
			<li class="listyle"><a href="https://2skupz.github.io/d1WbbRankings.html"> Division 1</a></li>
			<li class="listyle"><a href="https://2skupz.github.io/d2WbbRankings.html"> Division 2</a></li>
			<li class="listyle"><a href="https://2skupz.github.io/d3WbbRankings.html"> Division 3</a></li>
			<li class="listyle"><a href="https://2skupz.github.io/uSportsWbbRankings.html"> U Sports</a></li>
	</ul>
</body>
