<html>
<head>
<!-- Global Site Tag (gtag.js) - Google Analytics -->
<title>2023 U Sport Women's Baskeball Rankings</title>
<script type="text/javascript" src="tabber.js">
</script>
<link href="https://fonts.googleapis.com/css?family=Roboto+Slab|Droid+Sans+Mono" rel="stylesheet">
<style>
 body {
			font-family: "Roboto Slab", serif;
			font-size: 12px;
			}
#data {
			font-family: "Droid Sans Mono", serif;
			font-size: 13px;
		}
</style>
<link rel="stylesheet" href="tabbedPage.css" TYPE="text/css" MEDIA="screen">
</head>
<body bgcolor=#fbeec1>
<hr>
<table width=100%>
<tr><td align=left>
<h1 align="center">2023 U Sport Women's Baskeball Rankings</h1>
</td>
</tr></table>
<p>
Standings through 02.25.23
<hr>
<center>
<table width=100% border=1><tr>
<td valign=top>
<div class="tabber">
<div class="tabbertab" title="Ken Power Index">
<pre><div id=data>

                                           -------Rating----------------  ----Rank----            
Rank Team                            W-L     KRS    SRS    S-Ix   WRS       S    W    SOS
========================================================================================
  1 Ryerson                         18-3    0.953   23.3   1.000  0.907     1    3    13   
  2 Queen's ON                      21-1    0.919   13.8   0.838  1.000     7    1    35   
  3 Regina                          18-3    0.890   17.0   0.892  0.889     2    4    11   
  4 Ottawa ON                       18-4    0.875   16.8   0.889  0.861     3    5    36   
  5 Carleton ON                     19-3    0.850   11.1   0.792  0.907     11   2    33   
  6 Alberta                         16-5    0.834   16.7   0.887  0.781     4    9    9    
  7 Bishop's                        13-2    0.816   13.3   0.830  0.802     8    7    21   
  8 Calgary                         14-7    0.810   14.5   0.850  0.769     6    11   1    
  9 Acadia                          14-3    0.785   7.2    0.726  0.844     15   6    44   
 10 Fraser Val                      16-8    0.781   15.6   0.869  0.693     5    15   12   
 11 McMaster                        18-5    0.769   9.5    0.765  0.773     13   10   46   
 12 Winnipeg                        18-6    0.763   11.8   0.805  0.721     9    14   22   
 13 Waterloo                        17-5    0.743   5.7    0.701  0.785     17   8    42   
 14 Trinity Western                 14-9    0.732   11.6   0.800  0.663     10   16   3    
 15 St Fran Xavier                  14-4    0.718   4.2    0.676  0.760     21   12   48   
 16 Guelph                          16-6    0.705   3.9    0.670  0.739     22   13   41   

                                           -------Rating----------------  ----Rank----            
Rank Team                            W-L     KRS    SRS    S-Ix   WRS       S    W    SOS
========================================================================================
 17 Brit Columbia                   12-10   0.674   10.0   0.774  0.574     12   21   16   
 18 Toronto                         14-8    0.673   6.2    0.709  0.636     16   17   38   
 19 Laval                            9-6    0.665   8.3    0.744  0.585     14   20   19   
 20 New Brunswick                   10-8    0.631   3.9    0.670  0.593     23   19   40   
 21 UPEI                            11-7    0.616   -0.0   0.604  0.628     27   18   45   
 22 UQAM                             7-6    0.606   4.5    0.681  0.532     20   24   18   
 23 Victoria                        10-13   0.588   5.1    0.690  0.486     18   30   6    
 24 Windsor                         13-10   0.584   -0.1   0.603  0.564     28   22   39   
 25 UBC-Okanagan                    10-11   0.581   2.1    0.640  0.523     24   25   8    
 26 Brock                           12-10   0.554   -2.4   0.564  0.544     30   23   32   
 27 Mt Royal                        11-10   0.553   0.4    0.611  0.495     25   29   15   
 28 Cape Breton                      9-9    0.533   -3.4   0.547  0.518     33   26   43   
 29 Western ON                      11-11   0.531   -3.0   0.554  0.508     31   27   37   
 30 Univ Lethbridge                  7-13   0.525   4.9    0.688  0.363     19   34   14   
 31 Memorial                         9-8    0.511   -4.8   0.523  0.498     34   28   47   
 32 York ON                          8-13   0.494   -0.8   0.591  0.397     29   32   29   

                                           -------Rating----------------  ----Rank----            
Rank Team                            W-L     KRS    SRS    S-Ix   WRS       S    W    SOS
========================================================================================
 33 Northern BC                      8-13   0.487   0.2    0.608  0.367     26   33   17   
 34 Laurentian                       9-13   0.476   -5.7   0.508  0.445     36   31   28   
 35 Manitoba                         7-15   0.426   -3.1   0.552  0.301     32   37   20   
 36 Laurier                          7-15   0.386   -9.1   0.449  0.323     39   35   34   
 37 Concordia QC                     4-11   0.385   -7.0   0.485  0.284     37   38   7    
 38 McGill                           3-12   0.375   -5.1   0.518  0.231     35   39   10   
 39 Nipissing                        6-16   0.356   -11.7  0.407  0.306     40   36   26   
 40 Grant MacEwan                    2-18   0.301   -7.9   0.470  0.132     38   43   5    
 41 Thompson Riv                     4-18   0.281   -12.7  0.388  0.174     41   41   31   
 42 Saskatchewan                     3-15   0.247   -18.3  0.295  0.200     42   40   30   
 43 Ontario Tech                     3-19   0.217   -19.9  0.267  0.167     43   42   23   
 44 Lakehead                         3-19   0.187   -21.1  0.246  0.128     45   44   27   
 45 Brandon                          1-19   0.175   -20.5  0.256  0.093     44   46   2    
 46 Dalhousie                        1-18   0.146   -24.5  0.188  0.104     46   45   25   
 47 St Mary's NS                     2-19   0.126   -24.9  0.183  0.070     47   47   4    
 48 Algoma                           0-23   0.000   -35.6  0.000  0.000     48   48   24   
</div></pre>
</div>
<div class="tabbertab" title="Points Based">
<pre><div id=data>

                                           -------Rating----------------  ----Rank----            
Rank Team                            W-L     KRS    SRS    S-Ix   WRS       S    W    SOS
========================================================================================
  1 Ryerson                         18-3    0.953   23.3   1.000  0.907     1    3    13   
  2 Regina                          18-3    0.890   17.0   0.892  0.889     2    4    11   
  3 Ottawa ON                       18-4    0.875   16.8   0.889  0.861     3    5    36   
  4 Alberta                         16-5    0.834   16.7   0.887  0.781     4    9    9    
  5 Fraser Val                      16-8    0.781   15.6   0.869  0.693     5    15   12   
  6 Calgary                         14-7    0.810   14.5   0.850  0.769     6    11   1    
  7 Queen's ON                      21-1    0.919   13.8   0.838  1.000     7    1    35   
  8 Bishop's                        13-2    0.816   13.3   0.830  0.802     8    7    21   
  9 Winnipeg                        18-6    0.763   11.8   0.805  0.721     9    14   22   
 10 Trinity Western                 14-9    0.732   11.6   0.800  0.663     10   16   3    
 11 Carleton ON                     19-3    0.850   11.1   0.792  0.907     11   2    33   
 12 Brit Columbia                   12-10   0.674   10.0   0.774  0.574     12   21   16   
 13 McMaster                        18-5    0.769   9.5    0.765  0.773     13   10   46   
 14 Laval                            9-6    0.665   8.3    0.744  0.585     14   20   19   
 15 Acadia                          14-3    0.785   7.2    0.726  0.844     15   6    44   
 16 Toronto                         14-8    0.673   6.2    0.709  0.636     16   17   38   

                                           -------Rating----------------  ----Rank----            
Rank Team                            W-L     KRS    SRS    S-Ix   WRS       S    W    SOS
========================================================================================
 17 Waterloo                        17-5    0.743   5.7    0.701  0.785     17   8    42   
 18 Victoria                        10-13   0.588   5.1    0.690  0.486     18   30   6    
 19 Univ Lethbridge                  7-13   0.525   4.9    0.688  0.363     19   34   14   
 20 UQAM                             7-6    0.606   4.5    0.681  0.532     20   24   18   
 21 St Fran Xavier                  14-4    0.718   4.2    0.676  0.760     21   12   48   
 22 Guelph                          16-6    0.705   3.9    0.670  0.739     22   13   41   
 23 New Brunswick                   10-8    0.631   3.9    0.670  0.593     23   19   40   
 24 UBC-Okanagan                    10-11   0.581   2.1    0.640  0.523     24   25   8    
 25 Mt Royal                        11-10   0.553   0.4    0.611  0.495     25   29   15   
 26 Northern BC                      8-13   0.487   0.2    0.608  0.367     26   33   17   
 27 UPEI                            11-7    0.616   -0.0   0.604  0.628     27   18   45   
 28 Windsor                         13-10   0.584   -0.1   0.603  0.564     28   22   39   
 29 York ON                          8-13   0.494   -0.8   0.591  0.397     29   32   29   
 30 Brock                           12-10   0.554   -2.4   0.564  0.544     30   23   32   
 31 Western ON                      11-11   0.531   -3.0   0.554  0.508     31   27   37   
 32 Manitoba                         7-15   0.426   -3.1   0.552  0.301     32   37   20   

                                           -------Rating----------------  ----Rank----            
Rank Team                            W-L     KRS    SRS    S-Ix   WRS       S    W    SOS
========================================================================================
 33 Cape Breton                      9-9    0.533   -3.4   0.547  0.518     33   26   43   
 34 Memorial                         9-8    0.511   -4.8   0.523  0.498     34   28   47   
 35 McGill                           3-12   0.375   -5.1   0.518  0.231     35   39   10   
 36 Laurentian                       9-13   0.476   -5.7   0.508  0.445     36   31   28   
 37 Concordia QC                     4-11   0.385   -7.0   0.485  0.284     37   38   7    
 38 Grant MacEwan                    2-18   0.301   -7.9   0.470  0.132     38   43   5    
 39 Laurier                          7-15   0.386   -9.1   0.449  0.323     39   35   34   
 40 Nipissing                        6-16   0.356   -11.7  0.407  0.306     40   36   26   
 41 Thompson Riv                     4-18   0.281   -12.7  0.388  0.174     41   41   31   
 42 Saskatchewan                     3-15   0.247   -18.3  0.295  0.200     42   40   30   
 43 Ontario Tech                     3-19   0.217   -19.9  0.267  0.167     43   42   23   
 44 Brandon                          1-19   0.175   -20.5  0.256  0.093     44   46   2    
 45 Lakehead                         3-19   0.187   -21.1  0.246  0.128     45   44   27   
 46 Dalhousie                        1-18   0.146   -24.5  0.188  0.104     46   45   25   
 47 St Mary's NS                     2-19   0.126   -24.9  0.183  0.070     47   47   4    
 48 Algoma                           0-23   0.000   -35.6  0.000  0.000     48   48   24   
</div></pre>
</div>
<div class="tabbertab" title="Wins Based">
<pre><div id=data>

                                           -------Rating----------------  ----Rank----            
Rank Team                            W-L     KRS    SRS    S-Ix   WRS       S    W    SOS
========================================================================================
  1 Queen's ON                      21-1    0.919   13.8   0.838  1.000     7    1    35   
  2 Carleton ON                     19-3    0.850   11.1   0.792  0.907     11   2    33   
  3 Ryerson                         18-3    0.953   23.3   1.000  0.907     1    3    13   
  4 Regina                          18-3    0.890   17.0   0.892  0.889     2    4    11   
  5 Ottawa ON                       18-4    0.875   16.8   0.889  0.861     3    5    36   
  6 Acadia                          14-3    0.785   7.2    0.726  0.844     15   6    44   
  7 Bishop's                        13-2    0.816   13.3   0.830  0.802     8    7    21   
  8 Waterloo                        17-5    0.743   5.7    0.701  0.785     17   8    42   
  9 Alberta                         16-5    0.834   16.7   0.887  0.781     4    9    9    
 10 McMaster                        18-5    0.769   9.5    0.765  0.773     13   10   46   
 11 Calgary                         14-7    0.810   14.5   0.850  0.769     6    11   1    
 12 St Fran Xavier                  14-4    0.718   4.2    0.676  0.760     21   12   48   
 13 Guelph                          16-6    0.705   3.9    0.670  0.739     22   13   41   
 14 Winnipeg                        18-6    0.763   11.8   0.805  0.721     9    14   22   
 15 Fraser Val                      16-8    0.781   15.6   0.869  0.693     5    15   12   
 16 Trinity Western                 14-9    0.732   11.6   0.800  0.663     10   16   3    

                                           -------Rating----------------  ----Rank----            
Rank Team                            W-L     KRS    SRS    S-Ix   WRS       S    W    SOS
========================================================================================
 17 Toronto                         14-8    0.673   6.2    0.709  0.636     16   17   38   
 18 UPEI                            11-7    0.616   -0.0   0.604  0.628     27   18   45   
 19 New Brunswick                   10-8    0.631   3.9    0.670  0.593     23   19   40   
 20 Laval                            9-6    0.665   8.3    0.744  0.585     14   20   19   
 21 Brit Columbia                   12-10   0.674   10.0   0.774  0.574     12   21   16   
 22 Windsor                         13-10   0.584   -0.1   0.603  0.564     28   22   39   
 23 Brock                           12-10   0.554   -2.4   0.564  0.544     30   23   32   
 24 UQAM                             7-6    0.606   4.5    0.681  0.532     20   24   18   
 25 UBC-Okanagan                    10-11   0.581   2.1    0.640  0.523     24   25   8    
 26 Cape Breton                      9-9    0.533   -3.4   0.547  0.518     33   26   43   
 27 Western ON                      11-11   0.531   -3.0   0.554  0.508     31   27   37   
 28 Memorial                         9-8    0.511   -4.8   0.523  0.498     34   28   47   
 29 Mt Royal                        11-10   0.553   0.4    0.611  0.495     25   29   15   
 30 Victoria                        10-13   0.588   5.1    0.690  0.486     18   30   6    
 31 Laurentian                       9-13   0.476   -5.7   0.508  0.445     36   31   28   
 32 York ON                          8-13   0.494   -0.8   0.591  0.397     29   32   29   

                                           -------Rating----------------  ----Rank----            
Rank Team                            W-L     KRS    SRS    S-Ix   WRS       S    W    SOS
========================================================================================
 33 Northern BC                      8-13   0.487   0.2    0.608  0.367     26   33   17   
 34 Univ Lethbridge                  7-13   0.525   4.9    0.688  0.363     19   34   14   
 35 Laurier                          7-15   0.386   -9.1   0.449  0.323     39   35   34   
 36 Nipissing                        6-16   0.356   -11.7  0.407  0.306     40   36   26   
 37 Manitoba                         7-15   0.426   -3.1   0.552  0.301     32   37   20   
 38 Concordia QC                     4-11   0.385   -7.0   0.485  0.284     37   38   7    
 39 McGill                           3-12   0.375   -5.1   0.518  0.231     35   39   10   
 40 Saskatchewan                     3-15   0.247   -18.3  0.295  0.200     42   40   30   
 41 Thompson Riv                     4-18   0.281   -12.7  0.388  0.174     41   41   31   
 42 Ontario Tech                     3-19   0.217   -19.9  0.267  0.167     43   42   23   
 43 Grant MacEwan                    2-18   0.301   -7.9   0.470  0.132     38   43   5    
 44 Lakehead                         3-19   0.187   -21.1  0.246  0.128     45   44   27   
 45 Dalhousie                        1-18   0.146   -24.5  0.188  0.104     46   45   25   
 46 Brandon                          1-19   0.175   -20.5  0.256  0.093     44   46   2    
 47 St Mary's NS                     2-19   0.126   -24.9  0.183  0.070     47   47   4    
 48 Algoma                           0-23   0.000   -35.6  0.000  0.000     48   48   24   
</div></pre>
</div>
<div class="tabbertab" title="BCS">
<pre><div id=data>

                                           -------Rating----------------  ----Rank----            
Rank Team                            W-L     KRS    SRS    S-Ix   WRS       S    W    SOS
========================================================================================
  1 Ryerson                         18-3    0.953   23.3   1.000  0.907     1    3    13   
  2 Queen's ON                      21-1    0.919   13.8   0.838  1.000     7    1    35   
  3 Regina                          18-3    0.890   17.0   0.892  0.889     2    4    11   
  4 Ottawa ON                       18-4    0.875   16.8   0.889  0.861     3    5    36   
  5 Carleton ON                     19-3    0.850   11.1   0.792  0.907     11   2    33   
  6 Alberta                         16-5    0.834   16.7   0.887  0.781     4    9    9    
  7 Bishop's                        13-2    0.816   13.3   0.830  0.802     8    7    21   
  8 Calgary                         14-7    0.810   14.5   0.850  0.769     6    11   1    
  9 Acadia                          14-3    0.785   7.2    0.726  0.844     15   6    44   
 10 Fraser Val                      16-8    0.781   15.6   0.869  0.693     5    15   12   
 11 McMaster                        18-5    0.769   9.5    0.765  0.773     13   10   46   
 12 Winnipeg                        18-6    0.763   11.8   0.805  0.721     9    14   22   
 13 Waterloo                        17-5    0.743   5.7    0.701  0.785     17   8    42   
 14 Trinity Western                 14-9    0.732   11.6   0.800  0.663     10   16   3    
 15 St Fran Xavier                  14-4    0.718   4.2    0.676  0.760     21   12   48   
 16 Guelph                          16-6    0.705   3.9    0.670  0.739     22   13   41   

                                           -------Rating----------------  ----Rank----            
Rank Team                            W-L     KRS    SRS    S-Ix   WRS       S    W    SOS
========================================================================================
 17 Brit Columbia                   12-10   0.674   10.0   0.774  0.574     12   21   16   
 18 Toronto                         14-8    0.673   6.2    0.709  0.636     16   17   38   
 19 Laval                            9-6    0.665   8.3    0.744  0.585     14   20   19   
 20 New Brunswick                   10-8    0.631   3.9    0.670  0.593     23   19   40   
 21 UPEI                            11-7    0.616   -0.0   0.604  0.628     27   18   45   
 22 UQAM                             7-6    0.606   4.5    0.681  0.532     20   24   18   
 23 Victoria                        10-13   0.588   5.1    0.690  0.486     18   30   6    
 24 Windsor                         13-10   0.584   -0.1   0.603  0.564     28   22   39   
 25 UBC-Okanagan                    10-11   0.581   2.1    0.640  0.523     24   25   8    
 26 Brock                           12-10   0.554   -2.4   0.564  0.544     30   23   32   
 27 Mt Royal                        11-10   0.553   0.4    0.611  0.495     25   29   15   
 28 Cape Breton                      9-9    0.533   -3.4   0.547  0.518     33   26   43   
 29 Western ON                      11-11   0.531   -3.0   0.554  0.508     31   27   37   
 30 Univ Lethbridge                  7-13   0.525   4.9    0.688  0.363     19   34   14   
 31 Memorial                         9-8    0.511   -4.8   0.523  0.498     34   28   47   
 32 York ON                          8-13   0.494   -0.8   0.591  0.397     29   32   29   

                                           -------Rating----------------  ----Rank----            
Rank Team                            W-L     KRS    SRS    S-Ix   WRS       S    W    SOS
========================================================================================
 33 Northern BC                      8-13   0.487   0.2    0.608  0.367     26   33   17   
 34 Laurentian                       9-13   0.476   -5.7   0.508  0.445     36   31   28   
 35 Manitoba                         7-15   0.426   -3.1   0.552  0.301     32   37   20   
 36 Laurier                          7-15   0.386   -9.1   0.449  0.323     39   35   34   
 37 Concordia QC                     4-11   0.385   -7.0   0.485  0.284     37   38   7    
 38 McGill                           3-12   0.375   -5.1   0.518  0.231     35   39   10   
 39 Nipissing                        6-16   0.356   -11.7  0.407  0.306     40   36   26   
 40 Grant MacEwan                    2-18   0.301   -7.9   0.470  0.132     38   43   5    
 41 Thompson Riv                     4-18   0.281   -12.7  0.388  0.174     41   41   31   
 42 Saskatchewan                     3-15   0.247   -18.3  0.295  0.200     42   40   30   
 43 Ontario Tech                     3-19   0.217   -19.9  0.267  0.167     43   42   23   
 44 Lakehead                         3-19   0.187   -21.1  0.246  0.128     45   44   27   
 45 Brandon                          1-19   0.175   -20.5  0.256  0.093     44   46   2    
 46 Dalhousie                        1-18   0.146   -24.5  0.188  0.104     46   45   25   
 47 St Mary's NS                     2-19   0.126   -24.9  0.183  0.070     47   47   4    
 48 Algoma                           0-23   0.000   -35.6  0.000  0.000     48   48   24   
</div></pre>
</div>
<div class="tabbertab" title="SOS">
<pre><div id=data>

                                           -------Rating----------------  ----Rank----            
Rank Team                            W-L     KRS    SRS    S-Ix   WRS       S    W    SOS
========================================================================================
  1 Calgary                         14-7    0.810   14.5   0.850  0.769     6    11   1    
  2 Brandon                          1-19   0.175   -20.5  0.256  0.093     44   46   2    
  3 Trinity Western                 14-9    0.732   11.6   0.800  0.663     10   16   3    
  4 St Mary's NS                     2-19   0.126   -24.9  0.183  0.070     47   47   4    
  5 Grant MacEwan                    2-18   0.301   -7.9   0.470  0.132     38   43   5    
  6 Victoria                        10-13   0.588   5.1    0.690  0.486     18   30   6    
  7 Concordia QC                     4-11   0.385   -7.0   0.485  0.284     37   38   7    
  8 UBC-Okanagan                    10-11   0.581   2.1    0.640  0.523     24   25   8    
  9 Alberta                         16-5    0.834   16.7   0.887  0.781     4    9    9    
 10 McGill                           3-12   0.375   -5.1   0.518  0.231     35   39   10   
 11 Regina                          18-3    0.890   17.0   0.892  0.889     2    4    11   
 12 Fraser Val                      16-8    0.781   15.6   0.869  0.693     5    15   12   
 13 Ryerson                         18-3    0.953   23.3   1.000  0.907     1    3    13   
 14 Univ Lethbridge                  7-13   0.525   4.9    0.688  0.363     19   34   14   
 15 Mt Royal                        11-10   0.553   0.4    0.611  0.495     25   29   15   
 16 Brit Columbia                   12-10   0.674   10.0   0.774  0.574     12   21   16   

                                           -------Rating----------------  ----Rank----            
Rank Team                            W-L     KRS    SRS    S-Ix   WRS       S    W    SOS
========================================================================================
 17 Northern BC                      8-13   0.487   0.2    0.608  0.367     26   33   17   
 18 UQAM                             7-6    0.606   4.5    0.681  0.532     20   24   18   
 19 Laval                            9-6    0.665   8.3    0.744  0.585     14   20   19   
 20 Manitoba                         7-15   0.426   -3.1   0.552  0.301     32   37   20   
 21 Bishop's                        13-2    0.816   13.3   0.830  0.802     8    7    21   
 22 Winnipeg                        18-6    0.763   11.8   0.805  0.721     9    14   22   
 23 Ontario Tech                     3-19   0.217   -19.9  0.267  0.167     43   42   23   
 24 Algoma                           0-23   0.000   -35.6  0.000  0.000     48   48   24   
 25 Dalhousie                        1-18   0.146   -24.5  0.188  0.104     46   45   25   
 26 Nipissing                        6-16   0.356   -11.7  0.407  0.306     40   36   26   
 27 Lakehead                         3-19   0.187   -21.1  0.246  0.128     45   44   27   
 28 Laurentian                       9-13   0.476   -5.7   0.508  0.445     36   31   28   
 29 York ON                          8-13   0.494   -0.8   0.591  0.397     29   32   29   
 30 Saskatchewan                     3-15   0.247   -18.3  0.295  0.200     42   40   30   
 31 Thompson Riv                     4-18   0.281   -12.7  0.388  0.174     41   41   31   
 32 Brock                           12-10   0.554   -2.4   0.564  0.544     30   23   32   

                                           -------Rating----------------  ----Rank----            
Rank Team                            W-L     KRS    SRS    S-Ix   WRS       S    W    SOS
========================================================================================
 33 Carleton ON                     19-3    0.850   11.1   0.792  0.907     11   2    33   
 34 Laurier                          7-15   0.386   -9.1   0.449  0.323     39   35   34   
 35 Queen's ON                      21-1    0.919   13.8   0.838  1.000     7    1    35   
 36 Ottawa ON                       18-4    0.875   16.8   0.889  0.861     3    5    36   
 37 Western ON                      11-11   0.531   -3.0   0.554  0.508     31   27   37   
 38 Toronto                         14-8    0.673   6.2    0.709  0.636     16   17   38   
 39 Windsor                         13-10   0.584   -0.1   0.603  0.564     28   22   39   
 40 New Brunswick                   10-8    0.631   3.9    0.670  0.593     23   19   40   
 41 Guelph                          16-6    0.705   3.9    0.670  0.739     22   13   41   
 42 Waterloo                        17-5    0.743   5.7    0.701  0.785     17   8    42   
 43 Cape Breton                      9-9    0.533   -3.4   0.547  0.518     33   26   43   
 44 Acadia                          14-3    0.785   7.2    0.726  0.844     15   6    44   
 45 UPEI                            11-7    0.616   -0.0   0.604  0.628     27   18   45   
 46 McMaster                        18-5    0.769   9.5    0.765  0.773     13   10   46   
 47 Memorial                         9-8    0.511   -4.8   0.523  0.498     34   28   47   
 48 St Fran Xavier                  14-4    0.718   4.2    0.676  0.760     21   12   48   
</div></pre>
</div>
	</pre>
	</p>
	</span>
</body>
<body>
<h3>Other links</h3>
<h4>Home</h4>
	<ul>
			<li class="listyle"><a href="https://2skupz.github.io/index.html"> Index</a></li>
	</ul>
</body>
