<html>
<head>
<!-- Global Site Tag (gtag.js) - Google Analytics -->
<title>2024 U Sport Men's Basketball Rankings</title>
<script type="text/javascript" src="tabber.js">
</script>
<link href="https://fonts.googleapis.com/css?family=Roboto+Slab|Droid+Sans+Mono" rel="stylesheet">
<style>
 body {
			font-family: "Roboto Slab", serif;
			font-size: 12px;
			}
#data {
			font-family: "Droid Sans Mono", serif;
			font-size: 13px;
		}
</style>
<link rel="stylesheet" href="tabbedPage.css" TYPE="text/css" MEDIA="screen">
</head>
<body bgcolor=#fbeec1>
<hr>
<table width=100%>
<tr><td align=left>
<h1 align="center">2024 U Sport Men's Basketball Rankings</h1>
</td>
</tr></table>
<p>
Standings through 11.23.23
<hr>
<center>
<table width=100% border=1><tr>
<td valign=top>
<div class="tabber">
<div class="tabbertab" title="Ken Power Index">
<pre><div id=data>

                                           -------Rating----------------  ----Rank----            
Rank Team                            W-L     KRS    SRS    S-Ix   WRS       S    W    SOS
========================================================================================
  1 Ottawa ON                        9-0    1.000   19.24  1.000  1.000     1    1    16   
  2 Victoria                         9-1    0.983   19.09  0.996  0.969     2    2    5    
  3 Toronto Met                      9-2    0.810   9.38   0.760  0.859     6    3    17   
  4 Queen's ON                      10-3    0.797   13.51  0.861  0.733     3    9    46   
  5 Brit Columbia                    8-2    0.788   11.62  0.815  0.761     4    7    35   
  6 Winnipeg                        10-3    0.785   11.37  0.809  0.761     5    6    31   
  7 Laurier                          8-2    0.749   9.21   0.756  0.741     7    8    48   
  8 Carleton ON                      9-3    0.744   5.95   0.677  0.811     11   4    4    
  9 St Fran Xavier                   9-4    0.732   8.97   0.750  0.715     8    10   18   
 10 Manitoba                         8-3    0.725   5.40   0.663  0.787     14   5    28   
 11 Western ON                       8-3    0.719   7.90   0.724  0.713     9    11   40   
 12 Dalhousie                       12-5    0.678   4.81   0.649  0.706     16   12   33   
 13 Alberta                          6-5    0.670   7.86   0.723  0.617     10   17   30   
 14 Lakehead                         7-6    0.657   4.88   0.651  0.662     15   14   11   
 15 Brock                            7-7    0.637   5.43   0.664  0.610     12   19   3    
 16 UQAM                             7-4    0.622   1.30   0.564  0.680     20   13   13   
 17 New Brunswick                    9-7    0.616   5.43   0.664  0.567     13   24   26   
 18 McMaster                         6-6    0.613   2.43   0.591  0.635     18   15   2    
 19 Toronto                          5-5    0.580   3.03   0.606  0.554     17   26   25   
 20 Calgary                          5-7    0.572   1.48   0.568  0.576     19   22   1    

                                           -------Rating----------------  ----Rank----            
Rank Team                            W-L     KRS    SRS    S-Ix   WRS       S    W    SOS
========================================================================================
 21 Regina                           7-4    0.572   -0.78  0.513  0.631     28   16   37   
 22 Memorial                         8-6    0.569   1.01   0.556  0.582     22   20   14   
 23 Brandon                          6-5    0.569   -0.32  0.524  0.613     27   18   21   
 24 Concordia QC                     8-7    0.561   0.48   0.544  0.578     24   21   20   
 25 Bishop's                         6-6    0.550   0.34   0.540  0.560     25   25   7    
 26 Cape Breton                      7-7    0.547   1.24   0.562  0.532     21   28   23   
 27 Acadia                           8-7    0.536   -1.36  0.499  0.574     29   23   27   
 28 Windsor                          5-8    0.498   -0.01  0.532  0.465     26   31   9    
 29 Trinity Western                  5-4    0.498   -3.58  0.445  0.550     32   27   42   
 30 Saskatchewan                     6-6    0.473   -1.87  0.486  0.459     30   33   36   
 31 Ontario Tech                     6-6    0.464   -3.59  0.445  0.483     33   29   38   
 32 Laval                            4-6    0.458   -2.01  0.483  0.432     31   35   22   
 33 York ON                          5-6    0.457   -3.66  0.443  0.471     34   30   24   
 34 UPEI                             4-10   0.449   0.67   0.548  0.350     23   37   8    
 35 Fraser Val                       6-7    0.423   -3.73  0.441  0.405     35   36   43   
 36 Mt Royal                         6-7    0.414   -6.94  0.363  0.465     39   32   32   
 37 Thompson Riv                     5-7    0.409   -5.99  0.386  0.432     38   34   41   
 38 Guelph                           3-10   0.352   -3.98  0.435  0.268     36   40   34   
 39 Northern BC                      4-8    0.335   -7.38  0.353  0.317     40   39   44   
 40 Univ Lethbridge                  2-9    0.331   -4.92  0.412  0.249     37   41   6    

                                           -------Rating----------------  ----Rank----            
Rank Team                            W-L     KRS    SRS    S-Ix   WRS       S    W    SOS
========================================================================================
 41 St Mary's NS                     4-10   0.312   -10.23 0.283  0.342     43   38   15   
 42 Waterloo                         4-10   0.262   -9.03  0.312  0.211     41   45   45   
 43 Laurentian                       3-8    0.260   -10.20 0.284  0.237     42   43   39   
 44 UBC-Okanagan                     2-10   0.239   -10.93 0.266  0.213     44   44   10   
 45 Nipissing                        2-7    0.204   -15.19 0.163  0.246     45   42   29   
 46 McGill                           1-10   0.146   -16.05 0.142  0.151     46   47   12   
 47 Algoma                           2-11   0.134   -18.42 0.084  0.183     47   46   19   
 48 Grant MacEwan                    0-10   0.000   -21.87 0.000  0.000     48   48   47   
</div></pre>
</div>
<div class="tabbertab" title="Points Based">
<pre><div id=data>

                                           -------Rating----------------  ----Rank----            
Rank Team                            W-L     KRS    SRS    S-Ix   WRS       S    W    SOS
========================================================================================
  1 Ottawa ON                        9-0    1.000   19.24  1.000  1.000     1    1    16   
  2 Victoria                         9-1    0.983   19.09  0.996  0.969     2    2    5    
  3 Queen's ON                      10-3    0.797   13.51  0.861  0.733     3    9    46   
  4 Brit Columbia                    8-2    0.788   11.62  0.815  0.761     4    7    35   
  5 Winnipeg                        10-3    0.785   11.37  0.809  0.761     5    6    31   
  6 Toronto Met                      9-2    0.810   9.38   0.760  0.859     6    3    17   
  7 Laurier                          8-2    0.749   9.21   0.756  0.741     7    8    48   
  8 St Fran Xavier                   9-4    0.732   8.97   0.750  0.715     8    10   18   
  9 Western ON                       8-3    0.719   7.90   0.724  0.713     9    11   40   
 10 Alberta                          6-5    0.670   7.86   0.723  0.617     10   17   30   
 11 Carleton ON                      9-3    0.744   5.95   0.677  0.811     11   4    4    
 12 Brock                            7-7    0.637   5.43   0.664  0.610     12   19   3    
 13 New Brunswick                    9-7    0.616   5.43   0.664  0.567     13   24   26   
 14 Manitoba                         8-3    0.725   5.40   0.663  0.787     14   5    28   
 15 Lakehead                         7-6    0.657   4.88   0.651  0.662     15   14   11   
 16 Dalhousie                       12-5    0.678   4.81   0.649  0.706     16   12   33   
 17 Toronto                          5-5    0.580   3.03   0.606  0.554     17   26   25   
 18 McMaster                         6-6    0.613   2.43   0.591  0.635     18   15   2    
 19 Calgary                          5-7    0.572   1.48   0.568  0.576     19   22   1    
 20 UQAM                             7-4    0.622   1.30   0.564  0.680     20   13   13   

                                           -------Rating----------------  ----Rank----            
Rank Team                            W-L     KRS    SRS    S-Ix   WRS       S    W    SOS
========================================================================================
 21 Cape Breton                      7-7    0.547   1.24   0.562  0.532     21   28   23   
 22 Memorial                         8-6    0.569   1.01   0.556  0.582     22   20   14   
 23 UPEI                             4-10   0.449   0.67   0.548  0.350     23   37   8    
 24 Concordia QC                     8-7    0.561   0.48   0.544  0.578     24   21   20   
 25 Bishop's                         6-6    0.550   0.34   0.540  0.560     25   25   7    
 26 Windsor                          5-8    0.498   -0.01  0.532  0.465     26   31   9    
 27 Brandon                          6-5    0.569   -0.32  0.524  0.613     27   18   21   
 28 Regina                           7-4    0.572   -0.78  0.513  0.631     28   16   37   
 29 Acadia                           8-7    0.536   -1.36  0.499  0.574     29   23   27   
 30 Saskatchewan                     6-6    0.473   -1.87  0.486  0.459     30   33   36   
 31 Laval                            4-6    0.458   -2.01  0.483  0.432     31   35   22   
 32 Trinity Western                  5-4    0.498   -3.58  0.445  0.550     32   27   42   
 33 Ontario Tech                     6-6    0.464   -3.59  0.445  0.483     33   29   38   
 34 York ON                          5-6    0.457   -3.66  0.443  0.471     34   30   24   
 35 Fraser Val                       6-7    0.423   -3.73  0.441  0.405     35   36   43   
 36 Guelph                           3-10   0.352   -3.98  0.435  0.268     36   40   34   
 37 Univ Lethbridge                  2-9    0.331   -4.92  0.412  0.249     37   41   6    
 38 Thompson Riv                     5-7    0.409   -5.99  0.386  0.432     38   34   41   
 39 Mt Royal                         6-7    0.414   -6.94  0.363  0.465     39   32   32   
 40 Northern BC                      4-8    0.335   -7.38  0.353  0.317     40   39   44   

                                           -------Rating----------------  ----Rank----            
Rank Team                            W-L     KRS    SRS    S-Ix   WRS       S    W    SOS
========================================================================================
 41 Waterloo                         4-10   0.262   -9.03  0.312  0.211     41   45   45   
 42 Laurentian                       3-8    0.260   -10.20 0.284  0.237     42   43   39   
 43 St Mary's NS                     4-10   0.312   -10.23 0.283  0.342     43   38   15   
 44 UBC-Okanagan                     2-10   0.239   -10.93 0.266  0.213     44   44   10   
 45 Nipissing                        2-7    0.204   -15.19 0.163  0.246     45   42   29   
 46 McGill                           1-10   0.146   -16.05 0.142  0.151     46   47   12   
 47 Algoma                           2-11   0.134   -18.42 0.084  0.183     47   46   19   
 48 Grant MacEwan                    0-10   0.000   -21.87 0.000  0.000     48   48   47   
</div></pre>
</div>
<div class="tabbertab" title="Wins Based">
<pre><div id=data>

                                           -------Rating----------------  ----Rank----            
Rank Team                            W-L     KRS    SRS    S-Ix   WRS       S    W    SOS
========================================================================================
  1 Ottawa ON                        9-0    1.000   19.24  1.000  1.000     1    1    16   
  2 Victoria                         9-1    0.983   19.09  0.996  0.969     2    2    5    
  3 Toronto Met                      9-2    0.810   9.38   0.760  0.859     6    3    17   
  4 Carleton ON                      9-3    0.744   5.95   0.677  0.811     11   4    4    
  5 Manitoba                         8-3    0.725   5.40   0.663  0.787     14   5    28   
  6 Winnipeg                        10-3    0.785   11.37  0.809  0.761     5    6    31   
  7 Brit Columbia                    8-2    0.788   11.62  0.815  0.761     4    7    35   
  8 Laurier                          8-2    0.749   9.21   0.756  0.741     7    8    48   
  9 Queen's ON                      10-3    0.797   13.51  0.861  0.733     3    9    46   
 10 St Fran Xavier                   9-4    0.732   8.97   0.750  0.715     8    10   18   
 11 Western ON                       8-3    0.719   7.90   0.724  0.713     9    11   40   
 12 Dalhousie                       12-5    0.678   4.81   0.649  0.706     16   12   33   
 13 UQAM                             7-4    0.622   1.30   0.564  0.680     20   13   13   
 14 Lakehead                         7-6    0.657   4.88   0.651  0.662     15   14   11   
 15 McMaster                         6-6    0.613   2.43   0.591  0.635     18   15   2    
 16 Regina                           7-4    0.572   -0.78  0.513  0.631     28   16   37   
 17 Alberta                          6-5    0.670   7.86   0.723  0.617     10   17   30   
 18 Brandon                          6-5    0.569   -0.32  0.524  0.613     27   18   21   
 19 Brock                            7-7    0.637   5.43   0.664  0.610     12   19   3    
 20 Memorial                         8-6    0.569   1.01   0.556  0.582     22   20   14   

                                           -------Rating----------------  ----Rank----            
Rank Team                            W-L     KRS    SRS    S-Ix   WRS       S    W    SOS
========================================================================================
 21 Concordia QC                     8-7    0.561   0.48   0.544  0.578     24   21   20   
 22 Calgary                          5-7    0.572   1.48   0.568  0.576     19   22   1    
 23 Acadia                           8-7    0.536   -1.36  0.499  0.574     29   23   27   
 24 New Brunswick                    9-7    0.616   5.43   0.664  0.567     13   24   26   
 25 Bishop's                         6-6    0.550   0.34   0.540  0.560     25   25   7    
 26 Toronto                          5-5    0.580   3.03   0.606  0.554     17   26   25   
 27 Trinity Western                  5-4    0.498   -3.58  0.445  0.550     32   27   42   
 28 Cape Breton                      7-7    0.547   1.24   0.562  0.532     21   28   23   
 29 Ontario Tech                     6-6    0.464   -3.59  0.445  0.483     33   29   38   
 30 York ON                          5-6    0.457   -3.66  0.443  0.471     34   30   24   
 31 Windsor                          5-8    0.498   -0.01  0.532  0.465     26   31   9    
 32 Mt Royal                         6-7    0.414   -6.94  0.363  0.465     39   32   32   
 33 Saskatchewan                     6-6    0.473   -1.87  0.486  0.459     30   33   36   
 34 Thompson Riv                     5-7    0.409   -5.99  0.386  0.432     38   34   41   
 35 Laval                            4-6    0.458   -2.01  0.483  0.432     31   35   22   
 36 Fraser Val                       6-7    0.423   -3.73  0.441  0.405     35   36   43   
 37 UPEI                             4-10   0.449   0.67   0.548  0.350     23   37   8    
 38 St Mary's NS                     4-10   0.312   -10.23 0.283  0.342     43   38   15   
 39 Northern BC                      4-8    0.335   -7.38  0.353  0.317     40   39   44   
 40 Guelph                           3-10   0.352   -3.98  0.435  0.268     36   40   34   

                                           -------Rating----------------  ----Rank----            
Rank Team                            W-L     KRS    SRS    S-Ix   WRS       S    W    SOS
========================================================================================
 41 Univ Lethbridge                  2-9    0.331   -4.92  0.412  0.249     37   41   6    
 42 Nipissing                        2-7    0.204   -15.19 0.163  0.246     45   42   29   
 43 Laurentian                       3-8    0.260   -10.20 0.284  0.237     42   43   39   
 44 UBC-Okanagan                     2-10   0.239   -10.93 0.266  0.213     44   44   10   
 45 Waterloo                         4-10   0.262   -9.03  0.312  0.211     41   45   45   
 46 Algoma                           2-11   0.134   -18.42 0.084  0.183     47   46   19   
 47 McGill                           1-10   0.146   -16.05 0.142  0.151     46   47   12   
 48 Grant MacEwan                    0-10   0.000   -21.87 0.000  0.000     48   48   47   
</div></pre>
</div>
<div class="tabbertab" title="BCS">
<pre><div id=data>

                                           -------Rating----------------  ----Rank----            
Rank Team                            W-L     KRS    SRS    S-Ix   WRS       S    W    SOS
========================================================================================
  1 Ottawa ON                        9-0    1.000   19.24  1.000  1.000     1    1    16   
  2 Victoria                         9-1    0.983   19.09  0.996  0.969     2    2    5    
  3 Toronto Met                      9-2    0.810   9.38   0.760  0.859     6    3    17   
  4 Queen's ON                      10-3    0.797   13.51  0.861  0.733     3    9    46   
  5 Brit Columbia                    8-2    0.788   11.62  0.815  0.761     4    7    35   
  6 Winnipeg                        10-3    0.785   11.37  0.809  0.761     5    6    31   
  7 Laurier                          8-2    0.749   9.21   0.756  0.741     7    8    48   
  8 Carleton ON                      9-3    0.744   5.95   0.677  0.811     11   4    4    
  9 St Fran Xavier                   9-4    0.732   8.97   0.750  0.715     8    10   18   
 10 Manitoba                         8-3    0.725   5.40   0.663  0.787     14   5    28   
 11 Western ON                       8-3    0.719   7.90   0.724  0.713     9    11   40   
 12 Dalhousie                       12-5    0.678   4.81   0.649  0.706     16   12   33   
 13 Alberta                          6-5    0.670   7.86   0.723  0.617     10   17   30   
 14 Lakehead                         7-6    0.657   4.88   0.651  0.662     15   14   11   
 15 Brock                            7-7    0.637   5.43   0.664  0.610     12   19   3    
 16 UQAM                             7-4    0.622   1.30   0.564  0.680     20   13   13   
 17 New Brunswick                    9-7    0.616   5.43   0.664  0.567     13   24   26   
 18 McMaster                         6-6    0.613   2.43   0.591  0.635     18   15   2    
 19 Toronto                          5-5    0.580   3.03   0.606  0.554     17   26   25   
 20 Calgary                          5-7    0.572   1.48   0.568  0.576     19   22   1    

                                           -------Rating----------------  ----Rank----            
Rank Team                            W-L     KRS    SRS    S-Ix   WRS       S    W    SOS
========================================================================================
 21 Regina                           7-4    0.572   -0.78  0.513  0.631     28   16   37   
 22 Memorial                         8-6    0.569   1.01   0.556  0.582     22   20   14   
 23 Brandon                          6-5    0.569   -0.32  0.524  0.613     27   18   21   
 24 Concordia QC                     8-7    0.561   0.48   0.544  0.578     24   21   20   
 25 Bishop's                         6-6    0.550   0.34   0.540  0.560     25   25   7    
 26 Cape Breton                      7-7    0.547   1.24   0.562  0.532     21   28   23   
 27 Acadia                           8-7    0.536   -1.36  0.499  0.574     29   23   27   
 28 Windsor                          5-8    0.498   -0.01  0.532  0.465     26   31   9    
 29 Trinity Western                  5-4    0.498   -3.58  0.445  0.550     32   27   42   
 30 Saskatchewan                     6-6    0.473   -1.87  0.486  0.459     30   33   36   
 31 Ontario Tech                     6-6    0.464   -3.59  0.445  0.483     33   29   38   
 32 Laval                            4-6    0.458   -2.01  0.483  0.432     31   35   22   
 33 York ON                          5-6    0.457   -3.66  0.443  0.471     34   30   24   
 34 UPEI                             4-10   0.449   0.67   0.548  0.350     23   37   8    
 35 Fraser Val                       6-7    0.423   -3.73  0.441  0.405     35   36   43   
 36 Mt Royal                         6-7    0.414   -6.94  0.363  0.465     39   32   32   
 37 Thompson Riv                     5-7    0.409   -5.99  0.386  0.432     38   34   41   
 38 Guelph                           3-10   0.352   -3.98  0.435  0.268     36   40   34   
 39 Northern BC                      4-8    0.335   -7.38  0.353  0.317     40   39   44   
 40 Univ Lethbridge                  2-9    0.331   -4.92  0.412  0.249     37   41   6    

                                           -------Rating----------------  ----Rank----            
Rank Team                            W-L     KRS    SRS    S-Ix   WRS       S    W    SOS
========================================================================================
 41 St Mary's NS                     4-10   0.312   -10.23 0.283  0.342     43   38   15   
 42 Waterloo                         4-10   0.262   -9.03  0.312  0.211     41   45   45   
 43 Laurentian                       3-8    0.260   -10.20 0.284  0.237     42   43   39   
 44 UBC-Okanagan                     2-10   0.239   -10.93 0.266  0.213     44   44   10   
 45 Nipissing                        2-7    0.204   -15.19 0.163  0.246     45   42   29   
 46 McGill                           1-10   0.146   -16.05 0.142  0.151     46   47   12   
 47 Algoma                           2-11   0.134   -18.42 0.084  0.183     47   46   19   
 48 Grant MacEwan                    0-10   0.000   -21.87 0.000  0.000     48   48   47   
</div></pre>
</div>
<div class="tabbertab" title="SOS">
<pre><div id=data>

                                           -------Rating----------------  ----Rank----            
Rank Team                            W-L     KRS    SRS    S-Ix   WRS       S    W    SOS
========================================================================================
  1 Calgary                          5-7    0.572   1.48   0.568  0.576     19   22   1    
  2 McMaster                         6-6    0.613   2.43   0.591  0.635     18   15   2    
  3 Brock                            7-7    0.637   5.43   0.664  0.610     12   19   3    
  4 Carleton ON                      9-3    0.744   5.95   0.677  0.811     11   4    4    
  5 Victoria                         9-1    0.983   19.09  0.996  0.969     2    2    5    
  6 Univ Lethbridge                  2-9    0.331   -4.92  0.412  0.249     37   41   6    
  7 Bishop's                         6-6    0.550   0.34   0.540  0.560     25   25   7    
  8 UPEI                             4-10   0.449   0.67   0.548  0.350     23   37   8    
  9 Windsor                          5-8    0.498   -0.01  0.532  0.465     26   31   9    
 10 UBC-Okanagan                     2-10   0.239   -10.93 0.266  0.213     44   44   10   
 11 Lakehead                         7-6    0.657   4.88   0.651  0.662     15   14   11   
 12 McGill                           1-10   0.146   -16.05 0.142  0.151     46   47   12   
 13 UQAM                             7-4    0.622   1.30   0.564  0.680     20   13   13   
 14 Memorial                         8-6    0.569   1.01   0.556  0.582     22   20   14   
 15 St Mary's NS                     4-10   0.312   -10.23 0.283  0.342     43   38   15   
 16 Ottawa ON                        9-0    1.000   19.24  1.000  1.000     1    1    16   
 17 Toronto Met                      9-2    0.810   9.38   0.760  0.859     6    3    17   
 18 St Fran Xavier                   9-4    0.732   8.97   0.750  0.715     8    10   18   
 19 Algoma                           2-11   0.134   -18.42 0.084  0.183     47   46   19   
 20 Concordia QC                     8-7    0.561   0.48   0.544  0.578     24   21   20   

                                           -------Rating----------------  ----Rank----            
Rank Team                            W-L     KRS    SRS    S-Ix   WRS       S    W    SOS
========================================================================================
 21 Brandon                          6-5    0.569   -0.32  0.524  0.613     27   18   21   
 22 Laval                            4-6    0.458   -2.01  0.483  0.432     31   35   22   
 23 Cape Breton                      7-7    0.547   1.24   0.562  0.532     21   28   23   
 24 York ON                          5-6    0.457   -3.66  0.443  0.471     34   30   24   
 25 Toronto                          5-5    0.580   3.03   0.606  0.554     17   26   25   
 26 New Brunswick                    9-7    0.616   5.43   0.664  0.567     13   24   26   
 27 Acadia                           8-7    0.536   -1.36  0.499  0.574     29   23   27   
 28 Manitoba                         8-3    0.725   5.40   0.663  0.787     14   5    28   
 29 Nipissing                        2-7    0.204   -15.19 0.163  0.246     45   42   29   
 30 Alberta                          6-5    0.670   7.86   0.723  0.617     10   17   30   
 31 Winnipeg                        10-3    0.785   11.37  0.809  0.761     5    6    31   
 32 Mt Royal                         6-7    0.414   -6.94  0.363  0.465     39   32   32   
 33 Dalhousie                       12-5    0.678   4.81   0.649  0.706     16   12   33   
 34 Guelph                           3-10   0.352   -3.98  0.435  0.268     36   40   34   
 35 Brit Columbia                    8-2    0.788   11.62  0.815  0.761     4    7    35   
 36 Saskatchewan                     6-6    0.473   -1.87  0.486  0.459     30   33   36   
 37 Regina                           7-4    0.572   -0.78  0.513  0.631     28   16   37   
 38 Ontario Tech                     6-6    0.464   -3.59  0.445  0.483     33   29   38   
 39 Laurentian                       3-8    0.260   -10.20 0.284  0.237     42   43   39   
 40 Western ON                       8-3    0.719   7.90   0.724  0.713     9    11   40   

                                           -------Rating----------------  ----Rank----            
Rank Team                            W-L     KRS    SRS    S-Ix   WRS       S    W    SOS
========================================================================================
 41 Thompson Riv                     5-7    0.409   -5.99  0.386  0.432     38   34   41   
 42 Trinity Western                  5-4    0.498   -3.58  0.445  0.550     32   27   42   
 43 Fraser Val                       6-7    0.423   -3.73  0.441  0.405     35   36   43   
 44 Northern BC                      4-8    0.335   -7.38  0.353  0.317     40   39   44   
 45 Waterloo                         4-10   0.262   -9.03  0.312  0.211     41   45   45   
 46 Queen's ON                      10-3    0.797   13.51  0.861  0.733     3    9    46   
 47 Grant MacEwan                    0-10   0.000   -21.87 0.000  0.000     48   48   47   
 48 Laurier                          8-2    0.749   9.21   0.756  0.741     7    8    48   
</div></pre>
</div>
	</pre>
	</p>
	</span>
</body>
<body>
<h3>Other links</h3>
<h4>Home</h4>
	<ul>
			<li class="listyle"><a href="https://2skupz.github.io/index.html"> Index</a></li>
	</ul>
</body>
